round,agent_id,satisfaction,wealth,flood_results,flood_damages,new_measures,measures
0,a1,5,0.0,,0,,
0,a2,5,2000.0,,0,,
0,a3,5,0.0,,0,,
0,a4,5,30000.0,,0,,
0,a5,5,0.0,,0,,
0,a6,5,15000.0,,0,,
0,a7,5,15000.0,,0,,
0,a8,5,80000.0,,0,,
0,a9,5,30000.0,,0,,
0,a10,5,15000.0,,0,,
0,a11,5,2000.0,,0,,
0,a12,5,80000.0,,0,,
0,a13,5,0.0,,0,,
0,a14,5,30000.0,,0,,
0,a15,5,80000.0,,0,,
0,a16,5,2000.0,,0,,
0,a17,5,15000.0,,0,,
0,a18,5,30000.0,,0,,
0,a19,5,2000.0,,0,,
0,a20,5,80000.0,,0,,
0,a21,5,50000.0,,0,,
0,a22,5,15000.0,,0,,
0,a23,5,0.0,,0,,
0,a24,5,80000.0,,0,,
0,a25,5,15000.0,,0,,
0,a26,5,0.0,,0,,
0,a27,5,80000.0,,0,,
0,a28,5,5000.0,,0,,
0,a29,5,0.0,,0,,
0,a30,5,0.0,,0,,
0,a31,5,50000.0,,0,,
0,a32,5,80000.0,,0,,
0,a33,5,50000.0,,0,,
0,a34,5,15000.0,,0,,
0,a35,5,50000.0,,0,,
0,a36,5,80000.0,,0,,
0,a37,5,80000.0,,0,,
0,a38,5,80000.0,,0,,
0,a39,5,30000.0,,0,,
0,a40,5,15000.0,,0,,
0,a41,5,80000.0,,0,,
0,a42,5,15000.0,,0,,
0,a43,5,2000.0,,0,,
0,a44,5,30000.0,,0,,
0,a45,5,5000.0,,0,,
0,a46,5,0.0,,0,,
0,a47,5,30000.0,,0,,
0,a48,5,30000.0,,0,,
0,a49,5,80000.0,,0,,
0,a50,5,15000.0,,0,,
0,a51,5,0.0,,0,,
0,a52,5,50000.0,,0,,
0,a53,5,2000.0,,0,,
0,a54,5,80000.0,,0,,
0,a55,5,0.0,,0,,
0,a56,5,80000.0,,0,,
0,a57,5,0.0,,0,,
0,a58,5,50000.0,,0,,
0,a59,5,50000.0,,0,,
0,a60,5,80000.0,,0,,
0,a61,5,2000.0,,0,,
0,a62,5,0.0,,0,,
0,a63,5,0.0,,0,,
0,a64,5,0.0,,0,,
0,a65,5,15000.0,,0,,
0,a66,5,80000.0,,0,,
0,a67,5,2000.0,,0,,
0,a68,5,80000.0,,0,,
0,a69,5,5000.0,,0,,
0,a70,5,15000.0,,0,,
0,a71,5,50000.0,,0,,
0,a72,5,15000.0,,0,,
0,a73,5,50000.0,,0,,
0,a74,5,0.0,,0,,
0,a75,5,0.0,,0,,
0,a76,5,50000.0,,0,,
0,a77,5,80000.0,,0,,
0,a78,5,50000.0,,0,,
0,a79,5,5000.0,,0,,
0,a80,5,2000.0,,0,,
0,a81,5,5000.0,,0,,
0,a82,5,2000.0,,0,,
0,a83,5,2000.0,,0,,
0,a84,5,30000.0,,0,,
0,a85,5,0.0,,0,,
0,a86,5,30000.0,,0,,
0,a87,5,5000.0,,0,,
0,a88,5,0.0,,0,,
0,a89,5,5000.0,,0,,
0,a90,5,5000.0,,0,,
0,a91,5,50000.0,,0,,
0,a92,5,50000.0,,0,,
0,a93,5,0.0,,0,,
0,a94,5,2000.0,,0,,
0,a95,5,15000.0,,0,,
0,a96,5,30000.0,,0,,
0,a97,5,30000.0,,0,,
0,a98,5,80000.0,,0,,
0,a99,5,30000.0,,0,,
0,a100,5,50000.0,,0,,
0,a101,5,0.0,,0,,
0,a102,5,30000.0,,0,,
0,a103,5,30000.0,,0,,
0,a104,5,80000.0,,0,,
0,a105,5,30000.0,,0,,
0,a106,5,15000.0,,0,,
0,a107,5,0.0,,0,,
0,a108,5,5000.0,,0,,
0,a109,5,50000.0,,0,,
0,a110,5,50000.0,,0,,
0,a111,5,0.0,,0,,
0,a112,5,50000.0,,0,,
0,a113,5,2000.0,,0,,
0,a114,5,5000.0,,0,,
0,a115,5,80000.0,,0,,
0,a116,5,50000.0,,0,,
0,a117,5,5000.0,,0,,
0,a118,5,2000.0,,0,,
0,a119,5,80000.0,,0,,
0,a120,5,5000.0,,0,,
0,a121,5,2000.0,,0,,
0,a122,5,2000.0,,0,,
0,a123,5,5000.0,,0,,
0,a124,5,15000.0,,0,,
0,a125,5,0.0,,0,,
0,a126,5,15000.0,,0,,
0,a127,5,15000.0,,0,,
0,a128,5,30000.0,,0,,
0,a129,5,80000.0,,0,,
0,a130,5,2000.0,,0,,
0,a131,5,50000.0,,0,,
0,a132,5,30000.0,,0,,
0,a133,5,30000.0,,0,,
0,a134,5,5000.0,,0,,
0,a135,5,50000.0,,0,,
0,a136,5,2000.0,,0,,
0,a137,5,80000.0,,0,,
0,a138,5,50000.0,,0,,
0,a139,5,80000.0,,0,,
0,a140,5,80000.0,,0,,
0,a141,5,50000.0,,0,,
0,a142,5,15000.0,,0,,
0,a143,5,50000.0,,0,,
0,a144,5,30000.0,,0,,
0,a145,5,0.0,,0,,
0,a146,5,5000.0,,0,,
0,a147,5,30000.0,,0,,
0,a148,5,50000.0,,0,,
0,a149,5,2000.0,,0,,
0,a150,5,50000.0,,0,,
0,a151,5,5000.0,,0,,
0,a152,5,5000.0,,0,,
0,a153,5,50000.0,,0,,
0,a154,5,15000.0,,0,,
0,a155,5,0.0,,0,,
0,a156,5,30000.0,,0,,
0,a157,5,50000.0,,0,,
0,a158,5,0.0,,0,,
0,a159,5,2000.0,,0,,
0,a160,5,50000.0,,0,,
0,a161,5,50000.0,,0,,
0,a162,5,2000.0,,0,,
0,a163,5,30000.0,,0,,
0,a164,5,80000.0,,0,,
0,a165,5,5000.0,,0,,
0,a166,5,15000.0,,0,,
0,a167,5,50000.0,,0,,
0,a168,5,15000.0,,0,,
0,a169,5,80000.0,,0,,
0,a170,5,5000.0,,0,,
0,a171,5,15000.0,,0,,
0,a172,5,80000.0,,0,,
0,a173,5,50000.0,,0,,
0,a174,5,50000.0,,0,,
0,a175,5,15000.0,,0,,
0,a176,5,15000.0,,0,,
0,a177,5,0.0,,0,,
0,a178,5,5000.0,,0,,
0,a179,5,80000.0,,0,,
0,a180,5,80000.0,,0,,
0,a181,5,30000.0,,0,,
0,a182,5,15000.0,,0,,
0,a183,5,0.0,,0,,
0,a184,5,30000.0,,0,,
0,a185,5,50000.0,,0,,
0,a186,5,50000.0,,0,,
0,a187,5,50000.0,,0,,
0,a188,5,5000.0,,0,,
0,a189,5,2000.0,,0,,
0,a190,5,15000.0,,0,,
0,a191,5,30000.0,,0,,
0,a192,5,2000.0,,0,,
0,a193,5,80000.0,,0,,
0,a194,5,15000.0,,0,,
0,a195,5,50000.0,,0,,
0,a196,5,15000.0,,0,,
0,a197,5,5000.0,,0,,
0,a198,5,0.0,,0,,
0,a199,5,15000.0,,0,,
0,a200,5,2000.0,,0,,
0,a201,5,0.0,,0,,
0,a202,5,2000.0,,0,,
0,a203,5,50000.0,,0,,
0,a204,5,80000.0,,0,,
0,a205,5,2000.0,,0,,
0,a206,5,5000.0,,0,,
0,a207,5,30000.0,,0,,
0,a208,5,5000.0,,0,,
0,a209,5,5000.0,,0,,
0,a210,5,0.0,,0,,
0,a211,5,5000.0,,0,,
0,a212,5,30000.0,,0,,
0,a213,5,50000.0,,0,,
0,a214,5,0.0,,0,,
0,a215,5,2000.0,,0,,
0,a216,5,80000.0,,0,,
0,a217,5,15000.0,,0,,
0,a218,5,50000.0,,0,,
0,a219,5,5000.0,,0,,
0,a220,5,50000.0,,0,,
0,a221,5,5000.0,,0,,
0,a222,5,5000.0,,0,,
0,a223,5,0.0,,0,,
0,a224,5,50000.0,,0,,
0,a225,5,5000.0,,0,,
0,a226,5,2000.0,,0,,
0,a227,5,50000.0,,0,,
0,a228,5,0.0,,0,,
0,a229,5,0.0,,0,,
0,a230,5,2000.0,,0,,
0,a231,5,0.0,,0,,
0,a232,5,80000.0,,0,,
0,a233,5,0.0,,0,,
0,a234,5,2000.0,,0,,
0,a235,5,80000.0,,0,,
0,a236,5,30000.0,,0,,
0,a237,5,15000.0,,0,,
0,a238,5,0.0,,0,,
0,a239,5,15000.0,,0,,
0,a240,5,80000.0,,0,,
0,a241,5,5000.0,,0,,
0,a242,5,50000.0,,0,,
0,a243,5,2000.0,,0,,
0,a244,5,80000.0,,0,,
0,a245,5,15000.0,,0,,
0,a246,5,0.0,,0,,
0,a247,5,30000.0,,0,,
0,a248,5,5000.0,,0,,
0,a249,5,15000.0,,0,,
0,a250,5,30000.0,,0,,
0,a251,5,0.0,,0,,
0,a252,5,5000.0,,0,,
0,a253,5,30000.0,,0,,
0,a254,5,30000.0,,0,,
0,a255,5,80000.0,,0,,
0,a256,5,50000.0,,0,,
0,a257,5,5000.0,,0,,
0,a258,5,80000.0,,0,,
0,a259,5,80000.0,,0,,
0,a260,5,0.0,,0,,
0,a261,5,5000.0,,0,,
0,a262,5,15000.0,,0,,
0,a263,5,50000.0,,0,,
0,a264,5,15000.0,,0,,
0,a265,5,80000.0,,0,,
0,a266,5,2000.0,,0,,
0,a267,5,30000.0,,0,,
0,a268,5,5000.0,,0,,
0,a269,5,50000.0,,0,,
0,a270,5,30000.0,,0,,
0,a271,5,50000.0,,0,,
0,a272,5,80000.0,,0,,
0,a273,5,30000.0,,0,,
0,a274,5,15000.0,,0,,
0,a275,5,0.0,,0,,
0,a276,5,30000.0,,0,,
0,a277,5,0.0,,0,,
0,a278,5,15000.0,,0,,
0,a279,5,30000.0,,0,,
0,a280,5,50000.0,,0,,
0,a281,5,30000.0,,0,,
0,a282,5,15000.0,,0,,
0,a283,5,2000.0,,0,,
0,a284,5,30000.0,,0,,
0,a285,5,50000.0,,0,,
0,a286,5,15000.0,,0,,
0,a287,5,2000.0,,0,,
0,a288,5,5000.0,,0,,
0,a289,5,30000.0,,0,,
0,a290,5,50000.0,,0,,
0,a291,5,30000.0,,0,,
0,a292,5,2000.0,,0,,
0,a293,5,80000.0,,0,,
0,a294,5,50000.0,,0,,
0,a295,5,0.0,,0,,
0,a296,5,0.0,,0,,
0,a297,5,30000.0,,0,,
0,a298,5,50000.0,,0,,
0,a299,5,2000.0,,0,,
0,a300,5,80000.0,,0,,
0,a301,5,80000.0,,0,,
0,a302,5,15000.0,,0,,
0,a303,5,2000.0,,0,,
0,a304,5,5000.0,,0,,
0,a305,5,15000.0,,0,,
0,a306,5,15000.0,,0,,
0,a307,5,15000.0,,0,,
0,a308,5,2000.0,,0,,
0,a309,5,30000.0,,0,,
0,a310,5,30000.0,,0,,
0,a311,5,5000.0,,0,,
0,a312,5,80000.0,,0,,
0,a313,5,80000.0,,0,,
0,a314,5,0.0,,0,,
0,a315,5,0.0,,0,,
0,a316,5,2000.0,,0,,
0,a317,5,2000.0,,0,,
0,a318,5,2000.0,,0,,
0,a319,5,30000.0,,0,,
0,a320,5,80000.0,,0,,
0,a321,5,5000.0,,0,,
0,a322,5,50000.0,,0,,
0,a323,5,2000.0,,0,,
0,a324,5,50000.0,,0,,
0,a325,5,15000.0,,0,,
0,a326,5,50000.0,,0,,
0,a327,5,50000.0,,0,,
0,a328,5,30000.0,,0,,
0,a329,5,30000.0,,0,,
0,a330,5,80000.0,,0,,
0,a331,5,2000.0,,0,,
0,a332,5,5000.0,,0,,
0,a333,5,15000.0,,0,,
0,a334,5,15000.0,,0,,
0,a335,5,30000.0,,0,,
0,a336,5,5000.0,,0,,
0,a337,5,30000.0,,0,,
0,a338,5,50000.0,,0,,
0,a339,5,15000.0,,0,,
0,a340,5,0.0,,0,,
0,a341,5,5000.0,,0,,
0,a342,5,50000.0,,0,,
0,a343,5,2000.0,,0,,
0,a344,5,0.0,,0,,
0,a345,5,50000.0,,0,,
0,a346,5,5000.0,,0,,
0,a347,5,15000.0,,0,,
0,a348,5,0.0,,0,,
0,a349,5,2000.0,,0,,
0,a350,5,5000.0,,0,,
0,a351,5,15000.0,,0,,
0,a352,5,30000.0,,0,,
0,a353,5,15000.0,,0,,
0,a354,5,80000.0,,0,,
0,a355,5,2000.0,,0,,
0,a356,5,15000.0,,0,,
0,a357,5,2000.0,,0,,
0,a358,5,5000.0,,0,,
0,a359,5,5000.0,,0,,
0,a360,5,15000.0,,0,,
0,a361,5,80000.0,,0,,
0,a362,5,15000.0,,0,,
0,a363,5,2000.0,,0,,
0,a364,5,15000.0,,0,,
0,a365,5,0.0,,0,,
0,a366,5,5000.0,,0,,
0,a367,5,80000.0,,0,,
0,a368,5,5000.0,,0,,
0,a369,5,2000.0,,0,,
0,a370,5,0.0,,0,,
0,a371,5,30000.0,,0,,
0,a372,5,15000.0,,0,,
0,a373,5,80000.0,,0,,
0,a374,5,0.0,,0,,
0,a375,5,15000.0,,0,,
0,a376,5,30000.0,,0,,
0,a377,5,15000.0,,0,,
0,a378,5,30000.0,,0,,
0,a379,5,30000.0,,0,,
0,a380,5,50000.0,,0,,
0,a381,5,5000.0,,0,,
0,a382,5,2000.0,,0,,
0,a383,5,2000.0,,0,,
0,a384,5,5000.0,,0,,
0,a385,5,50000.0,,0,,
0,a386,5,50000.0,,0,,
0,a387,5,30000.0,,0,,
0,a388,5,50000.0,,0,,
0,a389,5,0.0,,0,,
0,a390,5,0.0,,0,,
0,a391,5,5000.0,,0,,
0,a392,5,80000.0,,0,,
0,a393,5,80000.0,,0,,
0,a394,5,30000.0,,0,,
0,a395,5,50000.0,,0,,
0,a396,5,5000.0,,0,,
0,a397,5,2000.0,,0,,
0,a398,5,2000.0,,0,,
0,a399,5,0.0,,0,,
0,a400,5,80000.0,,0,,
0,a401,5,0.0,,0,,
0,a402,5,30000.0,,0,,
0,a403,5,50000.0,,0,,
0,a404,5,0.0,,0,,
0,a405,5,30000.0,,0,,
0,a406,5,15000.0,,0,,
0,a407,5,80000.0,,0,,
0,a408,5,30000.0,,0,,
0,a409,5,30000.0,,0,,
0,a410,5,30000.0,,0,,
0,a411,5,80000.0,,0,,
0,a412,5,80000.0,,0,,
0,a413,5,15000.0,,0,,
0,a414,5,5000.0,,0,,
0,a415,5,50000.0,,0,,
0,a416,5,2000.0,,0,,
0,a417,5,30000.0,,0,,
0,a418,5,5000.0,,0,,
0,a419,5,2000.0,,0,,
0,a420,5,15000.0,,0,,
0,a421,5,50000.0,,0,,
0,a422,5,0.0,,0,,
0,a423,5,5000.0,,0,,
0,a424,5,5000.0,,0,,
0,a425,5,0.0,,0,,
0,a426,5,30000.0,,0,,
0,a427,5,80000.0,,0,,
0,a428,5,5000.0,,0,,
0,a429,5,80000.0,,0,,
0,a430,5,0.0,,0,,
0,a431,5,5000.0,,0,,
0,a432,5,5000.0,,0,,
0,a433,5,30000.0,,0,,
0,a434,5,50000.0,,0,,
0,a435,5,30000.0,,0,,
0,a436,5,80000.0,,0,,
0,a437,5,30000.0,,0,,
0,a438,5,0.0,,0,,
0,a439,5,5000.0,,0,,
0,a440,5,5000.0,,0,,
0,a441,5,30000.0,,0,,
0,a442,5,50000.0,,0,,
0,a443,5,2000.0,,0,,
0,a444,5,2000.0,,0,,
0,a445,5,80000.0,,0,,
0,a446,5,30000.0,,0,,
0,a447,5,50000.0,,0,,
0,a448,5,80000.0,,0,,
0,a449,5,2000.0,,0,,
0,a450,5,0.0,,0,,
0,a451,5,5000.0,,0,,
0,a452,5,50000.0,,0,,
0,a453,5,2000.0,,0,,
0,a454,5,0.0,,0,,
0,a455,5,2000.0,,0,,
0,a456,5,50000.0,,0,,
0,a457,5,5000.0,,0,,
0,a458,5,30000.0,,0,,
0,a459,5,2000.0,,0,,
0,a460,5,15000.0,,0,,
0,a461,5,5000.0,,0,,
0,a462,5,15000.0,,0,,
0,a463,5,50000.0,,0,,
0,a464,5,5000.0,,0,,
0,a465,5,30000.0,,0,,
0,a466,5,80000.0,,0,,
0,a467,5,5000.0,,0,,
0,a468,5,15000.0,,0,,
0,a469,5,80000.0,,0,,
0,a470,5,30000.0,,0,,
0,a471,5,80000.0,,0,,
0,a472,5,30000.0,,0,,
0,a473,5,5000.0,,0,,
0,a474,5,50000.0,,0,,
0,a475,5,5000.0,,0,,
0,a476,5,2000.0,,0,,
0,a477,5,0.0,,0,,
0,a478,5,5000.0,,0,,
0,a479,5,5000.0,,0,,
0,a480,5,0.0,,0,,
0,a481,5,15000.0,,0,,
0,a482,5,0.0,,0,,
0,a483,5,2000.0,,0,,
0,a484,5,2000.0,,0,,
0,a485,5,80000.0,,0,,
0,a486,5,5000.0,,0,,
0,a487,5,50000.0,,0,,
0,a488,5,50000.0,,0,,
0,a489,5,2000.0,,0,,
0,a490,5,2000.0,,0,,
0,a491,5,0.0,,0,,
0,a492,5,30000.0,,0,,
0,a493,5,0.0,,0,,
0,a494,5,30000.0,,0,,
0,a495,5,50000.0,,0,,
0,a496,5,2000.0,,0,,
0,a497,5,2000.0,,0,,
0,a498,5,5000.0,,0,,
0,a499,5,0.0,,0,,
0,a500,5,0.0,,0,,
0,a501,5,5000.0,,0,,
0,a502,5,80000.0,,0,,
0,a503,5,15000.0,,0,,
0,a504,5,15000.0,,0,,
0,a505,5,30000.0,,0,,
0,a506,5,50000.0,,0,,
0,a507,5,15000.0,,0,,
0,a508,5,50000.0,,0,,
0,a509,5,15000.0,,0,,
0,a510,5,5000.0,,0,,
0,a511,5,80000.0,,0,,
0,a512,5,30000.0,,0,,
0,a513,5,30000.0,,0,,
0,a514,5,50000.0,,0,,
0,a515,5,80000.0,,0,,
0,a516,5,5000.0,,0,,
0,a517,5,80000.0,,0,,
0,a518,5,2000.0,,0,,
0,a519,5,0.0,,0,,
0,a520,5,30000.0,,0,,
0,a521,5,15000.0,,0,,
0,a522,5,80000.0,,0,,
0,a523,5,80000.0,,0,,
0,a524,5,0.0,,0,,
0,a525,5,80000.0,,0,,
0,a526,5,5000.0,,0,,
0,a527,5,80000.0,,0,,
0,a528,5,30000.0,,0,,
0,a529,5,0.0,,0,,
0,a530,5,0.0,,0,,
0,a531,5,2000.0,,0,,
0,a532,5,80000.0,,0,,
0,a533,5,0.0,,0,,
0,a534,5,5000.0,,0,,
0,a535,5,15000.0,,0,,
0,a536,5,50000.0,,0,,
0,a537,5,30000.0,,0,,
0,a538,5,50000.0,,0,,
0,a539,5,80000.0,,0,,
0,a540,5,30000.0,,0,,
0,a541,5,50000.0,,0,,
0,a542,5,5000.0,,0,,
0,a543,5,30000.0,,0,,
0,a544,5,50000.0,,0,,
0,a545,5,0.0,,0,,
0,a546,5,0.0,,0,,
0,a547,5,30000.0,,0,,
0,a548,5,30000.0,,0,,
0,a549,5,2000.0,,0,,
0,a550,5,30000.0,,0,,
0,a551,5,15000.0,,0,,
0,a552,5,80000.0,,0,,
0,a553,5,15000.0,,0,,
0,a554,5,50000.0,,0,,
0,a555,5,15000.0,,0,,
0,a556,5,15000.0,,0,,
0,a557,5,2000.0,,0,,
0,a558,5,2000.0,,0,,
0,a559,5,30000.0,,0,,
0,a560,5,30000.0,,0,,
0,a561,5,80000.0,,0,,
0,a562,5,30000.0,,0,,
0,a563,5,5000.0,,0,,
0,a564,5,50000.0,,0,,
0,a565,5,5000.0,,0,,
0,a566,5,15000.0,,0,,
0,a567,5,30000.0,,0,,
0,a568,5,15000.0,,0,,
0,a569,5,30000.0,,0,,
0,a570,5,2000.0,,0,,
0,a571,5,0.0,,0,,
0,a572,5,80000.0,,0,,
0,a573,5,0.0,,0,,
0,a574,5,0.0,,0,,
0,a575,5,50000.0,,0,,
0,a576,5,0.0,,0,,
0,a577,5,5000.0,,0,,
0,a578,5,80000.0,,0,,
0,a579,5,30000.0,,0,,
0,a580,5,0.0,,0,,
0,a581,5,50000.0,,0,,
0,a582,5,50000.0,,0,,
0,a583,5,5000.0,,0,,
0,a584,5,30000.0,,0,,
0,a585,5,2000.0,,0,,
0,a586,5,80000.0,,0,,
0,a587,5,15000.0,,0,,
0,a588,5,80000.0,,0,,
0,a589,5,15000.0,,0,,
0,a590,5,0.0,,0,,
0,a591,5,5000.0,,0,,
0,a592,5,2000.0,,0,,
0,a593,5,15000.0,,0,,
0,a594,5,2000.0,,0,,
0,a595,5,2000.0,,0,,
0,a596,5,15000.0,,0,,
0,a597,5,2000.0,,0,,
0,a598,5,0.0,,0,,
0,a599,5,50000.0,,0,,
0,a600,5,2000.0,,0,,
0,a601,5,80000.0,,0,,
0,a602,5,30000.0,,0,,
0,a603,5,5000.0,,0,,
0,a604,5,0.0,,0,,
0,a605,5,5000.0,,0,,
0,a606,5,0.0,,0,,
0,a607,5,5000.0,,0,,
0,a608,5,5000.0,,0,,
0,a609,5,50000.0,,0,,
0,a610,5,5000.0,,0,,
0,a611,5,0.0,,0,,
0,a612,5,15000.0,,0,,
0,a613,5,0.0,,0,,
0,a614,5,30000.0,,0,,
0,a615,5,80000.0,,0,,
0,a616,5,50000.0,,0,,
0,a617,5,50000.0,,0,,
0,a618,5,2000.0,,0,,
0,a619,5,2000.0,,0,,
0,a620,5,15000.0,,0,,
0,a621,5,15000.0,,0,,
0,a622,5,5000.0,,0,,
0,a623,5,0.0,,0,,
0,a624,5,80000.0,,0,,
0,a625,5,5000.0,,0,,
0,a626,5,0.0,,0,,
0,a627,5,50000.0,,0,,
0,a628,5,50000.0,,0,,
0,a629,5,50000.0,,0,,
0,a630,5,2000.0,,0,,
0,a631,5,0.0,,0,,
0,a632,5,80000.0,,0,,
0,a633,5,2000.0,,0,,
0,a634,5,30000.0,,0,,
0,a635,5,0.0,,0,,
0,a636,5,30000.0,,0,,
0,a637,5,80000.0,,0,,
0,a638,5,30000.0,,0,,
0,a639,5,5000.0,,0,,
0,a640,5,5000.0,,0,,
0,a641,5,30000.0,,0,,
0,a642,5,2000.0,,0,,
0,a643,5,2000.0,,0,,
0,a644,5,15000.0,,0,,
0,a645,5,5000.0,,0,,
0,a646,5,5000.0,,0,,
0,a647,5,15000.0,,0,,
0,a648,5,15000.0,,0,,
0,a649,5,0.0,,0,,
0,a650,5,5000.0,,0,,
0,a651,5,0.0,,0,,
0,a652,5,0.0,,0,,
0,a653,5,15000.0,,0,,
0,a654,5,2000.0,,0,,
0,a655,5,15000.0,,0,,
0,a656,5,15000.0,,0,,
0,a657,5,50000.0,,0,,
0,a658,5,15000.0,,0,,
0,a659,5,0.0,,0,,
0,a660,5,0.0,,0,,
0,a661,5,50000.0,,0,,
0,a662,5,50000.0,,0,,
0,a663,5,30000.0,,0,,
0,a664,5,15000.0,,0,,
0,a665,5,0.0,,0,,
0,a666,5,80000.0,,0,,
0,a667,5,5000.0,,0,,
0,a668,5,0.0,,0,,
0,a669,5,50000.0,,0,,
0,a670,5,15000.0,,0,,
0,a671,5,15000.0,,0,,
0,a672,5,5000.0,,0,,
0,a673,5,15000.0,,0,,
0,a674,5,15000.0,,0,,
0,a675,5,2000.0,,0,,
0,a676,5,50000.0,,0,,
0,a677,5,5000.0,,0,,
0,a678,5,2000.0,,0,,
0,a679,5,30000.0,,0,,
0,a680,5,5000.0,,0,,
0,a681,5,50000.0,,0,,
0,a682,5,80000.0,,0,,
0,a683,5,15000.0,,0,,
0,a684,5,80000.0,,0,,
0,a685,5,30000.0,,0,,
0,a686,5,0.0,,0,,
0,a687,5,5000.0,,0,,
0,a688,5,5000.0,,0,,
0,a689,5,50000.0,,0,,
0,a690,5,5000.0,,0,,
0,a691,5,30000.0,,0,,
0,a692,5,0.0,,0,,
0,a693,5,15000.0,,0,,
0,a694,5,50000.0,,0,,
0,a695,5,15000.0,,0,,
0,a696,5,0.0,,0,,
0,a697,5,2000.0,,0,,
0,a698,5,0.0,,0,,
0,a699,5,2000.0,,0,,
0,a700,5,0.0,,0,,
0,a701,5,50000.0,,0,,
0,a702,5,15000.0,,0,,
0,a703,5,30000.0,,0,,
0,a704,5,0.0,,0,,
0,a705,5,15000.0,,0,,
0,a706,5,80000.0,,0,,
0,a707,5,0.0,,0,,
0,a708,5,5000.0,,0,,
0,a709,5,15000.0,,0,,
0,a710,5,80000.0,,0,,
0,a711,5,50000.0,,0,,
0,a712,5,15000.0,,0,,
0,a713,5,80000.0,,0,,
0,a714,5,0.0,,0,,
0,a715,5,2000.0,,0,,
0,a716,5,0.0,,0,,
0,a717,5,80000.0,,0,,
0,a718,5,80000.0,,0,,
0,a719,5,15000.0,,0,,
0,a720,5,30000.0,,0,,
0,a721,5,15000.0,,0,,
0,a722,5,0.0,,0,,
0,a723,5,5000.0,,0,,
0,a724,5,0.0,,0,,
0,a725,5,30000.0,,0,,
0,a726,5,15000.0,,0,,
0,a727,5,0.0,,0,,
0,a728,5,80000.0,,0,,
0,a729,5,30000.0,,0,,
0,a730,5,15000.0,,0,,
0,a731,5,5000.0,,0,,
0,a732,5,30000.0,,0,,
0,a733,5,0.0,,0,,
0,a734,5,0.0,,0,,
0,a735,5,5000.0,,0,,
0,a736,5,15000.0,,0,,
0,a737,5,80000.0,,0,,
0,a738,5,2000.0,,0,,
0,a739,5,80000.0,,0,,
0,a740,5,2000.0,,0,,
0,a741,5,30000.0,,0,,
0,a742,5,30000.0,,0,,
0,a743,5,2000.0,,0,,
0,a744,5,2000.0,,0,,
0,a745,5,15000.0,,0,,
0,a746,5,15000.0,,0,,
0,a747,5,15000.0,,0,,
0,a748,5,80000.0,,0,,
0,a749,5,15000.0,,0,,
0,a750,5,15000.0,,0,,
0,a751,5,15000.0,,0,,
0,a752,5,5000.0,,0,,
0,a753,5,30000.0,,0,,
0,a754,5,0.0,,0,,
0,a755,5,2000.0,,0,,
0,a756,5,30000.0,,0,,
0,a757,5,0.0,,0,,
0,a758,5,0.0,,0,,
0,a759,5,2000.0,,0,,
0,a760,5,30000.0,,0,,
0,a761,5,80000.0,,0,,
0,a762,5,5000.0,,0,,
0,a763,5,30000.0,,0,,
0,a764,5,0.0,,0,,
0,a765,5,50000.0,,0,,
0,a766,5,50000.0,,0,,
0,a767,5,80000.0,,0,,
0,a768,5,30000.0,,0,,
0,a769,5,50000.0,,0,,
0,a770,5,80000.0,,0,,
0,a771,5,15000.0,,0,,
0,a772,5,15000.0,,0,,
0,a773,5,30000.0,,0,,
0,a774,5,30000.0,,0,,
0,a775,5,2000.0,,0,,
0,a776,5,30000.0,,0,,
0,a777,5,0.0,,0,,
0,a778,5,5000.0,,0,,
0,a779,5,50000.0,,0,,
0,a780,5,30000.0,,0,,
0,a781,5,0.0,,0,,
0,a782,5,0.0,,0,,
0,a783,5,30000.0,,0,,
0,a784,5,80000.0,,0,,
0,a785,5,50000.0,,0,,
0,a786,5,2000.0,,0,,
0,a787,5,30000.0,,0,,
0,a788,5,2000.0,,0,,
0,a789,5,80000.0,,0,,
0,a790,5,15000.0,,0,,
0,a791,5,80000.0,,0,,
0,a792,5,5000.0,,0,,
0,a793,5,50000.0,,0,,
0,a794,5,30000.0,,0,,
0,a795,5,5000.0,,0,,
0,a796,5,0.0,,0,,
0,a797,5,50000.0,,0,,
0,a798,5,30000.0,,0,,
0,a799,5,30000.0,,0,,
0,a800,5,0.0,,0,,
0,a801,5,30000.0,,0,,
0,a802,5,5000.0,,0,,
0,a803,5,15000.0,,0,,
0,a804,5,30000.0,,0,,
0,a805,5,30000.0,,0,,
0,a806,5,50000.0,,0,,
0,a807,5,5000.0,,0,,
0,a808,5,0.0,,0,,
0,a809,5,5000.0,,0,,
0,a810,5,15000.0,,0,,
0,a811,5,5000.0,,0,,
0,a812,5,2000.0,,0,,
0,a813,5,0.0,,0,,
0,a814,5,2000.0,,0,,
0,a815,5,15000.0,,0,,
0,a816,5,0.0,,0,,
0,a817,5,50000.0,,0,,
0,a818,5,2000.0,,0,,
0,a819,5,30000.0,,0,,
0,a820,5,50000.0,,0,,
0,a821,5,15000.0,,0,,
0,a822,5,0.0,,0,,
0,a823,5,80000.0,,0,,
0,a824,5,30000.0,,0,,
0,a825,5,30000.0,,0,,
0,a826,5,80000.0,,0,,
0,a827,5,30000.0,,0,,
0,a828,5,0.0,,0,,
0,a829,5,50000.0,,0,,
0,a830,5,2000.0,,0,,
0,a831,5,15000.0,,0,,
0,a832,5,15000.0,,0,,
0,a833,5,80000.0,,0,,
0,a834,5,5000.0,,0,,
0,a835,5,5000.0,,0,,
0,a836,5,50000.0,,0,,
0,a837,5,0.0,,0,,
0,a838,5,30000.0,,0,,
0,a839,5,0.0,,0,,
0,a840,5,15000.0,,0,,
0,a841,5,80000.0,,0,,
0,a842,5,0.0,,0,,
0,a843,5,0.0,,0,,
0,a844,5,50000.0,,0,,
0,a845,5,0.0,,0,,
0,a846,5,50000.0,,0,,
0,a847,5,5000.0,,0,,
0,a848,5,15000.0,,0,,
0,a849,5,2000.0,,0,,
0,a850,5,2000.0,,0,,
0,a851,5,15000.0,,0,,
0,a852,5,30000.0,,0,,
0,a853,5,5000.0,,0,,
0,a854,5,2000.0,,0,,
0,a855,5,50000.0,,0,,
0,a856,5,2000.0,,0,,
0,a857,5,15000.0,,0,,
0,a858,5,0.0,,0,,
0,a859,5,30000.0,,0,,
0,a860,5,50000.0,,0,,
0,a861,5,0.0,,0,,
0,a862,5,2000.0,,0,,
0,a863,5,5000.0,,0,,
0,a864,5,15000.0,,0,,
0,a865,5,30000.0,,0,,
0,a866,5,15000.0,,0,,
0,a867,5,50000.0,,0,,
0,a868,5,80000.0,,0,,
0,a869,5,15000.0,,0,,
0,a870,5,30000.0,,0,,
0,a871,5,5000.0,,0,,
0,a872,5,5000.0,,0,,
0,a873,5,0.0,,0,,
0,a874,5,15000.0,,0,,
0,a875,5,30000.0,,0,,
0,a876,5,2000.0,,0,,
0,a877,5,50000.0,,0,,
0,a878,5,30000.0,,0,,
0,a879,5,2000.0,,0,,
0,a880,5,30000.0,,0,,
0,a881,5,80000.0,,0,,
0,a882,5,5000.0,,0,,
0,a883,5,50000.0,,0,,
0,a884,5,0.0,,0,,
0,a885,5,5000.0,,0,,
0,a886,5,80000.0,,0,,
0,a887,5,80000.0,,0,,
0,a888,5,15000.0,,0,,
0,a889,5,80000.0,,0,,
0,a890,5,0.0,,0,,
0,a891,5,15000.0,,0,,
0,a892,5,2000.0,,0,,
0,a893,5,80000.0,,0,,
0,a894,5,2000.0,,0,,
0,a895,5,30000.0,,0,,
0,a896,5,80000.0,,0,,
0,a897,5,30000.0,,0,,
0,a898,5,2000.0,,0,,
0,a899,5,15000.0,,0,,
0,a900,5,0.0,,0,,
0,a901,5,5000.0,,0,,
0,a902,5,30000.0,,0,,
0,a903,5,30000.0,,0,,
0,a904,5,80000.0,,0,,
0,a905,5,2000.0,,0,,
0,a906,5,2000.0,,0,,
0,a907,5,5000.0,,0,,
0,a908,5,80000.0,,0,,
0,a909,5,80000.0,,0,,
0,a910,5,80000.0,,0,,
0,a911,5,0.0,,0,,
0,a912,5,5000.0,,0,,
0,a913,5,50000.0,,0,,
0,a914,5,30000.0,,0,,
0,a915,5,2000.0,,0,,
0,a916,5,5000.0,,0,,
0,a917,5,80000.0,,0,,
0,a918,5,0.0,,0,,
0,a919,5,30000.0,,0,,
0,a920,5,15000.0,,0,,
0,a921,5,80000.0,,0,,
0,a922,5,80000.0,,0,,
0,a923,5,5000.0,,0,,
0,a924,5,5000.0,,0,,
0,a925,5,80000.0,,0,,
0,a926,5,30000.0,,0,,
0,a927,5,30000.0,,0,,
0,a928,5,2000.0,,0,,
0,a929,5,80000.0,,0,,
0,a930,5,50000.0,,0,,
0,a931,5,0.0,,0,,
0,a932,5,0.0,,0,,
0,a933,5,2000.0,,0,,
0,a934,5,50000.0,,0,,
0,a935,5,15000.0,,0,,
0,a936,5,15000.0,,0,,
0,a937,5,50000.0,,0,,
0,a938,5,50000.0,,0,,
0,a939,5,2000.0,,0,,
0,a940,5,80000.0,,0,,
0,a941,5,50000.0,,0,,
0,a942,5,30000.0,,0,,
0,a943,5,0.0,,0,,
0,a944,5,80000.0,,0,,
0,a945,5,5000.0,,0,,
0,a946,5,2000.0,,0,,
0,a947,5,5000.0,,0,,
0,a948,5,5000.0,,0,,
0,a949,5,30000.0,,0,,
0,a950,5,80000.0,,0,,
0,a951,5,5000.0,,0,,
0,a952,5,0.0,,0,,
0,a953,5,30000.0,,0,,
0,a954,5,5000.0,,0,,
0,a955,5,5000.0,,0,,
0,a956,5,5000.0,,0,,
0,a957,5,0.0,,0,,
0,a958,5,0.0,,0,,
0,a959,5,50000.0,,0,,
0,a960,5,50000.0,,0,,
0,a961,5,30000.0,,0,,
0,a962,5,0.0,,0,,
0,a963,5,50000.0,,0,,
0,a964,5,2000.0,,0,,
0,a965,5,80000.0,,0,,
0,a966,5,0.0,,0,,
0,a967,5,50000.0,,0,,
0,a968,5,80000.0,,0,,
0,a969,5,30000.0,,0,,
0,a970,5,30000.0,,0,,
0,a971,5,15000.0,,0,,
0,a972,5,5000.0,,0,,
0,a973,5,80000.0,,0,,
0,a974,5,0.0,,0,,
0,a975,5,0.0,,0,,
0,a976,5,30000.0,,0,,
0,a977,5,0.0,,0,,
0,a978,5,2000.0,,0,,
0,a979,5,5000.0,,0,,
0,a980,5,5000.0,,0,,
0,a981,5,5000.0,,0,,
0,a982,5,50000.0,,0,,
0,a983,5,5000.0,,0,,
0,a984,5,15000.0,,0,,
0,a985,5,5000.0,,0,,
0,a986,5,30000.0,,0,,
0,a987,5,0.0,,0,,
0,a988,5,50000.0,,0,,
0,a989,5,15000.0,,0,,
0,a990,5,50000.0,,0,,
0,a991,5,0.0,,0,,
0,a992,5,0.0,,0,,
0,a993,5,30000.0,,0,,
0,a994,5,50000.0,,0,,
0,a995,5,15000.0,,0,,
0,a996,5,2000.0,,0,,
0,a997,5,0.0,,0,,
0,a998,5,30000.0,,0,,
0,a999,5,5000.0,,0,,
0,a1000,5,5000.0,,0,,
1,a1,-13,-79000.0,"{'rain_damage': 10, 'river_damage': 11}",80000,Personal improvements;Modest house renovations;Structual house changes;Sandbags,Personal improvements;Modest house renovations;Structual house changes;Sandbags
1,a2,-11,-75000.0,"{'rain_damage': 10, 'river_damage': 11}",76000,Personal improvements;Modest house renovations;Structual house changes;Flood insurance;Sandbags;Water pump,Personal improvements;Modest house renovations;Structual house changes;Flood insurance;Sandbags;Water pump
1,a3,-12,-75000.0,"{'rain_damage': 10, 'river_damage': 11}",80000,Personal improvements;Modest house renovations;Structual house changes;Flood insurance;Sandbags,Personal improvements;Modest house renovations;Structual house changes;Flood insurance;Sandbags
1,a4,-7,-65000.0,"{'rain_damage': 10, 'river_damage': 11}",68000,Personal improvements;Modest house renovations;Structual house changes;Flood insurance;Sandbags;Waterproofing walls & floors;Green garden,Personal improvements;Modest house renovations;Structual house changes;Flood insurance;Sandbags;Waterproofing walls & floors;Green garden
1,a5,-14,-84000.0,"{'rain_damage': 10, 'river_damage': 11}",84000,Personal improvements;Modest house renovations;Flood insurance,Personal improvements;Modest house renovations;Flood insurance
1,a6,-12,-80000.0,"{'rain_damage': 10, 'river_damage': 11}",80000,Personal improvements;Modest house renovations;Structual house changes;Flood insurance;Sandbags,Personal improvements;Modest house renovations;Structual house changes;Flood insurance;Sandbags
1,a7,-10,-73000.0,"{'rain_damage': 10, 'river_damage': 11}",76000,Personal improvements;Modest house renovations;Structual house changes;Flood insurance;Green garden;Sandbags,Personal improvements;Modest house renovations;Structual house changes;Flood insurance;Green garden;Sandbags
1,a8,-2,-52000.0,"{'rain_damage': 10, 'river_damage': 11}",52000,Personal improvements;Modest house renovations;Structual house changes;Flood insurance;Sandbags;Waterproofing walls & floors;Green garden;Rain barrel;Water pump;Self-activating wall,Personal improvements;Modest house renovations;Structual house changes;Flood insurance;Sandbags;Waterproofing walls & floors;Green garden;Rain barrel;Water pump;Self-activating wall
1,a9,-7,-65000.0,"{'rain_damage': 10, 'river_damage': 11}",68000,Personal improvements;Modest house renovations;Structual house changes;Flood insurance;Sandbags;Waterproofing walls & floors;Green garden,Personal improvements;Modest house renovations;Structual house changes;Flood insurance;Sandbags;Waterproofing walls & floors;Green garden
1,a10,-12,-80000.0,"{'rain_damage': 10, 'river_damage': 11}",80000,Personal improvements;Modest house renovations;Structual house changes;Flood insurance;Sandbags,Personal improvements;Modest house renovations;Structual house changes;Flood insurance;Sandbags
1,a11,-13,-84000.0,"{'rain_damage': 10, 'river_damage': 11}",84000,Personal improvements;Modest house renovations;Structual house changes;Flood insurance,Personal improvements;Modest house renovations;Structual house changes;Flood insurance
1,a12,-2,-52000.0,"{'rain_damage': 10, 'river_damage': 11}",52000,Personal improvements;Modest house renovations;Structual house changes;Flood insurance;Sandbags;Waterproofing walls & floors;Green garden;Rain barrel;Water pump;Self-activating wall,Personal improvements;Modest house renovations;Structual house changes;Flood insurance;Sandbags;Waterproofing walls & floors;Green garden;Rain barrel;Water pump;Self-activating wall
1,a13,-8,-64000.0,"{'rain_damage': 10, 'river_damage': 11}",68000,Personal improvements;Modest house renovations;Structual house changes;Flood insurance;Sandbags;Waterproofing walls & floors;Water pump,Personal improvements;Modest house renovations;Structual house changes;Flood insurance;Sandbags;Waterproofing walls & floors;Water pump
1,a14,-9,-72000.0,"{'rain_damage': 10, 'river_damage': 11}",72000,Personal improvements;Modest house renovations;Structual house changes;Flood insurance;Waterproofing walls & floors;Sandbags,Personal improvements;Modest house renovations;Structual house changes;Flood insurance;Waterproofing walls & floors;Sandbags
1,a15,-4,-53000.0,"{'rain_damage': 10, 'river_damage': 11}",60000,Personal improvements;Modest house renovations;Structual house changes;Flood insurance;Sandbags;Waterproofing walls & floors;Green garden;Rain barrel;Water pump,Personal improvements;Modest house renovations;Structual house changes;Flood insurance;Sandbags;Waterproofing walls & floors;Green garden;Rain barrel;Water pump
1,a16,-7,-68000.0,"{'rain_damage': 10, 'river_damage': 11}",68000,Personal improvements;Modest house renovations;Structual house changes;Flood insurance;Sandbags;Waterproofing walls & floors;Green garden,Personal improvements;Modest house renovations;Structual house changes;Flood insurance;Sandbags;Waterproofing walls & floors;Green garden
1,a17,-12,-75000.0,"{'rain_damage': 10, 'river_damage': 11}",80000,Personal improvements;Modest house renovations;Structual house changes;Flood insurance;Sandbags,Personal improvements;Modest house renovations;Structual house changes;Flood insurance;Sandbags
1,a18,-4,-58000.0,"{'rain_damage': 10, 'river_damage': 11}",60000,Personal improvements;Modest house renovations;Structual house changes;Flood insurance;Sandbags;Waterproofing walls & floors;Green garden;Rain barrel;Water pump,Personal improvements;Modest house renovations;Structual house changes;Flood insurance;Sandbags;Waterproofing walls & floors;Green garden;Rain barrel;Water pump
1,a19,-13,-84000.0,"{'rain_damage': 10, 'river_damage': 11}",84000,Personal improvements;Modest house renovations;Structual house changes;Flood insurance,Personal improvements;Modest house renovations;Structual house changes;Flood insurance
1,a20,-4,-53000.0,"{'rain_damage': 10, 'river_damage': 11}",60000,Personal improvements;Modest house renovations;Structual house changes;Flood insurance;Sandbags;Waterproofing walls & floors;Green garden;Rain barrel;Water pump,Personal improvements;Modest house renovations;Structual house changes;Flood insurance;Sandbags;Waterproofing walls & floors;Green garden;Rain barrel;Water pump
1,a21,-7,-65000.0,"{'rain_damage': 10, 'river_damage': 11}",68000,Personal improvements;Modest house renovations;Structual house changes;Flood insurance;Sandbags;Waterproofing walls & floors;Green garden,Personal improvements;Modest house renovations;Structual house changes;Flood insurance;Sandbags;Waterproofing walls & floors;Green garden
1,a22,-11,-79000.0,"{'rain_damage': 10, 'river_damage': 11}",80000,Personal improvements;Modest house renovations;Structual house changes;Flood insurance;Green garden,Personal improvements;Modest house renovations;Structual house changes;Flood insurance;Green garden
1,a23,-12,-80000.0,"{'rain_damage': 10, 'river_damage': 11}",80000,Personal improvements;Modest house renovations;Structual house changes;Flood insurance;Sandbags,Personal improvements;Modest house renovations;Structual house changes;Flood insurance;Sandbags
1,a24,-4,-53000.0,"{'rain_damage': 10, 'river_damage': 11}",60000,Personal improvements;Modest house renovations;Structual house changes;Flood insurance;Sandbags;Waterproofing walls & floors;Green garden;Rain barrel;Water pump,Personal improvements;Modest house renovations;Structual house changes;Flood insurance;Sandbags;Waterproofing walls & floors;Green garden;Rain barrel;Water pump
1,a25,-10,-73000.0,"{'rain_damage': 10, 'river_damage': 11}",76000,Personal improvements;Modest house renovations;Structual house changes;Flood insurance;Green garden;Sandbags,Personal improvements;Modest house renovations;Structual house changes;Flood insurance;Green garden;Sandbags
1,a26,-12,-80000.0,"{'rain_damage': 10, 'river_damage': 11}",80000,Personal improvements;Modest house renovations;Structual house changes;Flood insurance;Sandbags,Personal improvements;Modest house renovations;Structual house changes;Flood insurance;Sandbags
1,a27,-2,-12000.0,"{'rain_damage': 10, 'river_damage': 11}",52000,Personal improvements;Modest house renovations;Structual house changes;Flood insurance;Water pump;Self-activating wall;Sandbags;Waterproofing walls & floors;Green garden;Rain barrel,Personal improvements;Modest house renovations;Structual house changes;Flood insurance;Water pump;Self-activating wall;Sandbags;Waterproofing walls & floors;Green garden;Rain barrel
1,a28,-7,-65000.0,"{'rain_damage': 10, 'river_damage': 11}",68000,Personal improvements;Modest house renovations;Structual house changes;Flood insurance;Sandbags;Waterproofing walls & floors;Green garden,Personal improvements;Modest house renovations;Structual house changes;Flood insurance;Sandbags;Waterproofing walls & floors;Green garden
1,a29,-12,-75000.0,"{'rain_damage': 10, 'river_damage': 11}",80000,Personal improvements;Modest house renovations;Structual house changes;Flood insurance;Sandbags,Personal improvements;Modest house renovations;Structual house changes;Flood insurance;Sandbags
1,a30,-13,-79000.0,"{'rain_damage': 10, 'river_damage': 11}",80000,Personal improvements;Modest house renovations;Structual house changes;Sandbags,Personal improvements;Modest house renovations;Structual house changes;Sandbags
1,a31,-7,-65000.0,"{'rain_damage': 10, 'river_damage': 11}",68000,Personal improvements;Modest house renovations;Structual house changes;Flood insurance;Sandbags;Waterproofing walls & floors;Green garden,Personal improvements;Modest house renovations;Structual house changes;Flood insurance;Sandbags;Waterproofing walls & floors;Green garden
1,a32,-2,-12000.0,"{'rain_damage': 10, 'river_damage': 11}",52000,Personal improvements;Modest house renovations;Structual house changes;Flood insurance;Water pump;Self-activating wall;Sandbags;Waterproofing walls & floors;Green garden;Rain barrel,Personal improvements;Modest house renovations;Structual house changes;Flood insurance;Water pump;Self-activating wall;Sandbags;Waterproofing walls & floors;Green garden;Rain barrel
1,a33,-7,-65000.0,"{'rain_damage': 10, 'river_damage': 11}",68000,Personal improvements;Modest house renovations;Structual house changes;Flood insurance;Sandbags;Waterproofing walls & floors;Green garden,Personal improvements;Modest house renovations;Structual house changes;Flood insurance;Sandbags;Waterproofing walls & floors;Green garden
1,a34,-9,-72000.0,"{'rain_damage': 10, 'river_damage': 11}",72000,Personal improvements;Modest house renovations;Structual house changes;Flood insurance;Waterproofing walls & floors;Sandbags,Personal improvements;Modest house renovations;Structual house changes;Flood insurance;Waterproofing walls & floors;Sandbags
1,a35,-2,-42000.0,"{'rain_damage': 10, 'river_damage': 11}",52000,Personal improvements;Modest house renovations;Structual house changes;Flood insurance;Water pump;Sandbags;Waterproofing walls & floors;Green garden;Rain barrel;Self-activating wall,Personal improvements;Modest house renovations;Structual house changes;Flood insurance;Water pump;Sandbags;Waterproofing walls & floors;Green garden;Rain barrel;Self-activating wall
1,a36,-2,-52000.0,"{'rain_damage': 10, 'river_damage': 11}",52000,Personal improvements;Modest house renovations;Structual house changes;Flood insurance;Sandbags;Waterproofing walls & floors;Green garden;Rain barrel;Water pump;Self-activating wall,Personal improvements;Modest house renovations;Structual house changes;Flood insurance;Sandbags;Waterproofing walls & floors;Green garden;Rain barrel;Water pump;Self-activating wall
1,a37,-2,-52000.0,"{'rain_damage': 10, 'river_damage': 11}",52000,Personal improvements;Modest house renovations;Structual house changes;Flood insurance;Sandbags;Waterproofing walls & floors;Green garden;Rain barrel;Water pump;Self-activating wall,Personal improvements;Modest house renovations;Structual house changes;Flood insurance;Sandbags;Waterproofing walls & floors;Green garden;Rain barrel;Water pump;Self-activating wall
1,a38,-2,-52000.0,"{'rain_damage': 10, 'river_damage': 11}",52000,Personal improvements;Modest house renovations;Structual house changes;Flood insurance;Sandbags;Waterproofing walls & floors;Green garden;Rain barrel;Water pump;Self-activating wall,Personal improvements;Modest house renovations;Structual house changes;Flood insurance;Sandbags;Waterproofing walls & floors;Green garden;Rain barrel;Water pump;Self-activating wall
1,a39,-10,-73000.0,"{'rain_damage': 10, 'river_damage': 11}",76000,Personal improvements;Modest house renovations;Structual house changes;Flood insurance;Green garden;Sandbags,Personal improvements;Modest house renovations;Structual house changes;Flood insurance;Green garden;Sandbags
1,a40,-9,-72000.0,"{'rain_damage': 10, 'river_damage': 11}",72000,Personal improvements;Modest house renovations;Structual house changes;Flood insurance;Waterproofing walls & floors;Sandbags,Personal improvements;Modest house renovations;Structual house changes;Flood insurance;Waterproofing walls & floors;Sandbags
1,a41,-2,-47000.0,"{'rain_damage': 10, 'river_damage': 11}",52000,Personal improvements;Modest house renovations;Structual house changes;Flood insurance;Water pump;Sandbags;Waterproofing walls & floors;Green garden;Rain barrel;Self-activating wall,Personal improvements;Modest house renovations;Structual house changes;Flood insurance;Water pump;Sandbags;Waterproofing walls & floors;Green garden;Rain barrel;Self-activating wall
1,a42,-12,-75000.0,"{'rain_damage': 10, 'river_damage': 11}",80000,Personal improvements;Modest house renovations;Structual house changes;Flood insurance;Sandbags,Personal improvements;Modest house renovations;Structual house changes;Flood insurance;Sandbags
1,a43,-12,-78000.0,"{'rain_damage': 10, 'river_damage': 11}",80000,Personal improvements;Modest house renovations;Structual house changes;Flood insurance;Sandbags,Personal improvements;Modest house renovations;Structual house changes;Flood insurance;Sandbags
1,a44,-9,-67000.0,"{'rain_damage': 10, 'river_damage': 11}",72000,Personal improvements;Modest house renovations;Structual house changes;Flood insurance;Waterproofing walls & floors;Sandbags,Personal improvements;Modest house renovations;Structual house changes;Flood insurance;Waterproofing walls & floors;Sandbags
1,a45,-13,-78000.0,"{'rain_damage': 10, 'river_damage': 11}",80000,Personal improvements;Modest house renovations;Flood insurance;Sandbags,Personal improvements;Modest house renovations;Flood insurance;Sandbags
1,a46,-14,-84000.0,"{'rain_damage': 10, 'river_damage': 11}",84000,Personal improvements;Modest house renovations;Flood insurance,Personal improvements;Modest house renovations;Flood insurance
1,a47,-8,-64000.0,"{'rain_damage': 10, 'river_damage': 11}",68000,Personal improvements;Modest house renovations;Structual house changes;Flood insurance;Sandbags;Waterproofing walls & floors;Water pump,Personal improvements;Modest house renovations;Structual house changes;Flood insurance;Sandbags;Waterproofing walls & floors;Water pump
1,a48,-9,-67000.0,"{'rain_damage': 10, 'river_damage': 11}",72000,Personal improvements;Modest house renovations;Structual house changes;Flood insurance;Waterproofing walls & floors;Sandbags,Personal improvements;Modest house renovations;Structual house changes;Flood insurance;Waterproofing walls & floors;Sandbags
1,a49,-2,-47000.0,"{'rain_damage': 10, 'river_damage': 11}",52000,Personal improvements;Modest house renovations;Structual house changes;Flood insurance;Water pump;Sandbags;Waterproofing walls & floors;Green garden;Rain barrel;Self-activating wall,Personal improvements;Modest house renovations;Structual house changes;Flood insurance;Water pump;Sandbags;Waterproofing walls & floors;Green garden;Rain barrel;Self-activating wall
1,a50,-6,-57000.0,"{'rain_damage': 10, 'river_damage': 11}",64000,Personal improvements;Modest house renovations;Structual house changes;Flood insurance;Sandbags;Waterproofing walls & floors;Green garden;Water pump,Personal improvements;Modest house renovations;Structual house changes;Flood insurance;Sandbags;Waterproofing walls & floors;Green garden;Water pump
1,a51,-14,-84000.0,"{'rain_damage': 10, 'river_damage': 11}",84000,Personal improvements;Modest house renovations;Flood insurance,Personal improvements;Modest house renovations;Flood insurance
1,a52,-5,-61000.0,"{'rain_damage': 10, 'river_damage': 11}",64000,Personal improvements;Modest house renovations;Structual house changes;Flood insurance;Sandbags;Waterproofing walls & floors;Green garden;Rain barrel,Personal improvements;Modest house renovations;Structual house changes;Flood insurance;Sandbags;Waterproofing walls & floors;Green garden;Rain barrel
1,a53,-13,-84000.0,"{'rain_damage': 10, 'river_damage': 11}",84000,Personal improvements;Modest house renovations;Structual house changes;Flood insurance,Personal improvements;Modest house renovations;Structual house changes;Flood insurance
1,a54,-2,-37000.0,"{'rain_damage': 10, 'river_damage': 11}",52000,Personal improvements;Modest house renovations;Structual house changes;Flood insurance;Water pump;Sandbags;Waterproofing walls & floors;Green garden;Rain barrel;Self-activating wall,Personal improvements;Modest house renovations;Structual house changes;Flood insurance;Water pump;Sandbags;Waterproofing walls & floors;Green garden;Rain barrel;Self-activating wall
1,a55,-14,-84000.0,"{'rain_damage': 10, 'river_damage': 11}",84000,Personal improvements;Modest house renovations;Flood insurance,Personal improvements;Modest house renovations;Flood insurance
1,a56,-2,-47000.0,"{'rain_damage': 10, 'river_damage': 11}",52000,Personal improvements;Modest house renovations;Structual house changes;Flood insurance;Water pump;Sandbags;Waterproofing walls & floors;Green garden;Rain barrel;Self-activating wall,Personal improvements;Modest house renovations;Structual house changes;Flood insurance;Water pump;Sandbags;Waterproofing walls & floors;Green garden;Rain barrel;Self-activating wall
1,a57,-13,-79000.0,"{'rain_damage': 10, 'river_damage': 11}",80000,Personal improvements;Modest house renovations;Structual house changes;Sandbags,Personal improvements;Modest house renovations;Structual house changes;Sandbags
1,a58,-5,-61000.0,"{'rain_damage': 10, 'river_damage': 11}",64000,Personal improvements;Modest house renovations;Structual house changes;Flood insurance;Sandbags;Waterproofing walls & floors;Green garden;Rain barrel,Personal improvements;Modest house renovations;Structual house changes;Flood insurance;Sandbags;Waterproofing walls & floors;Green garden;Rain barrel
1,a59,-2,-42000.0,"{'rain_damage': 10, 'river_damage': 11}",52000,Personal improvements;Modest house renovations;Structual house changes;Flood insurance;Water pump;Sandbags;Waterproofing walls & floors;Green garden;Rain barrel;Self-activating wall,Personal improvements;Modest house renovations;Structual house changes;Flood insurance;Water pump;Sandbags;Waterproofing walls & floors;Green garden;Rain barrel;Self-activating wall
1,a60,-2,-37000.0,"{'rain_damage': 10, 'river_damage': 11}",52000,Personal improvements;Modest house renovations;Structual house changes;Flood insurance;Water pump;Sandbags;Waterproofing walls & floors;Green garden;Rain barrel;Self-activating wall,Personal improvements;Modest house renovations;Structual house changes;Flood insurance;Water pump;Sandbags;Waterproofing walls & floors;Green garden;Rain barrel;Self-activating wall
1,a61,-12,-78000.0,"{'rain_damage': 10, 'river_damage': 11}",80000,Personal improvements;Modest house renovations;Structual house changes;Flood insurance;Sandbags,Personal improvements;Modest house renovations;Structual house changes;Flood insurance;Sandbags
1,a62,-12,-75000.0,"{'rain_damage': 10, 'river_damage': 11}",80000,Personal improvements;Modest house renovations;Structual house changes;Flood insurance;Sandbags,Personal improvements;Modest house renovations;Structual house changes;Flood insurance;Sandbags
1,a63,-12,-75000.0,"{'rain_damage': 10, 'river_damage': 11}",80000,Personal improvements;Modest house renovations;Structual house changes;Flood insurance;Sandbags,Personal improvements;Modest house renovations;Structual house changes;Flood insurance;Sandbags
1,a64,-13,-78000.0,"{'rain_damage': 10, 'river_damage': 11}",80000,Personal improvements;Modest house renovations;Flood insurance;Sandbags,Personal improvements;Modest house renovations;Flood insurance;Sandbags
1,a65,-12,-80000.0,"{'rain_damage': 10, 'river_damage': 11}",80000,Personal improvements;Modest house renovations;Structual house changes;Flood insurance;Sandbags,Personal improvements;Modest house renovations;Structual house changes;Flood insurance;Sandbags
1,a66,-2,-42000.0,"{'rain_damage': 10, 'river_damage': 11}",52000,Personal improvements;Modest house renovations;Structual house changes;Flood insurance;Water pump;Sandbags;Waterproofing walls & floors;Green garden;Rain barrel;Self-activating wall,Personal improvements;Modest house renovations;Structual house changes;Flood insurance;Water pump;Sandbags;Waterproofing walls & floors;Green garden;Rain barrel;Self-activating wall
1,a67,-7,-68000.0,"{'rain_damage': 10, 'river_damage': 11}",68000,Personal improvements;Modest house renovations;Structual house changes;Flood insurance;Sandbags;Waterproofing walls & floors;Green garden,Personal improvements;Modest house renovations;Structual house changes;Flood insurance;Sandbags;Waterproofing walls & floors;Green garden
1,a68,-2,-37000.0,"{'rain_damage': 10, 'river_damage': 11}",52000,Personal improvements;Modest house renovations;Structual house changes;Flood insurance;Water pump;Sandbags;Waterproofing walls & floors;Green garden;Rain barrel;Self-activating wall,Personal improvements;Modest house renovations;Structual house changes;Flood insurance;Water pump;Sandbags;Waterproofing walls & floors;Green garden;Rain barrel;Self-activating wall
1,a69,-13,-79000.0,"{'rain_damage': 10, 'river_damage': 11}",80000,Personal improvements;Modest house renovations;Structual house changes;Sandbags,Personal improvements;Modest house renovations;Structual house changes;Sandbags
1,a70,-9,-72000.0,"{'rain_damage': 10, 'river_damage': 11}",72000,Personal improvements;Modest house renovations;Structual house changes;Flood insurance;Waterproofing walls & floors;Sandbags,Personal improvements;Modest house renovations;Structual house changes;Flood insurance;Waterproofing walls & floors;Sandbags
1,a71,-4,-56000.0,"{'rain_damage': 10, 'river_damage': 11}",56000,Personal improvements;Modest house renovations;Structual house changes;Flood insurance;Sandbags;Waterproofing walls & floors;Green garden;Water pump;Self-activating wall,Personal improvements;Modest house renovations;Structual house changes;Flood insurance;Sandbags;Waterproofing walls & floors;Green garden;Water pump;Self-activating wall
1,a72,-12,-75000.0,"{'rain_damage': 10, 'river_damage': 11}",80000,Personal improvements;Modest house renovations;Structual house changes;Flood insurance;Sandbags,Personal improvements;Modest house renovations;Structual house changes;Flood insurance;Sandbags
1,a73,-6,-62000.0,"{'rain_damage': 10, 'river_damage': 11}",64000,Personal improvements;Modest house renovations;Structual house changes;Flood insurance;Sandbags;Waterproofing walls & floors;Green garden;Water pump,Personal improvements;Modest house renovations;Structual house changes;Flood insurance;Sandbags;Waterproofing walls & floors;Green garden;Water pump
1,a74,-14,-84000.0,"{'rain_damage': 10, 'river_damage': 11}",84000,Personal improvements;Modest house renovations;Flood insurance,Personal improvements;Modest house renovations;Flood insurance
1,a75,-13,-78000.0,"{'rain_damage': 10, 'river_damage': 11}",80000,Personal improvements;Modest house renovations;Flood insurance;Sandbags,Personal improvements;Modest house renovations;Flood insurance;Sandbags
1,a76,-6,-62000.0,"{'rain_damage': 10, 'river_damage': 11}",64000,Personal improvements;Modest house renovations;Structual house changes;Flood insurance;Sandbags;Waterproofing walls & floors;Green garden;Water pump,Personal improvements;Modest house renovations;Structual house changes;Flood insurance;Sandbags;Waterproofing walls & floors;Green garden;Water pump
1,a77,-2,-47000.0,"{'rain_damage': 10, 'river_damage': 11}",52000,Personal improvements;Modest house renovations;Structual house changes;Flood insurance;Water pump;Sandbags;Waterproofing walls & floors;Green garden;Rain barrel;Self-activating wall,Personal improvements;Modest house renovations;Structual house changes;Flood insurance;Water pump;Sandbags;Waterproofing walls & floors;Green garden;Rain barrel;Self-activating wall
1,a78,-6,-62000.0,"{'rain_damage': 10, 'river_damage': 11}",64000,Personal improvements;Modest house renovations;Structual house changes;Flood insurance;Sandbags;Waterproofing walls & floors;Green garden;Water pump,Personal improvements;Modest house renovations;Structual house changes;Flood insurance;Sandbags;Waterproofing walls & floors;Green garden;Water pump
1,a79,-7,-65000.0,"{'rain_damage': 10, 'river_damage': 11}",68000,Personal improvements;Modest house renovations;Structual house changes;Flood insurance;Sandbags;Waterproofing walls & floors;Green garden,Personal improvements;Modest house renovations;Structual house changes;Flood insurance;Sandbags;Waterproofing walls & floors;Green garden
1,a80,-11,-75000.0,"{'rain_damage': 10, 'river_damage': 11}",76000,Personal improvements;Modest house renovations;Structual house changes;Flood insurance;Sandbags;Water pump,Personal improvements;Modest house renovations;Structual house changes;Flood insurance;Sandbags;Water pump
1,a81,-12,-80000.0,"{'rain_damage': 10, 'river_damage': 11}",80000,Personal improvements;Modest house renovations;Structual house changes;Flood insurance;Sandbags,Personal improvements;Modest house renovations;Structual house changes;Flood insurance;Sandbags
1,a82,-14,-83000.0,"{'rain_damage': 10, 'river_damage': 11}",84000,Personal improvements;Modest house renovations;Structual house changes,Personal improvements;Modest house renovations;Structual house changes
1,a83,-14,-82000.0,"{'rain_damage': 10, 'river_damage': 11}",84000,Personal improvements;Modest house renovations;Flood insurance,Personal improvements;Modest house renovations;Flood insurance
1,a84,-4,-58000.0,"{'rain_damage': 10, 'river_damage': 11}",60000,Personal improvements;Modest house renovations;Structual house changes;Flood insurance;Sandbags;Waterproofing walls & floors;Green garden;Rain barrel;Water pump,Personal improvements;Modest house renovations;Structual house changes;Flood insurance;Sandbags;Waterproofing walls & floors;Green garden;Rain barrel;Water pump
1,a85,-13,-78000.0,"{'rain_damage': 10, 'river_damage': 11}",80000,Personal improvements;Modest house renovations;Flood insurance;Sandbags,Personal improvements;Modest house renovations;Flood insurance;Sandbags
1,a86,-9,-72000.0,"{'rain_damage': 10, 'river_damage': 11}",72000,Personal improvements;Modest house renovations;Structual house changes;Flood insurance;Waterproofing walls & floors;Sandbags,Personal improvements;Modest house renovations;Structual house changes;Flood insurance;Waterproofing walls & floors;Sandbags
1,a87,-13,-78000.0,"{'rain_damage': 10, 'river_damage': 11}",80000,Personal improvements;Modest house renovations;Flood insurance;Sandbags,Personal improvements;Modest house renovations;Flood insurance;Sandbags
1,a88,-13,-79000.0,"{'rain_damage': 10, 'river_damage': 11}",80000,Personal improvements;Modest house renovations;Structual house changes;Sandbags,Personal improvements;Modest house renovations;Structual house changes;Sandbags
1,a89,-12,-80000.0,"{'rain_damage': 10, 'river_damage': 11}",80000,Personal improvements;Modest house renovations;Structual house changes;Flood insurance;Sandbags,Personal improvements;Modest house renovations;Structual house changes;Flood insurance;Sandbags
1,a90,-12,-75000.0,"{'rain_damage': 10, 'river_damage': 11}",80000,Personal improvements;Modest house renovations;Structual house changes;Flood insurance;Sandbags,Personal improvements;Modest house renovations;Structual house changes;Flood insurance;Sandbags
1,a91,-5,-61000.0,"{'rain_damage': 10, 'river_damage': 11}",64000,Personal improvements;Modest house renovations;Structual house changes;Flood insurance;Sandbags;Waterproofing walls & floors;Green garden;Rain barrel,Personal improvements;Modest house renovations;Structual house changes;Flood insurance;Sandbags;Waterproofing walls & floors;Green garden;Rain barrel
1,a92,-6,-57000.0,"{'rain_damage': 10, 'river_damage': 11}",64000,Personal improvements;Modest house renovations;Structual house changes;Flood insurance;Sandbags;Waterproofing walls & floors;Green garden;Water pump,Personal improvements;Modest house renovations;Structual house changes;Flood insurance;Sandbags;Waterproofing walls & floors;Green garden;Water pump
1,a93,-13,-79000.0,"{'rain_damage': 10, 'river_damage': 11}",80000,Personal improvements;Modest house renovations;Structual house changes;Sandbags,Personal improvements;Modest house renovations;Structual house changes;Sandbags
1,a94,-11,-75000.0,"{'rain_damage': 10, 'river_damage': 11}",76000,Personal improvements;Modest house renovations;Structual house changes;Flood insurance;Sandbags;Water pump,Personal improvements;Modest house renovations;Structual house changes;Flood insurance;Sandbags;Water pump
1,a95,-12,-75000.0,"{'rain_damage': 10, 'river_damage': 11}",80000,Personal improvements;Modest house renovations;Structual house changes;Flood insurance;Sandbags,Personal improvements;Modest house renovations;Structual house changes;Flood insurance;Sandbags
1,a96,-7,-65000.0,"{'rain_damage': 10, 'river_damage': 11}",68000,Personal improvements;Modest house renovations;Structual house changes;Flood insurance;Sandbags;Waterproofing walls & floors;Green garden,Personal improvements;Modest house renovations;Structual house changes;Flood insurance;Sandbags;Waterproofing walls & floors;Green garden
1,a97,-7,-65000.0,"{'rain_damage': 10, 'river_damage': 11}",68000,Personal improvements;Modest house renovations;Structual house changes;Flood insurance;Sandbags;Waterproofing walls & floors;Green garden,Personal improvements;Modest house renovations;Structual house changes;Flood insurance;Sandbags;Waterproofing walls & floors;Green garden
1,a98,-2,-47000.0,"{'rain_damage': 10, 'river_damage': 11}",52000,Personal improvements;Modest house renovations;Structual house changes;Flood insurance;Water pump;Sandbags;Waterproofing walls & floors;Green garden;Rain barrel;Self-activating wall,Personal improvements;Modest house renovations;Structual house changes;Flood insurance;Water pump;Sandbags;Waterproofing walls & floors;Green garden;Rain barrel;Self-activating wall
1,a99,-9,-67000.0,"{'rain_damage': 10, 'river_damage': 11}",72000,Personal improvements;Modest house renovations;Structual house changes;Flood insurance;Waterproofing walls & floors;Sandbags,Personal improvements;Modest house renovations;Structual house changes;Flood insurance;Waterproofing walls & floors;Sandbags
1,a100,-6,-62000.0,"{'rain_damage': 10, 'river_damage': 11}",64000,Personal improvements;Modest house renovations;Structual house changes;Flood insurance;Sandbags;Waterproofing walls & floors;Green garden;Water pump,Personal improvements;Modest house renovations;Structual house changes;Flood insurance;Sandbags;Waterproofing walls & floors;Green garden;Water pump
1,a101,-13,-78000.0,"{'rain_damage': 10, 'river_damage': 11}",80000,Personal improvements;Modest house renovations;Flood insurance;Sandbags,Personal improvements;Modest house renovations;Flood insurance;Sandbags
1,a102,-9,-67000.0,"{'rain_damage': 10, 'river_damage': 11}",72000,Personal improvements;Modest house renovations;Structual house changes;Flood insurance;Waterproofing walls & floors;Sandbags,Personal improvements;Modest house renovations;Structual house changes;Flood insurance;Waterproofing walls & floors;Sandbags
1,a103,-7,-65000.0,"{'rain_damage': 10, 'river_damage': 11}",68000,Personal improvements;Modest house renovations;Structual house changes;Flood insurance;Sandbags;Waterproofing walls & floors;Green garden,Personal improvements;Modest house renovations;Structual house changes;Flood insurance;Sandbags;Waterproofing walls & floors;Green garden
1,a104,-2,-37000.0,"{'rain_damage': 10, 'river_damage': 11}",52000,Personal improvements;Modest house renovations;Structual house changes;Flood insurance;Water pump;Sandbags;Waterproofing walls & floors;Green garden;Rain barrel;Self-activating wall,Personal improvements;Modest house renovations;Structual house changes;Flood insurance;Water pump;Sandbags;Waterproofing walls & floors;Green garden;Rain barrel;Self-activating wall
1,a105,-9,-67000.0,"{'rain_damage': 10, 'river_damage': 11}",72000,Personal improvements;Modest house renovations;Structual house changes;Flood insurance;Waterproofing walls & floors;Sandbags,Personal improvements;Modest house renovations;Structual house changes;Flood insurance;Waterproofing walls & floors;Sandbags
1,a106,-10,-73000.0,"{'rain_damage': 10, 'river_damage': 11}",76000,Personal improvements;Modest house renovations;Structual house changes;Flood insurance;Green garden;Sandbags,Personal improvements;Modest house renovations;Structual house changes;Flood insurance;Green garden;Sandbags
1,a107,-12,-75000.0,"{'rain_damage': 10, 'river_damage': 11}",80000,Personal improvements;Modest house renovations;Structual house changes;Flood insurance;Sandbags,Personal improvements;Modest house renovations;Structual house changes;Flood insurance;Sandbags
1,a108,-11,-79000.0,"{'rain_damage': 10, 'river_damage': 11}",80000,Personal improvements;Modest house renovations;Structual house changes;Flood insurance;Green garden,Personal improvements;Modest house renovations;Structual house changes;Flood insurance;Green garden
1,a109,-4,-56000.0,"{'rain_damage': 10, 'river_damage': 11}",56000,Personal improvements;Modest house renovations;Structual house changes;Flood insurance;Sandbags;Waterproofing walls & floors;Green garden;Water pump;Self-activating wall,Personal improvements;Modest house renovations;Structual house changes;Flood insurance;Sandbags;Waterproofing walls & floors;Green garden;Water pump;Self-activating wall
1,a110,-4,-56000.0,"{'rain_damage': 10, 'river_damage': 11}",56000,Personal improvements;Modest house renovations;Structual house changes;Flood insurance;Sandbags;Waterproofing walls & floors;Green garden;Water pump;Self-activating wall,Personal improvements;Modest house renovations;Structual house changes;Flood insurance;Sandbags;Waterproofing walls & floors;Green garden;Water pump;Self-activating wall
1,a111,-13,-79000.0,"{'rain_damage': 10, 'river_damage': 11}",80000,Personal improvements;Modest house renovations;Structual house changes;Sandbags,Personal improvements;Modest house renovations;Structual house changes;Sandbags
1,a112,-5,-61000.0,"{'rain_damage': 10, 'river_damage': 11}",64000,Personal improvements;Modest house renovations;Structual house changes;Flood insurance;Sandbags;Waterproofing walls & floors;Green garden;Rain barrel,Personal improvements;Modest house renovations;Structual house changes;Flood insurance;Sandbags;Waterproofing walls & floors;Green garden;Rain barrel
1,a113,-13,-84000.0,"{'rain_damage': 10, 'river_damage': 11}",84000,Personal improvements;Modest house renovations;Structual house changes;Flood insurance,Personal improvements;Modest house renovations;Structual house changes;Flood insurance
1,a114,-7,-65000.0,"{'rain_damage': 10, 'river_damage': 11}",68000,Personal improvements;Modest house renovations;Structual house changes;Flood insurance;Sandbags;Waterproofing walls & floors;Green garden,Personal improvements;Modest house renovations;Structual house changes;Flood insurance;Sandbags;Waterproofing walls & floors;Green garden
1,a115,-2,-42000.0,"{'rain_damage': 10, 'river_damage': 11}",52000,Personal improvements;Modest house renovations;Structual house changes;Flood insurance;Water pump;Sandbags;Waterproofing walls & floors;Green garden;Rain barrel;Self-activating wall,Personal improvements;Modest house renovations;Structual house changes;Flood insurance;Water pump;Sandbags;Waterproofing walls & floors;Green garden;Rain barrel;Self-activating wall
1,a116,-5,-61000.0,"{'rain_damage': 10, 'river_damage': 11}",64000,Personal improvements;Modest house renovations;Structual house changes;Flood insurance;Sandbags;Waterproofing walls & floors;Green garden;Rain barrel,Personal improvements;Modest house renovations;Structual house changes;Flood insurance;Sandbags;Waterproofing walls & floors;Green garden;Rain barrel
1,a117,-7,-65000.0,"{'rain_damage': 10, 'river_damage': 11}",68000,Personal improvements;Modest house renovations;Structual house changes;Flood insurance;Sandbags;Waterproofing walls & floors;Green garden,Personal improvements;Modest house renovations;Structual house changes;Flood insurance;Sandbags;Waterproofing walls & floors;Green garden
1,a118,-13,-84000.0,"{'rain_damage': 10, 'river_damage': 11}",84000,Personal improvements;Modest house renovations;Structual house changes;Flood insurance,Personal improvements;Modest house renovations;Structual house changes;Flood insurance
1,a119,-2,-42000.0,"{'rain_damage': 10, 'river_damage': 11}",52000,Personal improvements;Modest house renovations;Structual house changes;Flood insurance;Water pump;Sandbags;Waterproofing walls & floors;Green garden;Rain barrel;Self-activating wall,Personal improvements;Modest house renovations;Structual house changes;Flood insurance;Water pump;Sandbags;Waterproofing walls & floors;Green garden;Rain barrel;Self-activating wall
1,a120,-12,-80000.0,"{'rain_damage': 10, 'river_damage': 11}",80000,Personal improvements;Modest house renovations;Structual house changes;Flood insurance;Sandbags,Personal improvements;Modest house renovations;Structual house changes;Flood insurance;Sandbags
1,a121,-14,-82000.0,"{'rain_damage': 10, 'river_damage': 11}",84000,Personal improvements;Modest house renovations;Flood insurance,Personal improvements;Modest house renovations;Flood insurance
1,a122,-14,-83000.0,"{'rain_damage': 10, 'river_damage': 11}",84000,Personal improvements;Modest house renovations;Structual house changes,Personal improvements;Modest house renovations;Structual house changes
1,a123,-13,-79000.0,"{'rain_damage': 10, 'river_damage': 11}",80000,Personal improvements;Modest house renovations;Structual house changes;Sandbags,Personal improvements;Modest house renovations;Structual house changes;Sandbags
1,a124,-9,-72000.0,"{'rain_damage': 10, 'river_damage': 11}",72000,Personal improvements;Modest house renovations;Structual house changes;Flood insurance;Waterproofing walls & floors;Sandbags,Personal improvements;Modest house renovations;Structual house changes;Flood insurance;Waterproofing walls & floors;Sandbags
1,a125,-12,-80000.0,"{'rain_damage': 10, 'river_damage': 11}",80000,Personal improvements;Modest house renovations;Structual house changes;Flood insurance;Sandbags,Personal improvements;Modest house renovations;Structual house changes;Flood insurance;Sandbags
1,a126,-12,-75000.0,"{'rain_damage': 10, 'river_damage': 11}",80000,Personal improvements;Modest house renovations;Structual house changes;Flood insurance;Sandbags,Personal improvements;Modest house renovations;Structual house changes;Flood insurance;Sandbags
1,a127,-11,-79000.0,"{'rain_damage': 10, 'river_damage': 11}",80000,Personal improvements;Modest house renovations;Structual house changes;Flood insurance;Green garden,Personal improvements;Modest house renovations;Structual house changes;Flood insurance;Green garden
1,a128,-8,-64000.0,"{'rain_damage': 10, 'river_damage': 11}",68000,Personal improvements;Modest house renovations;Structual house changes;Flood insurance;Sandbags;Waterproofing walls & floors;Water pump,Personal improvements;Modest house renovations;Structual house changes;Flood insurance;Sandbags;Waterproofing walls & floors;Water pump
1,a129,-2,-52000.0,"{'rain_damage': 10, 'river_damage': 11}",52000,Personal improvements;Modest house renovations;Structual house changes;Flood insurance;Sandbags;Waterproofing walls & floors;Green garden;Rain barrel;Water pump;Self-activating wall,Personal improvements;Modest house renovations;Structual house changes;Flood insurance;Sandbags;Waterproofing walls & floors;Green garden;Rain barrel;Water pump;Self-activating wall
1,a130,-7,-68000.0,"{'rain_damage': 10, 'river_damage': 11}",68000,Personal improvements;Modest house renovations;Structual house changes;Flood insurance;Sandbags;Waterproofing walls & floors;Green garden,Personal improvements;Modest house renovations;Structual house changes;Flood insurance;Sandbags;Waterproofing walls & floors;Green garden
1,a131,-2,-42000.0,"{'rain_damage': 10, 'river_damage': 11}",52000,Personal improvements;Modest house renovations;Structual house changes;Flood insurance;Water pump;Sandbags;Waterproofing walls & floors;Green garden;Rain barrel;Self-activating wall,Personal improvements;Modest house renovations;Structual house changes;Flood insurance;Water pump;Sandbags;Waterproofing walls & floors;Green garden;Rain barrel;Self-activating wall
1,a132,-7,-65000.0,"{'rain_damage': 10, 'river_damage': 11}",68000,Personal improvements;Modest house renovations;Structual house changes;Flood insurance;Sandbags;Waterproofing walls & floors;Green garden,Personal improvements;Modest house renovations;Structual house changes;Flood insurance;Sandbags;Waterproofing walls & floors;Green garden
1,a133,-9,-67000.0,"{'rain_damage': 10, 'river_damage': 11}",72000,Personal improvements;Modest house renovations;Structual house changes;Flood insurance;Waterproofing walls & floors;Sandbags,Personal improvements;Modest house renovations;Structual house changes;Flood insurance;Waterproofing walls & floors;Sandbags
1,a134,-13,-78000.0,"{'rain_damage': 10, 'river_damage': 11}",80000,Personal improvements;Modest house renovations;Flood insurance;Sandbags,Personal improvements;Modest house renovations;Flood insurance;Sandbags
1,a135,-4,-56000.0,"{'rain_damage': 10, 'river_damage': 11}",56000,Personal improvements;Modest house renovations;Structual house changes;Flood insurance;Sandbags;Waterproofing walls & floors;Green garden;Water pump;Self-activating wall,Personal improvements;Modest house renovations;Structual house changes;Flood insurance;Sandbags;Waterproofing walls & floors;Green garden;Water pump;Self-activating wall
1,a136,-11,-75000.0,"{'rain_damage': 10, 'river_damage': 11}",76000,Personal improvements;Modest house renovations;Structual house changes;Flood insurance;Sandbags;Water pump,Personal improvements;Modest house renovations;Structual house changes;Flood insurance;Sandbags;Water pump
1,a137,-2,-37000.0,"{'rain_damage': 10, 'river_damage': 11}",52000,Personal improvements;Modest house renovations;Structual house changes;Flood insurance;Water pump;Sandbags;Waterproofing walls & floors;Green garden;Rain barrel;Self-activating wall,Personal improvements;Modest house renovations;Structual house changes;Flood insurance;Water pump;Sandbags;Waterproofing walls & floors;Green garden;Rain barrel;Self-activating wall
1,a138,-4,-56000.0,"{'rain_damage': 10, 'river_damage': 11}",56000,Personal improvements;Modest house renovations;Structual house changes;Flood insurance;Sandbags;Waterproofing walls & floors;Green garden;Water pump;Self-activating wall,Personal improvements;Modest house renovations;Structual house changes;Flood insurance;Sandbags;Waterproofing walls & floors;Green garden;Water pump;Self-activating wall
1,a139,-2,-52000.0,"{'rain_damage': 10, 'river_damage': 11}",52000,Personal improvements;Modest house renovations;Structual house changes;Flood insurance;Sandbags;Waterproofing walls & floors;Green garden;Rain barrel;Water pump;Self-activating wall,Personal improvements;Modest house renovations;Structual house changes;Flood insurance;Sandbags;Waterproofing walls & floors;Green garden;Rain barrel;Water pump;Self-activating wall
1,a140,-4,-53000.0,"{'rain_damage': 10, 'river_damage': 11}",60000,Personal improvements;Modest house renovations;Structual house changes;Flood insurance;Sandbags;Waterproofing walls & floors;Green garden;Rain barrel;Water pump,Personal improvements;Modest house renovations;Structual house changes;Flood insurance;Sandbags;Waterproofing walls & floors;Green garden;Rain barrel;Water pump
1,a141,-2,-42000.0,"{'rain_damage': 10, 'river_damage': 11}",52000,Personal improvements;Modest house renovations;Structual house changes;Flood insurance;Water pump;Sandbags;Waterproofing walls & floors;Green garden;Rain barrel;Self-activating wall,Personal improvements;Modest house renovations;Structual house changes;Flood insurance;Water pump;Sandbags;Waterproofing walls & floors;Green garden;Rain barrel;Self-activating wall
1,a142,-6,-57000.0,"{'rain_damage': 10, 'river_damage': 11}",64000,Personal improvements;Modest house renovations;Structual house changes;Flood insurance;Sandbags;Waterproofing walls & floors;Green garden;Water pump,Personal improvements;Modest house renovations;Structual house changes;Flood insurance;Sandbags;Waterproofing walls & floors;Green garden;Water pump
1,a143,-6,-62000.0,"{'rain_damage': 10, 'river_damage': 11}",64000,Personal improvements;Modest house renovations;Structual house changes;Flood insurance;Sandbags;Waterproofing walls & floors;Green garden;Water pump,Personal improvements;Modest house renovations;Structual house changes;Flood insurance;Sandbags;Waterproofing walls & floors;Green garden;Water pump
1,a144,-10,-73000.0,"{'rain_damage': 10, 'river_damage': 11}",76000,Personal improvements;Modest house renovations;Structual house changes;Flood insurance;Green garden;Sandbags,Personal improvements;Modest house renovations;Structual house changes;Flood insurance;Green garden;Sandbags
1,a145,-14,-84000.0,"{'rain_damage': 10, 'river_damage': 11}",84000,Personal improvements;Modest house renovations;Flood insurance,Personal improvements;Modest house renovations;Flood insurance
1,a146,-12,-75000.0,"{'rain_damage': 10, 'river_damage': 11}",80000,Personal improvements;Modest house renovations;Structual house changes;Flood insurance;Sandbags,Personal improvements;Modest house renovations;Structual house changes;Flood insurance;Sandbags
1,a147,-7,-65000.0,"{'rain_damage': 10, 'river_damage': 11}",68000,Personal improvements;Modest house renovations;Structual house changes;Flood insurance;Sandbags;Waterproofing walls & floors;Green garden,Personal improvements;Modest house renovations;Structual house changes;Flood insurance;Sandbags;Waterproofing walls & floors;Green garden
1,a148,-5,-61000.0,"{'rain_damage': 10, 'river_damage': 11}",64000,Personal improvements;Modest house renovations;Structual house changes;Flood insurance;Sandbags;Waterproofing walls & floors;Green garden;Rain barrel,Personal improvements;Modest house renovations;Structual house changes;Flood insurance;Sandbags;Waterproofing walls & floors;Green garden;Rain barrel
1,a149,-11,-75000.0,"{'rain_damage': 10, 'river_damage': 11}",76000,Personal improvements;Modest house renovations;Structual house changes;Flood insurance;Sandbags;Water pump,Personal improvements;Modest house renovations;Structual house changes;Flood insurance;Sandbags;Water pump
1,a150,-4,-56000.0,"{'rain_damage': 10, 'river_damage': 11}",56000,Personal improvements;Modest house renovations;Structual house changes;Flood insurance;Sandbags;Waterproofing walls & floors;Green garden;Water pump;Self-activating wall,Personal improvements;Modest house renovations;Structual house changes;Flood insurance;Sandbags;Waterproofing walls & floors;Green garden;Water pump;Self-activating wall
1,a151,-12,-80000.0,"{'rain_damage': 10, 'river_damage': 11}",80000,Personal improvements;Modest house renovations;Structual house changes;Flood insurance;Sandbags,Personal improvements;Modest house renovations;Structual house changes;Flood insurance;Sandbags
1,a152,-12,-75000.0,"{'rain_damage': 10, 'river_damage': 11}",80000,Personal improvements;Modest house renovations;Structual house changes;Flood insurance;Sandbags,Personal improvements;Modest house renovations;Structual house changes;Flood insurance;Sandbags
1,a153,-2,-42000.0,"{'rain_damage': 10, 'river_damage': 11}",52000,Personal improvements;Modest house renovations;Structual house changes;Flood insurance;Water pump;Sandbags;Waterproofing walls & floors;Green garden;Rain barrel;Self-activating wall,Personal improvements;Modest house renovations;Structual house changes;Flood insurance;Water pump;Sandbags;Waterproofing walls & floors;Green garden;Rain barrel;Self-activating wall
1,a154,-10,-73000.0,"{'rain_damage': 10, 'river_damage': 11}",76000,Personal improvements;Modest house renovations;Structual house changes;Flood insurance;Green garden;Sandbags,Personal improvements;Modest house renovations;Structual house changes;Flood insurance;Green garden;Sandbags
1,a155,-13,-79000.0,"{'rain_damage': 10, 'river_damage': 11}",80000,Personal improvements;Modest house renovations;Structual house changes;Sandbags,Personal improvements;Modest house renovations;Structual house changes;Sandbags
1,a156,-8,-64000.0,"{'rain_damage': 10, 'river_damage': 11}",68000,Personal improvements;Modest house renovations;Structual house changes;Flood insurance;Sandbags;Waterproofing walls & floors;Water pump,Personal improvements;Modest house renovations;Structual house changes;Flood insurance;Sandbags;Waterproofing walls & floors;Water pump
1,a157,-2,-42000.0,"{'rain_damage': 10, 'river_damage': 11}",52000,Personal improvements;Modest house renovations;Structual house changes;Flood insurance;Water pump;Sandbags;Waterproofing walls & floors;Green garden;Rain barrel;Self-activating wall,Personal improvements;Modest house renovations;Structual house changes;Flood insurance;Water pump;Sandbags;Waterproofing walls & floors;Green garden;Rain barrel;Self-activating wall
1,a158,-14,-84000.0,"{'rain_damage': 10, 'river_damage': 11}",84000,Personal improvements;Modest house renovations;Flood insurance,Personal improvements;Modest house renovations;Flood insurance
1,a159,-14,-82000.0,"{'rain_damage': 10, 'river_damage': 11}",84000,Personal improvements;Modest house renovations;Flood insurance,Personal improvements;Modest house renovations;Flood insurance
1,a160,-6,-57000.0,"{'rain_damage': 10, 'river_damage': 11}",64000,Personal improvements;Modest house renovations;Structual house changes;Flood insurance;Sandbags;Waterproofing walls & floors;Green garden;Water pump,Personal improvements;Modest house renovations;Structual house changes;Flood insurance;Sandbags;Waterproofing walls & floors;Green garden;Water pump
1,a161,-4,-56000.0,"{'rain_damage': 10, 'river_damage': 11}",56000,Personal improvements;Modest house renovations;Structual house changes;Flood insurance;Sandbags;Waterproofing walls & floors;Green garden;Water pump;Self-activating wall,Personal improvements;Modest house renovations;Structual house changes;Flood insurance;Sandbags;Waterproofing walls & floors;Green garden;Water pump;Self-activating wall
1,a162,-11,-75000.0,"{'rain_damage': 10, 'river_damage': 11}",76000,Personal improvements;Modest house renovations;Structual house changes;Flood insurance;Sandbags;Water pump,Personal improvements;Modest house renovations;Structual house changes;Flood insurance;Sandbags;Water pump
1,a163,-9,-72000.0,"{'rain_damage': 10, 'river_damage': 11}",72000,Personal improvements;Modest house renovations;Structual house changes;Flood insurance;Waterproofing walls & floors;Sandbags,Personal improvements;Modest house renovations;Structual house changes;Flood insurance;Waterproofing walls & floors;Sandbags
1,a164,-2,-12000.0,"{'rain_damage': 10, 'river_damage': 11}",52000,Personal improvements;Modest house renovations;Structual house changes;Flood insurance;Water pump;Self-activating wall;Sandbags;Waterproofing walls & floors;Green garden;Rain barrel,Personal improvements;Modest house renovations;Structual house changes;Flood insurance;Water pump;Self-activating wall;Sandbags;Waterproofing walls & floors;Green garden;Rain barrel
1,a165,-13,-78000.0,"{'rain_damage': 10, 'river_damage': 11}",80000,Personal improvements;Modest house renovations;Flood insurance;Sandbags,Personal improvements;Modest house renovations;Flood insurance;Sandbags
1,a166,-12,-80000.0,"{'rain_damage': 10, 'river_damage': 11}",80000,Personal improvements;Modest house renovations;Structual house changes;Flood insurance;Sandbags,Personal improvements;Modest house renovations;Structual house changes;Flood insurance;Sandbags
1,a167,-2,-42000.0,"{'rain_damage': 10, 'river_damage': 11}",52000,Personal improvements;Modest house renovations;Structual house changes;Flood insurance;Water pump;Sandbags;Waterproofing walls & floors;Green garden;Rain barrel;Self-activating wall,Personal improvements;Modest house renovations;Structual house changes;Flood insurance;Water pump;Sandbags;Waterproofing walls & floors;Green garden;Rain barrel;Self-activating wall
1,a168,-12,-75000.0,"{'rain_damage': 10, 'river_damage': 11}",80000,Personal improvements;Modest house renovations;Structual house changes;Flood insurance;Sandbags,Personal improvements;Modest house renovations;Structual house changes;Flood insurance;Sandbags
1,a169,-4,-53000.0,"{'rain_damage': 10, 'river_damage': 11}",60000,Personal improvements;Modest house renovations;Structual house changes;Flood insurance;Sandbags;Waterproofing walls & floors;Green garden;Rain barrel;Water pump,Personal improvements;Modest house renovations;Structual house changes;Flood insurance;Sandbags;Waterproofing walls & floors;Green garden;Rain barrel;Water pump
1,a170,-13,-79000.0,"{'rain_damage': 10, 'river_damage': 11}",80000,Personal improvements;Modest house renovations;Structual house changes;Sandbags,Personal improvements;Modest house renovations;Structual house changes;Sandbags
1,a171,-10,-73000.0,"{'rain_damage': 10, 'river_damage': 11}",76000,Personal improvements;Modest house renovations;Structual house changes;Flood insurance;Green garden;Sandbags,Personal improvements;Modest house renovations;Structual house changes;Flood insurance;Green garden;Sandbags
1,a172,-4,-53000.0,"{'rain_damage': 10, 'river_damage': 11}",60000,Personal improvements;Modest house renovations;Structual house changes;Flood insurance;Sandbags;Waterproofing walls & floors;Green garden;Rain barrel;Water pump,Personal improvements;Modest house renovations;Structual house changes;Flood insurance;Sandbags;Waterproofing walls & floors;Green garden;Rain barrel;Water pump
1,a173,-6,-57000.0,"{'rain_damage': 10, 'river_damage': 11}",64000,Personal improvements;Modest house renovations;Structual house changes;Flood insurance;Sandbags;Waterproofing walls & floors;Green garden;Water pump,Personal improvements;Modest house renovations;Structual house changes;Flood insurance;Sandbags;Waterproofing walls & floors;Green garden;Water pump
1,a174,-4,-56000.0,"{'rain_damage': 10, 'river_damage': 11}",56000,Personal improvements;Modest house renovations;Structual house changes;Flood insurance;Sandbags;Waterproofing walls & floors;Green garden;Water pump;Self-activating wall,Personal improvements;Modest house renovations;Structual house changes;Flood insurance;Sandbags;Waterproofing walls & floors;Green garden;Water pump;Self-activating wall
1,a175,-12,-75000.0,"{'rain_damage': 10, 'river_damage': 11}",80000,Personal improvements;Modest house renovations;Structual house changes;Flood insurance;Sandbags,Personal improvements;Modest house renovations;Structual house changes;Flood insurance;Sandbags
1,a176,-10,-73000.0,"{'rain_damage': 10, 'river_damage': 11}",76000,Personal improvements;Modest house renovations;Structual house changes;Flood insurance;Green garden;Sandbags,Personal improvements;Modest house renovations;Structual house changes;Flood insurance;Green garden;Sandbags
1,a177,-13,-79000.0,"{'rain_damage': 10, 'river_damage': 11}",80000,Personal improvements;Modest house renovations;Structual house changes;Sandbags,Personal improvements;Modest house renovations;Structual house changes;Sandbags
1,a178,-11,-79000.0,"{'rain_damage': 10, 'river_damage': 11}",80000,Personal improvements;Modest house renovations;Structual house changes;Flood insurance;Green garden,Personal improvements;Modest house renovations;Structual house changes;Flood insurance;Green garden
1,a179,-2,-47000.0,"{'rain_damage': 10, 'river_damage': 11}",52000,Personal improvements;Modest house renovations;Structual house changes;Flood insurance;Water pump;Sandbags;Waterproofing walls & floors;Green garden;Rain barrel;Self-activating wall,Personal improvements;Modest house renovations;Structual house changes;Flood insurance;Water pump;Sandbags;Waterproofing walls & floors;Green garden;Rain barrel;Self-activating wall
1,a180,-2,-52000.0,"{'rain_damage': 10, 'river_damage': 11}",52000,Personal improvements;Modest house renovations;Structual house changes;Flood insurance;Sandbags;Waterproofing walls & floors;Green garden;Rain barrel;Water pump;Self-activating wall,Personal improvements;Modest house renovations;Structual house changes;Flood insurance;Sandbags;Waterproofing walls & floors;Green garden;Rain barrel;Water pump;Self-activating wall
1,a181,-7,-65000.0,"{'rain_damage': 10, 'river_damage': 11}",68000,Personal improvements;Modest house renovations;Structual house changes;Flood insurance;Sandbags;Waterproofing walls & floors;Green garden,Personal improvements;Modest house renovations;Structual house changes;Flood insurance;Sandbags;Waterproofing walls & floors;Green garden
1,a182,-12,-80000.0,"{'rain_damage': 10, 'river_damage': 11}",80000,Personal improvements;Modest house renovations;Structual house changes;Flood insurance;Sandbags,Personal improvements;Modest house renovations;Structual house changes;Flood insurance;Sandbags
1,a183,-12,-80000.0,"{'rain_damage': 10, 'river_damage': 11}",80000,Personal improvements;Modest house renovations;Structual house changes;Flood insurance;Sandbags,Personal improvements;Modest house renovations;Structual house changes;Flood insurance;Sandbags
1,a184,-9,-67000.0,"{'rain_damage': 10, 'river_damage': 11}",72000,Personal improvements;Modest house renovations;Structual house changes;Flood insurance;Waterproofing walls & floors;Sandbags,Personal improvements;Modest house renovations;Structual house changes;Flood insurance;Waterproofing walls & floors;Sandbags
1,a185,-6,-57000.0,"{'rain_damage': 10, 'river_damage': 11}",64000,Personal improvements;Modest house renovations;Structual house changes;Flood insurance;Sandbags;Waterproofing walls & floors;Green garden;Water pump,Personal improvements;Modest house renovations;Structual house changes;Flood insurance;Sandbags;Waterproofing walls & floors;Green garden;Water pump
1,a186,-5,-61000.0,"{'rain_damage': 10, 'river_damage': 11}",64000,Personal improvements;Modest house renovations;Structual house changes;Flood insurance;Sandbags;Waterproofing walls & floors;Green garden;Rain barrel,Personal improvements;Modest house renovations;Structual house changes;Flood insurance;Sandbags;Waterproofing walls & floors;Green garden;Rain barrel
1,a187,-6,-62000.0,"{'rain_damage': 10, 'river_damage': 11}",64000,Personal improvements;Modest house renovations;Structual house changes;Flood insurance;Sandbags;Waterproofing walls & floors;Green garden;Water pump,Personal improvements;Modest house renovations;Structual house changes;Flood insurance;Sandbags;Waterproofing walls & floors;Green garden;Water pump
1,a188,-12,-80000.0,"{'rain_damage': 10, 'river_damage': 11}",80000,Personal improvements;Modest house renovations;Structual house changes;Flood insurance;Sandbags,Personal improvements;Modest house renovations;Structual house changes;Flood insurance;Sandbags
1,a189,-7,-68000.0,"{'rain_damage': 10, 'river_damage': 11}",68000,Personal improvements;Modest house renovations;Structual house changes;Flood insurance;Sandbags;Waterproofing walls & floors;Green garden,Personal improvements;Modest house renovations;Structual house changes;Flood insurance;Sandbags;Waterproofing walls & floors;Green garden
1,a190,-11,-79000.0,"{'rain_damage': 10, 'river_damage': 11}",80000,Personal improvements;Modest house renovations;Structual house changes;Flood insurance;Green garden,Personal improvements;Modest house renovations;Structual house changes;Flood insurance;Green garden
1,a191,-9,-72000.0,"{'rain_damage': 10, 'river_damage': 11}",72000,Personal improvements;Modest house renovations;Structual house changes;Flood insurance;Waterproofing walls & floors;Sandbags,Personal improvements;Modest house renovations;Structual house changes;Flood insurance;Waterproofing walls & floors;Sandbags
1,a192,-7,-68000.0,"{'rain_damage': 10, 'river_damage': 11}",68000,Personal improvements;Modest house renovations;Structual house changes;Flood insurance;Sandbags;Waterproofing walls & floors;Green garden,Personal improvements;Modest house renovations;Structual house changes;Flood insurance;Sandbags;Waterproofing walls & floors;Green garden
1,a193,-2,-47000.0,"{'rain_damage': 10, 'river_damage': 11}",52000,Personal improvements;Modest house renovations;Structual house changes;Flood insurance;Water pump;Sandbags;Waterproofing walls & floors;Green garden;Rain barrel;Self-activating wall,Personal improvements;Modest house renovations;Structual house changes;Flood insurance;Water pump;Sandbags;Waterproofing walls & floors;Green garden;Rain barrel;Self-activating wall
1,a194,-9,-72000.0,"{'rain_damage': 10, 'river_damage': 11}",72000,Personal improvements;Modest house renovations;Structual house changes;Flood insurance;Waterproofing walls & floors;Sandbags,Personal improvements;Modest house renovations;Structual house changes;Flood insurance;Waterproofing walls & floors;Sandbags
1,a195,-4,-56000.0,"{'rain_damage': 10, 'river_damage': 11}",56000,Personal improvements;Modest house renovations;Structual house changes;Flood insurance;Sandbags;Waterproofing walls & floors;Green garden;Water pump;Self-activating wall,Personal improvements;Modest house renovations;Structual house changes;Flood insurance;Sandbags;Waterproofing walls & floors;Green garden;Water pump;Self-activating wall
1,a196,-9,-72000.0,"{'rain_damage': 10, 'river_damage': 11}",72000,Personal improvements;Modest house renovations;Structual house changes;Flood insurance;Waterproofing walls & floors;Sandbags,Personal improvements;Modest house renovations;Structual house changes;Flood insurance;Waterproofing walls & floors;Sandbags
1,a197,-7,-65000.0,"{'rain_damage': 10, 'river_damage': 11}",68000,Personal improvements;Modest house renovations;Structual house changes;Flood insurance;Sandbags;Waterproofing walls & floors;Green garden,Personal improvements;Modest house renovations;Structual house changes;Flood insurance;Sandbags;Waterproofing walls & floors;Green garden
1,a198,-13,-79000.0,"{'rain_damage': 10, 'river_damage': 11}",80000,Personal improvements;Modest house renovations;Structual house changes;Sandbags,Personal improvements;Modest house renovations;Structual house changes;Sandbags
1,a199,-12,-80000.0,"{'rain_damage': 10, 'river_damage': 11}",80000,Personal improvements;Modest house renovations;Structual house changes;Flood insurance;Sandbags,Personal improvements;Modest house renovations;Structual house changes;Flood insurance;Sandbags
1,a200,-14,-82000.0,"{'rain_damage': 10, 'river_damage': 11}",84000,Personal improvements;Modest house renovations;Flood insurance,Personal improvements;Modest house renovations;Flood insurance
1,a201,-8,-64000.0,"{'rain_damage': 10, 'river_damage': 11}",68000,Personal improvements;Modest house renovations;Structual house changes;Flood insurance;Sandbags;Waterproofing walls & floors;Water pump,Personal improvements;Modest house renovations;Structual house changes;Flood insurance;Sandbags;Waterproofing walls & floors;Water pump
1,a202,-14,-82000.0,"{'rain_damage': 10, 'river_damage': 11}",84000,Personal improvements;Modest house renovations;Flood insurance,Personal improvements;Modest house renovations;Flood insurance
1,a203,-4,-56000.0,"{'rain_damage': 10, 'river_damage': 11}",56000,Personal improvements;Modest house renovations;Structual house changes;Flood insurance;Sandbags;Waterproofing walls & floors;Green garden;Water pump;Self-activating wall,Personal improvements;Modest house renovations;Structual house changes;Flood insurance;Sandbags;Waterproofing walls & floors;Green garden;Water pump;Self-activating wall
1,a204,-2,-37000.0,"{'rain_damage': 10, 'river_damage': 11}",52000,Personal improvements;Modest house renovations;Structual house changes;Flood insurance;Water pump;Sandbags;Waterproofing walls & floors;Green garden;Rain barrel;Self-activating wall,Personal improvements;Modest house renovations;Structual house changes;Flood insurance;Water pump;Sandbags;Waterproofing walls & floors;Green garden;Rain barrel;Self-activating wall
1,a205,-7,-68000.0,"{'rain_damage': 10, 'river_damage': 11}",68000,Personal improvements;Modest house renovations;Structual house changes;Flood insurance;Sandbags;Waterproofing walls & floors;Green garden,Personal improvements;Modest house renovations;Structual house changes;Flood insurance;Sandbags;Waterproofing walls & floors;Green garden
1,a206,-12,-75000.0,"{'rain_damage': 10, 'river_damage': 11}",80000,Personal improvements;Modest house renovations;Structual house changes;Flood insurance;Sandbags,Personal improvements;Modest house renovations;Structual house changes;Flood insurance;Sandbags
1,a207,-9,-67000.0,"{'rain_damage': 10, 'river_damage': 11}",72000,Personal improvements;Modest house renovations;Structual house changes;Flood insurance;Waterproofing walls & floors;Sandbags,Personal improvements;Modest house renovations;Structual house changes;Flood insurance;Waterproofing walls & floors;Sandbags
1,a208,-12,-80000.0,"{'rain_damage': 10, 'river_damage': 11}",80000,Personal improvements;Modest house renovations;Structual house changes;Flood insurance;Sandbags,Personal improvements;Modest house renovations;Structual house changes;Flood insurance;Sandbags
1,a209,-12,-75000.0,"{'rain_damage': 10, 'river_damage': 11}",80000,Personal improvements;Modest house renovations;Structual house changes;Flood insurance;Sandbags,Personal improvements;Modest house renovations;Structual house changes;Flood insurance;Sandbags
1,a210,-14,-84000.0,"{'rain_damage': 10, 'river_damage': 11}",84000,Personal improvements;Modest house renovations;Flood insurance,Personal improvements;Modest house renovations;Flood insurance
1,a211,-12,-75000.0,"{'rain_damage': 10, 'river_damage': 11}",80000,Personal improvements;Modest house renovations;Structual house changes;Flood insurance;Sandbags,Personal improvements;Modest house renovations;Structual house changes;Flood insurance;Sandbags
1,a212,-8,-64000.0,"{'rain_damage': 10, 'river_damage': 11}",68000,Personal improvements;Modest house renovations;Structual house changes;Flood insurance;Sandbags;Waterproofing walls & floors;Water pump,Personal improvements;Modest house renovations;Structual house changes;Flood insurance;Sandbags;Waterproofing walls & floors;Water pump
1,a213,-6,-57000.0,"{'rain_damage': 10, 'river_damage': 11}",64000,Personal improvements;Modest house renovations;Structual house changes;Flood insurance;Sandbags;Waterproofing walls & floors;Green garden;Water pump,Personal improvements;Modest house renovations;Structual house changes;Flood insurance;Sandbags;Waterproofing walls & floors;Green garden;Water pump
1,a214,-13,-78000.0,"{'rain_damage': 10, 'river_damage': 11}",80000,Personal improvements;Modest house renovations;Flood insurance;Sandbags,Personal improvements;Modest house renovations;Flood insurance;Sandbags
1,a215,-14,-82000.0,"{'rain_damage': 10, 'river_damage': 11}",84000,Personal improvements;Modest house renovations;Flood insurance,Personal improvements;Modest house renovations;Flood insurance
1,a216,-2,-42000.0,"{'rain_damage': 10, 'river_damage': 11}",52000,Personal improvements;Modest house renovations;Structual house changes;Flood insurance;Water pump;Sandbags;Waterproofing walls & floors;Green garden;Rain barrel;Self-activating wall,Personal improvements;Modest house renovations;Structual house changes;Flood insurance;Water pump;Sandbags;Waterproofing walls & floors;Green garden;Rain barrel;Self-activating wall
1,a217,-10,-73000.0,"{'rain_damage': 10, 'river_damage': 11}",76000,Personal improvements;Modest house renovations;Structual house changes;Flood insurance;Green garden;Sandbags,Personal improvements;Modest house renovations;Structual house changes;Flood insurance;Green garden;Sandbags
1,a218,-4,-56000.0,"{'rain_damage': 10, 'river_damage': 11}",56000,Personal improvements;Modest house renovations;Structual house changes;Flood insurance;Sandbags;Waterproofing walls & floors;Green garden;Water pump;Self-activating wall,Personal improvements;Modest house renovations;Structual house changes;Flood insurance;Sandbags;Waterproofing walls & floors;Green garden;Water pump;Self-activating wall
1,a219,-12,-75000.0,"{'rain_damage': 10, 'river_damage': 11}",80000,Personal improvements;Modest house renovations;Structual house changes;Flood insurance;Sandbags,Personal improvements;Modest house renovations;Structual house changes;Flood insurance;Sandbags
1,a220,-4,-56000.0,"{'rain_damage': 10, 'river_damage': 11}",56000,Personal improvements;Modest house renovations;Structual house changes;Flood insurance;Sandbags;Waterproofing walls & floors;Green garden;Water pump;Self-activating wall,Personal improvements;Modest house renovations;Structual house changes;Flood insurance;Sandbags;Waterproofing walls & floors;Green garden;Water pump;Self-activating wall
1,a221,-11,-79000.0,"{'rain_damage': 10, 'river_damage': 11}",80000,Personal improvements;Modest house renovations;Structual house changes;Flood insurance;Green garden,Personal improvements;Modest house renovations;Structual house changes;Flood insurance;Green garden
1,a222,-7,-65000.0,"{'rain_damage': 10, 'river_damage': 11}",68000,Personal improvements;Modest house renovations;Structual house changes;Flood insurance;Sandbags;Waterproofing walls & floors;Green garden,Personal improvements;Modest house renovations;Structual house changes;Flood insurance;Sandbags;Waterproofing walls & floors;Green garden
1,a223,-13,-79000.0,"{'rain_damage': 10, 'river_damage': 11}",80000,Personal improvements;Modest house renovations;Structual house changes;Sandbags,Personal improvements;Modest house renovations;Structual house changes;Sandbags
1,a224,-2,-42000.0,"{'rain_damage': 10, 'river_damage': 11}",52000,Personal improvements;Modest house renovations;Structual house changes;Flood insurance;Water pump;Sandbags;Waterproofing walls & floors;Green garden;Rain barrel;Self-activating wall,Personal improvements;Modest house renovations;Structual house changes;Flood insurance;Water pump;Sandbags;Waterproofing walls & floors;Green garden;Rain barrel;Self-activating wall
1,a225,-11,-79000.0,"{'rain_damage': 10, 'river_damage': 11}",80000,Personal improvements;Modest house renovations;Structual house changes;Flood insurance;Green garden,Personal improvements;Modest house renovations;Structual house changes;Flood insurance;Green garden
1,a226,-14,-82000.0,"{'rain_damage': 10, 'river_damage': 11}",84000,Personal improvements;Modest house renovations;Flood insurance,Personal improvements;Modest house renovations;Flood insurance
1,a227,-2,-42000.0,"{'rain_damage': 10, 'river_damage': 11}",52000,Personal improvements;Modest house renovations;Structual house changes;Flood insurance;Water pump;Sandbags;Waterproofing walls & floors;Green garden;Rain barrel;Self-activating wall,Personal improvements;Modest house renovations;Structual house changes;Flood insurance;Water pump;Sandbags;Waterproofing walls & floors;Green garden;Rain barrel;Self-activating wall
1,a228,-8,-64000.0,"{'rain_damage': 10, 'river_damage': 11}",68000,Personal improvements;Modest house renovations;Structual house changes;Flood insurance;Sandbags;Waterproofing walls & floors;Water pump,Personal improvements;Modest house renovations;Structual house changes;Flood insurance;Sandbags;Waterproofing walls & floors;Water pump
1,a229,-12,-80000.0,"{'rain_damage': 10, 'river_damage': 11}",80000,Personal improvements;Modest house renovations;Structual house changes;Flood insurance;Sandbags,Personal improvements;Modest house renovations;Structual house changes;Flood insurance;Sandbags
1,a230,-14,-83000.0,"{'rain_damage': 10, 'river_damage': 11}",84000,Personal improvements;Modest house renovations;Structual house changes,Personal improvements;Modest house renovations;Structual house changes
1,a231,-13,-79000.0,"{'rain_damage': 10, 'river_damage': 11}",80000,Personal improvements;Modest house renovations;Structual house changes;Sandbags,Personal improvements;Modest house renovations;Structual house changes;Sandbags
1,a232,-2,-47000.0,"{'rain_damage': 10, 'river_damage': 11}",52000,Personal improvements;Modest house renovations;Structual house changes;Flood insurance;Water pump;Sandbags;Waterproofing walls & floors;Green garden;Rain barrel;Self-activating wall,Personal improvements;Modest house renovations;Structual house changes;Flood insurance;Water pump;Sandbags;Waterproofing walls & floors;Green garden;Rain barrel;Self-activating wall
1,a233,-8,-64000.0,"{'rain_damage': 10, 'river_damage': 11}",68000,Personal improvements;Modest house renovations;Structual house changes;Flood insurance;Sandbags;Waterproofing walls & floors;Water pump,Personal improvements;Modest house renovations;Structual house changes;Flood insurance;Sandbags;Waterproofing walls & floors;Water pump
1,a234,-11,-75000.0,"{'rain_damage': 10, 'river_damage': 11}",76000,Personal improvements;Modest house renovations;Structual house changes;Flood insurance;Sandbags;Water pump,Personal improvements;Modest house renovations;Structual house changes;Flood insurance;Sandbags;Water pump
1,a235,-2,-12000.0,"{'rain_damage': 10, 'river_damage': 11}",52000,Personal improvements;Modest house renovations;Structual house changes;Flood insurance;Water pump;Self-activating wall;Sandbags;Waterproofing walls & floors;Green garden;Rain barrel,Personal improvements;Modest house renovations;Structual house changes;Flood insurance;Water pump;Self-activating wall;Sandbags;Waterproofing walls & floors;Green garden;Rain barrel
1,a236,-9,-72000.0,"{'rain_damage': 10, 'river_damage': 11}",72000,Personal improvements;Modest house renovations;Structual house changes;Flood insurance;Waterproofing walls & floors;Sandbags,Personal improvements;Modest house renovations;Structual house changes;Flood insurance;Waterproofing walls & floors;Sandbags
1,a237,-11,-79000.0,"{'rain_damage': 10, 'river_damage': 11}",80000,Personal improvements;Modest house renovations;Structual house changes;Flood insurance;Green garden,Personal improvements;Modest house renovations;Structual house changes;Flood insurance;Green garden
1,a238,-13,-78000.0,"{'rain_damage': 10, 'river_damage': 11}",80000,Personal improvements;Modest house renovations;Flood insurance;Sandbags,Personal improvements;Modest house renovations;Flood insurance;Sandbags
1,a239,-12,-75000.0,"{'rain_damage': 10, 'river_damage': 11}",80000,Personal improvements;Modest house renovations;Structual house changes;Flood insurance;Sandbags,Personal improvements;Modest house renovations;Structual house changes;Flood insurance;Sandbags
1,a240,-2,-47000.0,"{'rain_damage': 10, 'river_damage': 11}",52000,Personal improvements;Modest house renovations;Structual house changes;Flood insurance;Water pump;Sandbags;Waterproofing walls & floors;Green garden;Rain barrel;Self-activating wall,Personal improvements;Modest house renovations;Structual house changes;Flood insurance;Water pump;Sandbags;Waterproofing walls & floors;Green garden;Rain barrel;Self-activating wall
1,a241,-12,-80000.0,"{'rain_damage': 10, 'river_damage': 11}",80000,Personal improvements;Modest house renovations;Structual house changes;Flood insurance;Sandbags,Personal improvements;Modest house renovations;Structual house changes;Flood insurance;Sandbags
1,a242,-6,-62000.0,"{'rain_damage': 10, 'river_damage': 11}",64000,Personal improvements;Modest house renovations;Structual house changes;Flood insurance;Sandbags;Waterproofing walls & floors;Green garden;Water pump,Personal improvements;Modest house renovations;Structual house changes;Flood insurance;Sandbags;Waterproofing walls & floors;Green garden;Water pump
1,a243,-14,-83000.0,"{'rain_damage': 10, 'river_damage': 11}",84000,Personal improvements;Modest house renovations;Structual house changes,Personal improvements;Modest house renovations;Structual house changes
1,a244,-4,-53000.0,"{'rain_damage': 10, 'river_damage': 11}",60000,Personal improvements;Modest house renovations;Structual house changes;Flood insurance;Sandbags;Waterproofing walls & floors;Green garden;Rain barrel;Water pump,Personal improvements;Modest house renovations;Structual house changes;Flood insurance;Sandbags;Waterproofing walls & floors;Green garden;Rain barrel;Water pump
1,a245,-11,-79000.0,"{'rain_damage': 10, 'river_damage': 11}",80000,Personal improvements;Modest house renovations;Structual house changes;Flood insurance;Green garden,Personal improvements;Modest house renovations;Structual house changes;Flood insurance;Green garden
1,a246,-13,-78000.0,"{'rain_damage': 10, 'river_damage': 11}",80000,Personal improvements;Modest house renovations;Flood insurance;Sandbags,Personal improvements;Modest house renovations;Flood insurance;Sandbags
1,a247,-9,-67000.0,"{'rain_damage': 10, 'river_damage': 11}",72000,Personal improvements;Modest house renovations;Structual house changes;Flood insurance;Waterproofing walls & floors;Sandbags,Personal improvements;Modest house renovations;Structual house changes;Flood insurance;Waterproofing walls & floors;Sandbags
1,a248,-13,-79000.0,"{'rain_damage': 10, 'river_damage': 11}",80000,Personal improvements;Modest house renovations;Structual house changes;Sandbags,Personal improvements;Modest house renovations;Structual house changes;Sandbags
1,a249,-12,-80000.0,"{'rain_damage': 10, 'river_damage': 11}",80000,Personal improvements;Modest house renovations;Structual house changes;Flood insurance;Sandbags,Personal improvements;Modest house renovations;Structual house changes;Flood insurance;Sandbags
1,a250,-7,-65000.0,"{'rain_damage': 10, 'river_damage': 11}",68000,Personal improvements;Modest house renovations;Structual house changes;Flood insurance;Sandbags;Waterproofing walls & floors;Green garden,Personal improvements;Modest house renovations;Structual house changes;Flood insurance;Sandbags;Waterproofing walls & floors;Green garden
1,a251,-8,-64000.0,"{'rain_damage': 10, 'river_damage': 11}",68000,Personal improvements;Modest house renovations;Structual house changes;Flood insurance;Sandbags;Waterproofing walls & floors;Water pump,Personal improvements;Modest house renovations;Structual house changes;Flood insurance;Sandbags;Waterproofing walls & floors;Water pump
1,a252,-7,-65000.0,"{'rain_damage': 10, 'river_damage': 11}",68000,Personal improvements;Modest house renovations;Structual house changes;Flood insurance;Sandbags;Waterproofing walls & floors;Green garden,Personal improvements;Modest house renovations;Structual house changes;Flood insurance;Sandbags;Waterproofing walls & floors;Green garden
1,a253,-9,-72000.0,"{'rain_damage': 10, 'river_damage': 11}",72000,Personal improvements;Modest house renovations;Structual house changes;Flood insurance;Waterproofing walls & floors;Sandbags,Personal improvements;Modest house renovations;Structual house changes;Flood insurance;Waterproofing walls & floors;Sandbags
1,a254,-10,-73000.0,"{'rain_damage': 10, 'river_damage': 11}",76000,Personal improvements;Modest house renovations;Structual house changes;Flood insurance;Green garden;Sandbags,Personal improvements;Modest house renovations;Structual house changes;Flood insurance;Green garden;Sandbags
1,a255,-2,-42000.0,"{'rain_damage': 10, 'river_damage': 11}",52000,Personal improvements;Modest house renovations;Structual house changes;Flood insurance;Water pump;Sandbags;Waterproofing walls & floors;Green garden;Rain barrel;Self-activating wall,Personal improvements;Modest house renovations;Structual house changes;Flood insurance;Water pump;Sandbags;Waterproofing walls & floors;Green garden;Rain barrel;Self-activating wall
1,a256,-6,-62000.0,"{'rain_damage': 10, 'river_damage': 11}",64000,Personal improvements;Modest house renovations;Structual house changes;Flood insurance;Sandbags;Waterproofing walls & floors;Green garden;Water pump,Personal improvements;Modest house renovations;Structual house changes;Flood insurance;Sandbags;Waterproofing walls & floors;Green garden;Water pump
1,a257,-13,-78000.0,"{'rain_damage': 10, 'river_damage': 11}",80000,Personal improvements;Modest house renovations;Flood insurance;Sandbags,Personal improvements;Modest house renovations;Flood insurance;Sandbags
1,a258,-2,-47000.0,"{'rain_damage': 10, 'river_damage': 11}",52000,Personal improvements;Modest house renovations;Structual house changes;Flood insurance;Water pump;Sandbags;Waterproofing walls & floors;Green garden;Rain barrel;Self-activating wall,Personal improvements;Modest house renovations;Structual house changes;Flood insurance;Water pump;Sandbags;Waterproofing walls & floors;Green garden;Rain barrel;Self-activating wall
1,a259,-2,-47000.0,"{'rain_damage': 10, 'river_damage': 11}",52000,Personal improvements;Modest house renovations;Structual house changes;Flood insurance;Water pump;Sandbags;Waterproofing walls & floors;Green garden;Rain barrel;Self-activating wall,Personal improvements;Modest house renovations;Structual house changes;Flood insurance;Water pump;Sandbags;Waterproofing walls & floors;Green garden;Rain barrel;Self-activating wall
1,a260,-12,-80000.0,"{'rain_damage': 10, 'river_damage': 11}",80000,Personal improvements;Modest house renovations;Structual house changes;Flood insurance;Sandbags,Personal improvements;Modest house renovations;Structual house changes;Flood insurance;Sandbags
1,a261,-7,-65000.0,"{'rain_damage': 10, 'river_damage': 11}",68000,Personal improvements;Modest house renovations;Structual house changes;Flood insurance;Sandbags;Waterproofing walls & floors;Green garden,Personal improvements;Modest house renovations;Structual house changes;Flood insurance;Sandbags;Waterproofing walls & floors;Green garden
1,a262,-11,-79000.0,"{'rain_damage': 10, 'river_damage': 11}",80000,Personal improvements;Modest house renovations;Structual house changes;Flood insurance;Green garden,Personal improvements;Modest house renovations;Structual house changes;Flood insurance;Green garden
1,a263,-7,-65000.0,"{'rain_damage': 10, 'river_damage': 11}",68000,Personal improvements;Modest house renovations;Structual house changes;Flood insurance;Sandbags;Waterproofing walls & floors;Green garden,Personal improvements;Modest house renovations;Structual house changes;Flood insurance;Sandbags;Waterproofing walls & floors;Green garden
1,a264,-12,-80000.0,"{'rain_damage': 10, 'river_damage': 11}",80000,Personal improvements;Modest house renovations;Structual house changes;Flood insurance;Sandbags,Personal improvements;Modest house renovations;Structual house changes;Flood insurance;Sandbags
1,a265,-4,-53000.0,"{'rain_damage': 10, 'river_damage': 11}",60000,Personal improvements;Modest house renovations;Structual house changes;Flood insurance;Sandbags;Waterproofing walls & floors;Green garden;Rain barrel;Water pump,Personal improvements;Modest house renovations;Structual house changes;Flood insurance;Sandbags;Waterproofing walls & floors;Green garden;Rain barrel;Water pump
1,a266,-14,-82000.0,"{'rain_damage': 10, 'river_damage': 11}",84000,Personal improvements;Modest house renovations;Flood insurance,Personal improvements;Modest house renovations;Flood insurance
1,a267,-9,-67000.0,"{'rain_damage': 10, 'river_damage': 11}",72000,Personal improvements;Modest house renovations;Structual house changes;Flood insurance;Waterproofing walls & floors;Sandbags,Personal improvements;Modest house renovations;Structual house changes;Flood insurance;Waterproofing walls & floors;Sandbags
1,a268,-12,-80000.0,"{'rain_damage': 10, 'river_damage': 11}",80000,Personal improvements;Modest house renovations;Structual house changes;Flood insurance;Sandbags,Personal improvements;Modest house renovations;Structual house changes;Flood insurance;Sandbags
1,a269,-6,-62000.0,"{'rain_damage': 10, 'river_damage': 11}",64000,Personal improvements;Modest house renovations;Structual house changes;Flood insurance;Sandbags;Waterproofing walls & floors;Green garden;Water pump,Personal improvements;Modest house renovations;Structual house changes;Flood insurance;Sandbags;Waterproofing walls & floors;Green garden;Water pump
1,a270,-8,-64000.0,"{'rain_damage': 10, 'river_damage': 11}",68000,Personal improvements;Modest house renovations;Structual house changes;Flood insurance;Sandbags;Waterproofing walls & floors;Water pump,Personal improvements;Modest house renovations;Structual house changes;Flood insurance;Sandbags;Waterproofing walls & floors;Water pump
1,a271,-6,-62000.0,"{'rain_damage': 10, 'river_damage': 11}",64000,Personal improvements;Modest house renovations;Structual house changes;Flood insurance;Sandbags;Waterproofing walls & floors;Green garden;Water pump,Personal improvements;Modest house renovations;Structual house changes;Flood insurance;Sandbags;Waterproofing walls & floors;Green garden;Water pump
1,a272,-2,-42000.0,"{'rain_damage': 10, 'river_damage': 11}",52000,Personal improvements;Modest house renovations;Structual house changes;Flood insurance;Water pump;Sandbags;Waterproofing walls & floors;Green garden;Rain barrel;Self-activating wall,Personal improvements;Modest house renovations;Structual house changes;Flood insurance;Water pump;Sandbags;Waterproofing walls & floors;Green garden;Rain barrel;Self-activating wall
1,a273,-7,-65000.0,"{'rain_damage': 10, 'river_damage': 11}",68000,Personal improvements;Modest house renovations;Structual house changes;Flood insurance;Sandbags;Waterproofing walls & floors;Green garden,Personal improvements;Modest house renovations;Structual house changes;Flood insurance;Sandbags;Waterproofing walls & floors;Green garden
1,a274,-12,-80000.0,"{'rain_damage': 10, 'river_damage': 11}",80000,Personal improvements;Modest house renovations;Structual house changes;Flood insurance;Sandbags,Personal improvements;Modest house renovations;Structual house changes;Flood insurance;Sandbags
1,a275,-12,-75000.0,"{'rain_damage': 10, 'river_damage': 11}",80000,Personal improvements;Modest house renovations;Structual house changes;Flood insurance;Sandbags,Personal improvements;Modest house renovations;Structual house changes;Flood insurance;Sandbags
1,a276,-4,-58000.0,"{'rain_damage': 10, 'river_damage': 11}",60000,Personal improvements;Modest house renovations;Structual house changes;Flood insurance;Sandbags;Waterproofing walls & floors;Green garden;Rain barrel;Water pump,Personal improvements;Modest house renovations;Structual house changes;Flood insurance;Sandbags;Waterproofing walls & floors;Green garden;Rain barrel;Water pump
1,a277,-14,-84000.0,"{'rain_damage': 10, 'river_damage': 11}",84000,Personal improvements;Modest house renovations;Flood insurance,Personal improvements;Modest house renovations;Flood insurance
1,a278,-9,-72000.0,"{'rain_damage': 10, 'river_damage': 11}",72000,Personal improvements;Modest house renovations;Structual house changes;Flood insurance;Waterproofing walls & floors;Sandbags,Personal improvements;Modest house renovations;Structual house changes;Flood insurance;Waterproofing walls & floors;Sandbags
1,a279,-9,-67000.0,"{'rain_damage': 10, 'river_damage': 11}",72000,Personal improvements;Modest house renovations;Structual house changes;Flood insurance;Waterproofing walls & floors;Sandbags,Personal improvements;Modest house renovations;Structual house changes;Flood insurance;Waterproofing walls & floors;Sandbags
1,a280,-2,-42000.0,"{'rain_damage': 10, 'river_damage': 11}",52000,Personal improvements;Modest house renovations;Structual house changes;Flood insurance;Water pump;Sandbags;Waterproofing walls & floors;Green garden;Rain barrel;Self-activating wall,Personal improvements;Modest house renovations;Structual house changes;Flood insurance;Water pump;Sandbags;Waterproofing walls & floors;Green garden;Rain barrel;Self-activating wall
1,a281,-4,-58000.0,"{'rain_damage': 10, 'river_damage': 11}",60000,Personal improvements;Modest house renovations;Structual house changes;Flood insurance;Sandbags;Waterproofing walls & floors;Green garden;Rain barrel;Water pump,Personal improvements;Modest house renovations;Structual house changes;Flood insurance;Sandbags;Waterproofing walls & floors;Green garden;Rain barrel;Water pump
1,a282,-10,-73000.0,"{'rain_damage': 10, 'river_damage': 11}",76000,Personal improvements;Modest house renovations;Structual house changes;Flood insurance;Green garden;Sandbags,Personal improvements;Modest house renovations;Structual house changes;Flood insurance;Green garden;Sandbags
1,a283,-7,-68000.0,"{'rain_damage': 10, 'river_damage': 11}",68000,Personal improvements;Modest house renovations;Structual house changes;Flood insurance;Sandbags;Waterproofing walls & floors;Green garden,Personal improvements;Modest house renovations;Structual house changes;Flood insurance;Sandbags;Waterproofing walls & floors;Green garden
1,a284,-8,-64000.0,"{'rain_damage': 10, 'river_damage': 11}",68000,Personal improvements;Modest house renovations;Structual house changes;Flood insurance;Sandbags;Waterproofing walls & floors;Water pump,Personal improvements;Modest house renovations;Structual house changes;Flood insurance;Sandbags;Waterproofing walls & floors;Water pump
1,a285,-5,-61000.0,"{'rain_damage': 10, 'river_damage': 11}",64000,Personal improvements;Modest house renovations;Structual house changes;Flood insurance;Sandbags;Waterproofing walls & floors;Green garden;Rain barrel,Personal improvements;Modest house renovations;Structual house changes;Flood insurance;Sandbags;Waterproofing walls & floors;Green garden;Rain barrel
1,a286,-11,-79000.0,"{'rain_damage': 10, 'river_damage': 11}",80000,Personal improvements;Modest house renovations;Structual house changes;Flood insurance;Green garden,Personal improvements;Modest house renovations;Structual house changes;Flood insurance;Green garden
1,a287,-11,-75000.0,"{'rain_damage': 10, 'river_damage': 11}",76000,Personal improvements;Modest house renovations;Structual house changes;Flood insurance;Sandbags;Water pump,Personal improvements;Modest house renovations;Structual house changes;Flood insurance;Sandbags;Water pump
1,a288,-13,-78000.0,"{'rain_damage': 10, 'river_damage': 11}",80000,Personal improvements;Modest house renovations;Flood insurance;Sandbags,Personal improvements;Modest house renovations;Flood insurance;Sandbags
1,a289,-9,-72000.0,"{'rain_damage': 10, 'river_damage': 11}",72000,Personal improvements;Modest house renovations;Structual house changes;Flood insurance;Waterproofing walls & floors;Sandbags,Personal improvements;Modest house renovations;Structual house changes;Flood insurance;Waterproofing walls & floors;Sandbags
1,a290,-4,-56000.0,"{'rain_damage': 10, 'river_damage': 11}",56000,Personal improvements;Modest house renovations;Structual house changes;Flood insurance;Sandbags;Waterproofing walls & floors;Green garden;Water pump;Self-activating wall,Personal improvements;Modest house renovations;Structual house changes;Flood insurance;Sandbags;Waterproofing walls & floors;Green garden;Water pump;Self-activating wall
1,a291,-9,-72000.0,"{'rain_damage': 10, 'river_damage': 11}",72000,Personal improvements;Modest house renovations;Structual house changes;Flood insurance;Waterproofing walls & floors;Sandbags,Personal improvements;Modest house renovations;Structual house changes;Flood insurance;Waterproofing walls & floors;Sandbags
1,a292,-12,-78000.0,"{'rain_damage': 10, 'river_damage': 11}",80000,Personal improvements;Modest house renovations;Structual house changes;Flood insurance;Sandbags,Personal improvements;Modest house renovations;Structual house changes;Flood insurance;Sandbags
1,a293,-4,-53000.0,"{'rain_damage': 10, 'river_damage': 11}",60000,Personal improvements;Modest house renovations;Structual house changes;Flood insurance;Sandbags;Waterproofing walls & floors;Green garden;Rain barrel;Water pump,Personal improvements;Modest house renovations;Structual house changes;Flood insurance;Sandbags;Waterproofing walls & floors;Green garden;Rain barrel;Water pump
1,a294,-2,-42000.0,"{'rain_damage': 10, 'river_damage': 11}",52000,Personal improvements;Modest house renovations;Structual house changes;Flood insurance;Water pump;Sandbags;Waterproofing walls & floors;Green garden;Rain barrel;Self-activating wall,Personal improvements;Modest house renovations;Structual house changes;Flood insurance;Water pump;Sandbags;Waterproofing walls & floors;Green garden;Rain barrel;Self-activating wall
1,a295,-14,-84000.0,"{'rain_damage': 10, 'river_damage': 11}",84000,Personal improvements;Modest house renovations;Flood insurance,Personal improvements;Modest house renovations;Flood insurance
1,a296,-14,-84000.0,"{'rain_damage': 10, 'river_damage': 11}",84000,Personal improvements;Modest house renovations;Flood insurance,Personal improvements;Modest house renovations;Flood insurance
1,a297,-9,-72000.0,"{'rain_damage': 10, 'river_damage': 11}",72000,Personal improvements;Modest house renovations;Structual house changes;Flood insurance;Waterproofing walls & floors;Sandbags,Personal improvements;Modest house renovations;Structual house changes;Flood insurance;Waterproofing walls & floors;Sandbags
1,a298,-7,-65000.0,"{'rain_damage': 10, 'river_damage': 11}",68000,Personal improvements;Modest house renovations;Structual house changes;Flood insurance;Sandbags;Waterproofing walls & floors;Green garden,Personal improvements;Modest house renovations;Structual house changes;Flood insurance;Sandbags;Waterproofing walls & floors;Green garden
1,a299,-11,-75000.0,"{'rain_damage': 10, 'river_damage': 11}",76000,Personal improvements;Modest house renovations;Structual house changes;Flood insurance;Sandbags;Water pump,Personal improvements;Modest house renovations;Structual house changes;Flood insurance;Sandbags;Water pump
1,a300,-2,-42000.0,"{'rain_damage': 10, 'river_damage': 11}",52000,Personal improvements;Modest house renovations;Structual house changes;Flood insurance;Water pump;Sandbags;Waterproofing walls & floors;Green garden;Rain barrel;Self-activating wall,Personal improvements;Modest house renovations;Structual house changes;Flood insurance;Water pump;Sandbags;Waterproofing walls & floors;Green garden;Rain barrel;Self-activating wall
1,a301,-4,-53000.0,"{'rain_damage': 10, 'river_damage': 11}",60000,Personal improvements;Modest house renovations;Structual house changes;Flood insurance;Sandbags;Waterproofing walls & floors;Green garden;Rain barrel;Water pump,Personal improvements;Modest house renovations;Structual house changes;Flood insurance;Sandbags;Waterproofing walls & floors;Green garden;Rain barrel;Water pump
1,a302,-12,-75000.0,"{'rain_damage': 10, 'river_damage': 11}",80000,Personal improvements;Modest house renovations;Structual house changes;Flood insurance;Sandbags,Personal improvements;Modest house renovations;Structual house changes;Flood insurance;Sandbags
1,a303,-14,-82000.0,"{'rain_damage': 10, 'river_damage': 11}",84000,Personal improvements;Modest house renovations;Flood insurance,Personal improvements;Modest house renovations;Flood insurance
1,a304,-13,-79000.0,"{'rain_damage': 10, 'river_damage': 11}",80000,Personal improvements;Modest house renovations;Structual house changes;Sandbags,Personal improvements;Modest house renovations;Structual house changes;Sandbags
1,a305,-12,-75000.0,"{'rain_damage': 10, 'river_damage': 11}",80000,Personal improvements;Modest house renovations;Structual house changes;Flood insurance;Sandbags,Personal improvements;Modest house renovations;Structual house changes;Flood insurance;Sandbags
1,a306,-12,-75000.0,"{'rain_damage': 10, 'river_damage': 11}",80000,Personal improvements;Modest house renovations;Structual house changes;Flood insurance;Sandbags,Personal improvements;Modest house renovations;Structual house changes;Flood insurance;Sandbags
1,a307,-12,-75000.0,"{'rain_damage': 10, 'river_damage': 11}",80000,Personal improvements;Modest house renovations;Structual house changes;Flood insurance;Sandbags,Personal improvements;Modest house renovations;Structual house changes;Flood insurance;Sandbags
1,a308,-14,-83000.0,"{'rain_damage': 10, 'river_damage': 11}",84000,Personal improvements;Modest house renovations;Structual house changes,Personal improvements;Modest house renovations;Structual house changes
1,a309,-4,-58000.0,"{'rain_damage': 10, 'river_damage': 11}",60000,Personal improvements;Modest house renovations;Structual house changes;Flood insurance;Sandbags;Waterproofing walls & floors;Green garden;Rain barrel;Water pump,Personal improvements;Modest house renovations;Structual house changes;Flood insurance;Sandbags;Waterproofing walls & floors;Green garden;Rain barrel;Water pump
1,a310,-4,-58000.0,"{'rain_damage': 10, 'river_damage': 11}",60000,Personal improvements;Modest house renovations;Structual house changes;Flood insurance;Sandbags;Waterproofing walls & floors;Green garden;Rain barrel;Water pump,Personal improvements;Modest house renovations;Structual house changes;Flood insurance;Sandbags;Waterproofing walls & floors;Green garden;Rain barrel;Water pump
1,a311,-13,-79000.0,"{'rain_damage': 10, 'river_damage': 11}",80000,Personal improvements;Modest house renovations;Structual house changes;Sandbags,Personal improvements;Modest house renovations;Structual house changes;Sandbags
1,a312,-4,-53000.0,"{'rain_damage': 10, 'river_damage': 11}",60000,Personal improvements;Modest house renovations;Structual house changes;Flood insurance;Sandbags;Waterproofing walls & floors;Green garden;Rain barrel;Water pump,Personal improvements;Modest house renovations;Structual house changes;Flood insurance;Sandbags;Waterproofing walls & floors;Green garden;Rain barrel;Water pump
1,a313,-2,-52000.0,"{'rain_damage': 10, 'river_damage': 11}",52000,Personal improvements;Modest house renovations;Structual house changes;Flood insurance;Sandbags;Waterproofing walls & floors;Green garden;Rain barrel;Water pump;Self-activating wall,Personal improvements;Modest house renovations;Structual house changes;Flood insurance;Sandbags;Waterproofing walls & floors;Green garden;Rain barrel;Water pump;Self-activating wall
1,a314,-13,-78000.0,"{'rain_damage': 10, 'river_damage': 11}",80000,Personal improvements;Modest house renovations;Flood insurance;Sandbags,Personal improvements;Modest house renovations;Flood insurance;Sandbags
1,a315,-8,-64000.0,"{'rain_damage': 10, 'river_damage': 11}",68000,Personal improvements;Modest house renovations;Structual house changes;Flood insurance;Sandbags;Waterproofing walls & floors;Water pump,Personal improvements;Modest house renovations;Structual house changes;Flood insurance;Sandbags;Waterproofing walls & floors;Water pump
1,a316,-14,-82000.0,"{'rain_damage': 10, 'river_damage': 11}",84000,Personal improvements;Modest house renovations;Flood insurance,Personal improvements;Modest house renovations;Flood insurance
1,a317,-7,-68000.0,"{'rain_damage': 10, 'river_damage': 11}",68000,Personal improvements;Modest house renovations;Structual house changes;Flood insurance;Sandbags;Waterproofing walls & floors;Green garden,Personal improvements;Modest house renovations;Structual house changes;Flood insurance;Sandbags;Waterproofing walls & floors;Green garden
1,a318,-7,-68000.0,"{'rain_damage': 10, 'river_damage': 11}",68000,Personal improvements;Modest house renovations;Structual house changes;Flood insurance;Sandbags;Waterproofing walls & floors;Green garden,Personal improvements;Modest house renovations;Structual house changes;Flood insurance;Sandbags;Waterproofing walls & floors;Green garden
1,a319,-9,-67000.0,"{'rain_damage': 10, 'river_damage': 11}",72000,Personal improvements;Modest house renovations;Structual house changes;Flood insurance;Waterproofing walls & floors;Sandbags,Personal improvements;Modest house renovations;Structual house changes;Flood insurance;Waterproofing walls & floors;Sandbags
1,a320,-2,-52000.0,"{'rain_damage': 10, 'river_damage': 11}",52000,Personal improvements;Modest house renovations;Structual house changes;Flood insurance;Sandbags;Waterproofing walls & floors;Green garden;Rain barrel;Water pump;Self-activating wall,Personal improvements;Modest house renovations;Structual house changes;Flood insurance;Sandbags;Waterproofing walls & floors;Green garden;Rain barrel;Water pump;Self-activating wall
1,a321,-13,-79000.0,"{'rain_damage': 10, 'river_damage': 11}",80000,Personal improvements;Modest house renovations;Structual house changes;Sandbags,Personal improvements;Modest house renovations;Structual house changes;Sandbags
1,a322,-6,-62000.0,"{'rain_damage': 10, 'river_damage': 11}",64000,Personal improvements;Modest house renovations;Structual house changes;Flood insurance;Sandbags;Waterproofing walls & floors;Green garden;Water pump,Personal improvements;Modest house renovations;Structual house changes;Flood insurance;Sandbags;Waterproofing walls & floors;Green garden;Water pump
1,a323,-7,-68000.0,"{'rain_damage': 10, 'river_damage': 11}",68000,Personal improvements;Modest house renovations;Structual house changes;Flood insurance;Sandbags;Waterproofing walls & floors;Green garden,Personal improvements;Modest house renovations;Structual house changes;Flood insurance;Sandbags;Waterproofing walls & floors;Green garden
1,a324,-7,-65000.0,"{'rain_damage': 10, 'river_damage': 11}",68000,Personal improvements;Modest house renovations;Structual house changes;Flood insurance;Sandbags;Waterproofing walls & floors;Green garden,Personal improvements;Modest house renovations;Structual house changes;Flood insurance;Sandbags;Waterproofing walls & floors;Green garden
1,a325,-12,-80000.0,"{'rain_damage': 10, 'river_damage': 11}",80000,Personal improvements;Modest house renovations;Structual house changes;Flood insurance;Sandbags,Personal improvements;Modest house renovations;Structual house changes;Flood insurance;Sandbags
1,a326,-5,-61000.0,"{'rain_damage': 10, 'river_damage': 11}",64000,Personal improvements;Modest house renovations;Structual house changes;Flood insurance;Sandbags;Waterproofing walls & floors;Green garden;Rain barrel,Personal improvements;Modest house renovations;Structual house changes;Flood insurance;Sandbags;Waterproofing walls & floors;Green garden;Rain barrel
1,a327,-5,-61000.0,"{'rain_damage': 10, 'river_damage': 11}",64000,Personal improvements;Modest house renovations;Structual house changes;Flood insurance;Sandbags;Waterproofing walls & floors;Green garden;Rain barrel,Personal improvements;Modest house renovations;Structual house changes;Flood insurance;Sandbags;Waterproofing walls & floors;Green garden;Rain barrel
1,a328,-10,-73000.0,"{'rain_damage': 10, 'river_damage': 11}",76000,Personal improvements;Modest house renovations;Structual house changes;Flood insurance;Green garden;Sandbags,Personal improvements;Modest house renovations;Structual house changes;Flood insurance;Green garden;Sandbags
1,a329,-7,-65000.0,"{'rain_damage': 10, 'river_damage': 11}",68000,Personal improvements;Modest house renovations;Structual house changes;Flood insurance;Sandbags;Waterproofing walls & floors;Green garden,Personal improvements;Modest house renovations;Structual house changes;Flood insurance;Sandbags;Waterproofing walls & floors;Green garden
1,a330,-4,-53000.0,"{'rain_damage': 10, 'river_damage': 11}",60000,Personal improvements;Modest house renovations;Structual house changes;Flood insurance;Sandbags;Waterproofing walls & floors;Green garden;Rain barrel;Water pump,Personal improvements;Modest house renovations;Structual house changes;Flood insurance;Sandbags;Waterproofing walls & floors;Green garden;Rain barrel;Water pump
1,a331,-14,-83000.0,"{'rain_damage': 10, 'river_damage': 11}",84000,Personal improvements;Modest house renovations;Structual house changes,Personal improvements;Modest house renovations;Structual house changes
1,a332,-13,-79000.0,"{'rain_damage': 10, 'river_damage': 11}",80000,Personal improvements;Modest house renovations;Structual house changes;Sandbags,Personal improvements;Modest house renovations;Structual house changes;Sandbags
1,a333,-9,-72000.0,"{'rain_damage': 10, 'river_damage': 11}",72000,Personal improvements;Modest house renovations;Structual house changes;Flood insurance;Waterproofing walls & floors;Sandbags,Personal improvements;Modest house renovations;Structual house changes;Flood insurance;Waterproofing walls & floors;Sandbags
1,a334,-12,-80000.0,"{'rain_damage': 10, 'river_damage': 11}",80000,Personal improvements;Modest house renovations;Structual house changes;Flood insurance;Sandbags,Personal improvements;Modest house renovations;Structual house changes;Flood insurance;Sandbags
1,a335,-4,-58000.0,"{'rain_damage': 10, 'river_damage': 11}",60000,Personal improvements;Modest house renovations;Structual house changes;Flood insurance;Sandbags;Waterproofing walls & floors;Green garden;Rain barrel;Water pump,Personal improvements;Modest house renovations;Structual house changes;Flood insurance;Sandbags;Waterproofing walls & floors;Green garden;Rain barrel;Water pump
1,a336,-11,-79000.0,"{'rain_damage': 10, 'river_damage': 11}",80000,Personal improvements;Modest house renovations;Structual house changes;Flood insurance;Green garden,Personal improvements;Modest house renovations;Structual house changes;Flood insurance;Green garden
1,a337,-9,-67000.0,"{'rain_damage': 10, 'river_damage': 11}",72000,Personal improvements;Modest house renovations;Structual house changes;Flood insurance;Waterproofing walls & floors;Sandbags,Personal improvements;Modest house renovations;Structual house changes;Flood insurance;Waterproofing walls & floors;Sandbags
1,a338,-4,-56000.0,"{'rain_damage': 10, 'river_damage': 11}",56000,Personal improvements;Modest house renovations;Structual house changes;Flood insurance;Sandbags;Waterproofing walls & floors;Green garden;Water pump;Self-activating wall,Personal improvements;Modest house renovations;Structual house changes;Flood insurance;Sandbags;Waterproofing walls & floors;Green garden;Water pump;Self-activating wall
1,a339,-10,-73000.0,"{'rain_damage': 10, 'river_damage': 11}",76000,Personal improvements;Modest house renovations;Structual house changes;Flood insurance;Green garden;Sandbags,Personal improvements;Modest house renovations;Structual house changes;Flood insurance;Green garden;Sandbags
1,a340,-12,-75000.0,"{'rain_damage': 10, 'river_damage': 11}",80000,Personal improvements;Modest house renovations;Structual house changes;Flood insurance;Sandbags,Personal improvements;Modest house renovations;Structual house changes;Flood insurance;Sandbags
1,a341,-13,-78000.0,"{'rain_damage': 10, 'river_damage': 11}",80000,Personal improvements;Modest house renovations;Flood insurance;Sandbags,Personal improvements;Modest house renovations;Flood insurance;Sandbags
1,a342,-2,-42000.0,"{'rain_damage': 10, 'river_damage': 11}",52000,Personal improvements;Modest house renovations;Structual house changes;Flood insurance;Water pump;Sandbags;Waterproofing walls & floors;Green garden;Rain barrel;Self-activating wall,Personal improvements;Modest house renovations;Structual house changes;Flood insurance;Water pump;Sandbags;Waterproofing walls & floors;Green garden;Rain barrel;Self-activating wall
1,a343,-14,-82000.0,"{'rain_damage': 10, 'river_damage': 11}",84000,Personal improvements;Modest house renovations;Flood insurance,Personal improvements;Modest house renovations;Flood insurance
1,a344,-8,-64000.0,"{'rain_damage': 10, 'river_damage': 11}",68000,Personal improvements;Modest house renovations;Structual house changes;Flood insurance;Sandbags;Waterproofing walls & floors;Water pump,Personal improvements;Modest house renovations;Structual house changes;Flood insurance;Sandbags;Waterproofing walls & floors;Water pump
1,a345,-7,-65000.0,"{'rain_damage': 10, 'river_damage': 11}",68000,Personal improvements;Modest house renovations;Structual house changes;Flood insurance;Sandbags;Waterproofing walls & floors;Green garden,Personal improvements;Modest house renovations;Structual house changes;Flood insurance;Sandbags;Waterproofing walls & floors;Green garden
1,a346,-12,-75000.0,"{'rain_damage': 10, 'river_damage': 11}",80000,Personal improvements;Modest house renovations;Structual house changes;Flood insurance;Sandbags,Personal improvements;Modest house renovations;Structual house changes;Flood insurance;Sandbags
1,a347,-12,-75000.0,"{'rain_damage': 10, 'river_damage': 11}",80000,Personal improvements;Modest house renovations;Structual house changes;Flood insurance;Sandbags,Personal improvements;Modest house renovations;Structual house changes;Flood insurance;Sandbags
1,a348,-12,-75000.0,"{'rain_damage': 10, 'river_damage': 11}",80000,Personal improvements;Modest house renovations;Structual house changes;Flood insurance;Sandbags,Personal improvements;Modest house renovations;Structual house changes;Flood insurance;Sandbags
1,a349,-11,-75000.0,"{'rain_damage': 10, 'river_damage': 11}",76000,Personal improvements;Modest house renovations;Structual house changes;Flood insurance;Sandbags;Water pump,Personal improvements;Modest house renovations;Structual house changes;Flood insurance;Sandbags;Water pump
1,a350,-13,-79000.0,"{'rain_damage': 10, 'river_damage': 11}",80000,Personal improvements;Modest house renovations;Structual house changes;Sandbags,Personal improvements;Modest house renovations;Structual house changes;Sandbags
1,a351,-12,-80000.0,"{'rain_damage': 10, 'river_damage': 11}",80000,Personal improvements;Modest house renovations;Structual house changes;Flood insurance;Sandbags,Personal improvements;Modest house renovations;Structual house changes;Flood insurance;Sandbags
1,a352,-9,-72000.0,"{'rain_damage': 10, 'river_damage': 11}",72000,Personal improvements;Modest house renovations;Structual house changes;Flood insurance;Waterproofing walls & floors;Sandbags,Personal improvements;Modest house renovations;Structual house changes;Flood insurance;Waterproofing walls & floors;Sandbags
1,a353,-9,-72000.0,"{'rain_damage': 10, 'river_damage': 11}",72000,Personal improvements;Modest house renovations;Structual house changes;Flood insurance;Waterproofing walls & floors;Sandbags,Personal improvements;Modest house renovations;Structual house changes;Flood insurance;Waterproofing walls & floors;Sandbags
1,a354,-2,-12000.0,"{'rain_damage': 10, 'river_damage': 11}",52000,Personal improvements;Modest house renovations;Structual house changes;Flood insurance;Water pump;Self-activating wall;Sandbags;Waterproofing walls & floors;Green garden;Rain barrel,Personal improvements;Modest house renovations;Structual house changes;Flood insurance;Water pump;Self-activating wall;Sandbags;Waterproofing walls & floors;Green garden;Rain barrel
1,a355,-11,-75000.0,"{'rain_damage': 10, 'river_damage': 11}",76000,Personal improvements;Modest house renovations;Structual house changes;Flood insurance;Sandbags;Water pump,Personal improvements;Modest house renovations;Structual house changes;Flood insurance;Sandbags;Water pump
1,a356,-9,-72000.0,"{'rain_damage': 10, 'river_damage': 11}",72000,Personal improvements;Modest house renovations;Structual house changes;Flood insurance;Waterproofing walls & floors;Sandbags,Personal improvements;Modest house renovations;Structual house changes;Flood insurance;Waterproofing walls & floors;Sandbags
1,a357,-13,-84000.0,"{'rain_damage': 10, 'river_damage': 11}",84000,Personal improvements;Modest house renovations;Structual house changes;Flood insurance,Personal improvements;Modest house renovations;Structual house changes;Flood insurance
1,a358,-12,-80000.0,"{'rain_damage': 10, 'river_damage': 11}",80000,Personal improvements;Modest house renovations;Structual house changes;Flood insurance;Sandbags,Personal improvements;Modest house renovations;Structual house changes;Flood insurance;Sandbags
1,a359,-11,-79000.0,"{'rain_damage': 10, 'river_damage': 11}",80000,Personal improvements;Modest house renovations;Structual house changes;Flood insurance;Green garden,Personal improvements;Modest house renovations;Structual house changes;Flood insurance;Green garden
1,a360,-11,-79000.0,"{'rain_damage': 10, 'river_damage': 11}",80000,Personal improvements;Modest house renovations;Structual house changes;Flood insurance;Green garden,Personal improvements;Modest house renovations;Structual house changes;Flood insurance;Green garden
1,a361,-2,-52000.0,"{'rain_damage': 10, 'river_damage': 11}",52000,Personal improvements;Modest house renovations;Structual house changes;Flood insurance;Sandbags;Waterproofing walls & floors;Green garden;Rain barrel;Water pump;Self-activating wall,Personal improvements;Modest house renovations;Structual house changes;Flood insurance;Sandbags;Waterproofing walls & floors;Green garden;Rain barrel;Water pump;Self-activating wall
1,a362,-9,-72000.0,"{'rain_damage': 10, 'river_damage': 11}",72000,Personal improvements;Modest house renovations;Structual house changes;Flood insurance;Waterproofing walls & floors;Sandbags,Personal improvements;Modest house renovations;Structual house changes;Flood insurance;Waterproofing walls & floors;Sandbags
1,a363,-11,-75000.0,"{'rain_damage': 10, 'river_damage': 11}",76000,Personal improvements;Modest house renovations;Structual house changes;Flood insurance;Sandbags;Water pump,Personal improvements;Modest house renovations;Structual house changes;Flood insurance;Sandbags;Water pump
1,a364,-10,-73000.0,"{'rain_damage': 10, 'river_damage': 11}",76000,Personal improvements;Modest house renovations;Structual house changes;Flood insurance;Green garden;Sandbags,Personal improvements;Modest house renovations;Structual house changes;Flood insurance;Green garden;Sandbags
1,a365,-12,-80000.0,"{'rain_damage': 10, 'river_damage': 11}",80000,Personal improvements;Modest house renovations;Structual house changes;Flood insurance;Sandbags,Personal improvements;Modest house renovations;Structual house changes;Flood insurance;Sandbags
1,a366,-12,-80000.0,"{'rain_damage': 10, 'river_damage': 11}",80000,Personal improvements;Modest house renovations;Structual house changes;Flood insurance;Sandbags,Personal improvements;Modest house renovations;Structual house changes;Flood insurance;Sandbags
1,a367,-2,-37000.0,"{'rain_damage': 10, 'river_damage': 11}",52000,Personal improvements;Modest house renovations;Structual house changes;Flood insurance;Water pump;Sandbags;Waterproofing walls & floors;Green garden;Rain barrel;Self-activating wall,Personal improvements;Modest house renovations;Structual house changes;Flood insurance;Water pump;Sandbags;Waterproofing walls & floors;Green garden;Rain barrel;Self-activating wall
1,a368,-12,-80000.0,"{'rain_damage': 10, 'river_damage': 11}",80000,Personal improvements;Modest house renovations;Structual house changes;Flood insurance;Sandbags,Personal improvements;Modest house renovations;Structual house changes;Flood insurance;Sandbags
1,a369,-12,-78000.0,"{'rain_damage': 10, 'river_damage': 11}",80000,Personal improvements;Modest house renovations;Structual house changes;Flood insurance;Sandbags,Personal improvements;Modest house renovations;Structual house changes;Flood insurance;Sandbags
1,a370,-8,-64000.0,"{'rain_damage': 10, 'river_damage': 11}",68000,Personal improvements;Modest house renovations;Structual house changes;Flood insurance;Sandbags;Waterproofing walls & floors;Water pump,Personal improvements;Modest house renovations;Structual house changes;Flood insurance;Sandbags;Waterproofing walls & floors;Water pump
1,a371,-9,-72000.0,"{'rain_damage': 10, 'river_damage': 11}",72000,Personal improvements;Modest house renovations;Structual house changes;Flood insurance;Waterproofing walls & floors;Sandbags,Personal improvements;Modest house renovations;Structual house changes;Flood insurance;Waterproofing walls & floors;Sandbags
1,a372,-11,-79000.0,"{'rain_damage': 10, 'river_damage': 11}",80000,Personal improvements;Modest house renovations;Structual house changes;Flood insurance;Green garden,Personal improvements;Modest house renovations;Structual house changes;Flood insurance;Green garden
1,a373,-2,-37000.0,"{'rain_damage': 10, 'river_damage': 11}",52000,Personal improvements;Modest house renovations;Structual house changes;Flood insurance;Water pump;Sandbags;Waterproofing walls & floors;Green garden;Rain barrel;Self-activating wall,Personal improvements;Modest house renovations;Structual house changes;Flood insurance;Water pump;Sandbags;Waterproofing walls & floors;Green garden;Rain barrel;Self-activating wall
1,a374,-12,-75000.0,"{'rain_damage': 10, 'river_damage': 11}",80000,Personal improvements;Modest house renovations;Structual house changes;Flood insurance;Sandbags,Personal improvements;Modest house renovations;Structual house changes;Flood insurance;Sandbags
1,a375,-9,-72000.0,"{'rain_damage': 10, 'river_damage': 11}",72000,Personal improvements;Modest house renovations;Structual house changes;Flood insurance;Waterproofing walls & floors;Sandbags,Personal improvements;Modest house renovations;Structual house changes;Flood insurance;Waterproofing walls & floors;Sandbags
1,a376,-8,-64000.0,"{'rain_damage': 10, 'river_damage': 11}",68000,Personal improvements;Modest house renovations;Structual house changes;Flood insurance;Sandbags;Waterproofing walls & floors;Water pump,Personal improvements;Modest house renovations;Structual house changes;Flood insurance;Sandbags;Waterproofing walls & floors;Water pump
1,a377,-12,-75000.0,"{'rain_damage': 10, 'river_damage': 11}",80000,Personal improvements;Modest house renovations;Structual house changes;Flood insurance;Sandbags,Personal improvements;Modest house renovations;Structual house changes;Flood insurance;Sandbags
1,a378,-7,-65000.0,"{'rain_damage': 10, 'river_damage': 11}",68000,Personal improvements;Modest house renovations;Structual house changes;Flood insurance;Sandbags;Waterproofing walls & floors;Green garden,Personal improvements;Modest house renovations;Structual house changes;Flood insurance;Sandbags;Waterproofing walls & floors;Green garden
1,a379,-10,-73000.0,"{'rain_damage': 10, 'river_damage': 11}",76000,Personal improvements;Modest house renovations;Structual house changes;Flood insurance;Green garden;Sandbags,Personal improvements;Modest house renovations;Structual house changes;Flood insurance;Green garden;Sandbags
1,a380,-4,-56000.0,"{'rain_damage': 10, 'river_damage': 11}",56000,Personal improvements;Modest house renovations;Structual house changes;Flood insurance;Sandbags;Waterproofing walls & floors;Green garden;Water pump;Self-activating wall,Personal improvements;Modest house renovations;Structual house changes;Flood insurance;Sandbags;Waterproofing walls & floors;Green garden;Water pump;Self-activating wall
1,a381,-11,-79000.0,"{'rain_damage': 10, 'river_damage': 11}",80000,Personal improvements;Modest house renovations;Structual house changes;Flood insurance;Green garden,Personal improvements;Modest house renovations;Structual house changes;Flood insurance;Green garden
1,a382,-11,-75000.0,"{'rain_damage': 10, 'river_damage': 11}",76000,Personal improvements;Modest house renovations;Structual house changes;Flood insurance;Sandbags;Water pump,Personal improvements;Modest house renovations;Structual house changes;Flood insurance;Sandbags;Water pump
1,a383,-7,-68000.0,"{'rain_damage': 10, 'river_damage': 11}",68000,Personal improvements;Modest house renovations;Structual house changes;Flood insurance;Sandbags;Waterproofing walls & floors;Green garden,Personal improvements;Modest house renovations;Structual house changes;Flood insurance;Sandbags;Waterproofing walls & floors;Green garden
1,a384,-7,-65000.0,"{'rain_damage': 10, 'river_damage': 11}",68000,Personal improvements;Modest house renovations;Structual house changes;Flood insurance;Sandbags;Waterproofing walls & floors;Green garden,Personal improvements;Modest house renovations;Structual house changes;Flood insurance;Sandbags;Waterproofing walls & floors;Green garden
1,a385,-7,-65000.0,"{'rain_damage': 10, 'river_damage': 11}",68000,Personal improvements;Modest house renovations;Structual house changes;Flood insurance;Sandbags;Waterproofing walls & floors;Green garden,Personal improvements;Modest house renovations;Structual house changes;Flood insurance;Sandbags;Waterproofing walls & floors;Green garden
1,a386,-6,-57000.0,"{'rain_damage': 10, 'river_damage': 11}",64000,Personal improvements;Modest house renovations;Structual house changes;Flood insurance;Sandbags;Waterproofing walls & floors;Green garden;Water pump,Personal improvements;Modest house renovations;Structual house changes;Flood insurance;Sandbags;Waterproofing walls & floors;Green garden;Water pump
1,a387,-8,-64000.0,"{'rain_damage': 10, 'river_damage': 11}",68000,Personal improvements;Modest house renovations;Structual house changes;Flood insurance;Sandbags;Waterproofing walls & floors;Water pump,Personal improvements;Modest house renovations;Structual house changes;Flood insurance;Sandbags;Waterproofing walls & floors;Water pump
1,a388,-2,-42000.0,"{'rain_damage': 10, 'river_damage': 11}",52000,Personal improvements;Modest house renovations;Structual house changes;Flood insurance;Water pump;Sandbags;Waterproofing walls & floors;Green garden;Rain barrel;Self-activating wall,Personal improvements;Modest house renovations;Structual house changes;Flood insurance;Water pump;Sandbags;Waterproofing walls & floors;Green garden;Rain barrel;Self-activating wall
1,a389,-12,-75000.0,"{'rain_damage': 10, 'river_damage': 11}",80000,Personal improvements;Modest house renovations;Structual house changes;Flood insurance;Sandbags,Personal improvements;Modest house renovations;Structual house changes;Flood insurance;Sandbags
1,a390,-12,-75000.0,"{'rain_damage': 10, 'river_damage': 11}",80000,Personal improvements;Modest house renovations;Structual house changes;Flood insurance;Sandbags,Personal improvements;Modest house renovations;Structual house changes;Flood insurance;Sandbags
1,a391,-12,-75000.0,"{'rain_damage': 10, 'river_damage': 11}",80000,Personal improvements;Modest house renovations;Structual house changes;Flood insurance;Sandbags,Personal improvements;Modest house renovations;Structual house changes;Flood insurance;Sandbags
1,a392,-2,-37000.0,"{'rain_damage': 10, 'river_damage': 11}",52000,Personal improvements;Modest house renovations;Structual house changes;Flood insurance;Water pump;Sandbags;Waterproofing walls & floors;Green garden;Rain barrel;Self-activating wall,Personal improvements;Modest house renovations;Structual house changes;Flood insurance;Water pump;Sandbags;Waterproofing walls & floors;Green garden;Rain barrel;Self-activating wall
1,a393,-2,-12000.0,"{'rain_damage': 10, 'river_damage': 11}",52000,Personal improvements;Modest house renovations;Structual house changes;Flood insurance;Water pump;Self-activating wall;Sandbags;Waterproofing walls & floors;Green garden;Rain barrel,Personal improvements;Modest house renovations;Structual house changes;Flood insurance;Water pump;Self-activating wall;Sandbags;Waterproofing walls & floors;Green garden;Rain barrel
1,a394,-8,-64000.0,"{'rain_damage': 10, 'river_damage': 11}",68000,Personal improvements;Modest house renovations;Structual house changes;Flood insurance;Sandbags;Waterproofing walls & floors;Water pump,Personal improvements;Modest house renovations;Structual house changes;Flood insurance;Sandbags;Waterproofing walls & floors;Water pump
1,a395,-4,-56000.0,"{'rain_damage': 10, 'river_damage': 11}",56000,Personal improvements;Modest house renovations;Structual house changes;Flood insurance;Sandbags;Waterproofing walls & floors;Green garden;Water pump;Self-activating wall,Personal improvements;Modest house renovations;Structual house changes;Flood insurance;Sandbags;Waterproofing walls & floors;Green garden;Water pump;Self-activating wall
1,a396,-12,-80000.0,"{'rain_damage': 10, 'river_damage': 11}",80000,Personal improvements;Modest house renovations;Structual house changes;Flood insurance;Sandbags,Personal improvements;Modest house renovations;Structual house changes;Flood insurance;Sandbags
1,a397,-14,-82000.0,"{'rain_damage': 10, 'river_damage': 11}",84000,Personal improvements;Modest house renovations;Flood insurance,Personal improvements;Modest house renovations;Flood insurance
1,a398,-12,-78000.0,"{'rain_damage': 10, 'river_damage': 11}",80000,Personal improvements;Modest house renovations;Structual house changes;Flood insurance;Sandbags,Personal improvements;Modest house renovations;Structual house changes;Flood insurance;Sandbags
1,a399,-14,-84000.0,"{'rain_damage': 10, 'river_damage': 11}",84000,Personal improvements;Modest house renovations;Flood insurance,Personal improvements;Modest house renovations;Flood insurance
1,a400,-2,-47000.0,"{'rain_damage': 10, 'river_damage': 11}",52000,Personal improvements;Modest house renovations;Structual house changes;Flood insurance;Water pump;Sandbags;Waterproofing walls & floors;Green garden;Rain barrel;Self-activating wall,Personal improvements;Modest house renovations;Structual house changes;Flood insurance;Water pump;Sandbags;Waterproofing walls & floors;Green garden;Rain barrel;Self-activating wall
1,a401,-8,-64000.0,"{'rain_damage': 10, 'river_damage': 11}",68000,Personal improvements;Modest house renovations;Structual house changes;Flood insurance;Sandbags;Waterproofing walls & floors;Water pump,Personal improvements;Modest house renovations;Structual house changes;Flood insurance;Sandbags;Waterproofing walls & floors;Water pump
1,a402,-7,-65000.0,"{'rain_damage': 10, 'river_damage': 11}",68000,Personal improvements;Modest house renovations;Structual house changes;Flood insurance;Sandbags;Waterproofing walls & floors;Green garden,Personal improvements;Modest house renovations;Structual house changes;Flood insurance;Sandbags;Waterproofing walls & floors;Green garden
1,a403,-7,-65000.0,"{'rain_damage': 10, 'river_damage': 11}",68000,Personal improvements;Modest house renovations;Structual house changes;Flood insurance;Sandbags;Waterproofing walls & floors;Green garden,Personal improvements;Modest house renovations;Structual house changes;Flood insurance;Sandbags;Waterproofing walls & floors;Green garden
1,a404,-12,-75000.0,"{'rain_damage': 10, 'river_damage': 11}",80000,Personal improvements;Modest house renovations;Structual house changes;Flood insurance;Sandbags,Personal improvements;Modest house renovations;Structual house changes;Flood insurance;Sandbags
1,a405,-7,-65000.0,"{'rain_damage': 10, 'river_damage': 11}",68000,Personal improvements;Modest house renovations;Structual house changes;Flood insurance;Sandbags;Waterproofing walls & floors;Green garden,Personal improvements;Modest house renovations;Structual house changes;Flood insurance;Sandbags;Waterproofing walls & floors;Green garden
1,a406,-12,-80000.0,"{'rain_damage': 10, 'river_damage': 11}",80000,Personal improvements;Modest house renovations;Structual house changes;Flood insurance;Sandbags,Personal improvements;Modest house renovations;Structual house changes;Flood insurance;Sandbags
1,a407,-2,-52000.0,"{'rain_damage': 10, 'river_damage': 11}",52000,Personal improvements;Modest house renovations;Structual house changes;Flood insurance;Sandbags;Waterproofing walls & floors;Green garden;Rain barrel;Water pump;Self-activating wall,Personal improvements;Modest house renovations;Structual house changes;Flood insurance;Sandbags;Waterproofing walls & floors;Green garden;Rain barrel;Water pump;Self-activating wall
1,a408,-9,-67000.0,"{'rain_damage': 10, 'river_damage': 11}",72000,Personal improvements;Modest house renovations;Structual house changes;Flood insurance;Waterproofing walls & floors;Sandbags,Personal improvements;Modest house renovations;Structual house changes;Flood insurance;Waterproofing walls & floors;Sandbags
1,a409,-8,-64000.0,"{'rain_damage': 10, 'river_damage': 11}",68000,Personal improvements;Modest house renovations;Structual house changes;Flood insurance;Sandbags;Waterproofing walls & floors;Water pump,Personal improvements;Modest house renovations;Structual house changes;Flood insurance;Sandbags;Waterproofing walls & floors;Water pump
1,a410,-9,-67000.0,"{'rain_damage': 10, 'river_damage': 11}",72000,Personal improvements;Modest house renovations;Structual house changes;Flood insurance;Waterproofing walls & floors;Sandbags,Personal improvements;Modest house renovations;Structual house changes;Flood insurance;Waterproofing walls & floors;Sandbags
1,a411,-2,-52000.0,"{'rain_damage': 10, 'river_damage': 11}",52000,Personal improvements;Modest house renovations;Structual house changes;Flood insurance;Sandbags;Waterproofing walls & floors;Green garden;Rain barrel;Water pump;Self-activating wall,Personal improvements;Modest house renovations;Structual house changes;Flood insurance;Sandbags;Waterproofing walls & floors;Green garden;Rain barrel;Water pump;Self-activating wall
1,a412,-2,-47000.0,"{'rain_damage': 10, 'river_damage': 11}",52000,Personal improvements;Modest house renovations;Structual house changes;Flood insurance;Water pump;Sandbags;Waterproofing walls & floors;Green garden;Rain barrel;Self-activating wall,Personal improvements;Modest house renovations;Structual house changes;Flood insurance;Water pump;Sandbags;Waterproofing walls & floors;Green garden;Rain barrel;Self-activating wall
1,a413,-12,-80000.0,"{'rain_damage': 10, 'river_damage': 11}",80000,Personal improvements;Modest house renovations;Structual house changes;Flood insurance;Sandbags,Personal improvements;Modest house renovations;Structual house changes;Flood insurance;Sandbags
1,a414,-7,-65000.0,"{'rain_damage': 10, 'river_damage': 11}",68000,Personal improvements;Modest house renovations;Structual house changes;Flood insurance;Sandbags;Waterproofing walls & floors;Green garden,Personal improvements;Modest house renovations;Structual house changes;Flood insurance;Sandbags;Waterproofing walls & floors;Green garden
1,a415,-6,-57000.0,"{'rain_damage': 10, 'river_damage': 11}",64000,Personal improvements;Modest house renovations;Structual house changes;Flood insurance;Sandbags;Waterproofing walls & floors;Green garden;Water pump,Personal improvements;Modest house renovations;Structual house changes;Flood insurance;Sandbags;Waterproofing walls & floors;Green garden;Water pump
1,a416,-13,-84000.0,"{'rain_damage': 10, 'river_damage': 11}",84000,Personal improvements;Modest house renovations;Structual house changes;Flood insurance,Personal improvements;Modest house renovations;Structual house changes;Flood insurance
1,a417,-9,-72000.0,"{'rain_damage': 10, 'river_damage': 11}",72000,Personal improvements;Modest house renovations;Structual house changes;Flood insurance;Waterproofing walls & floors;Sandbags,Personal improvements;Modest house renovations;Structual house changes;Flood insurance;Waterproofing walls & floors;Sandbags
1,a418,-13,-79000.0,"{'rain_damage': 10, 'river_damage': 11}",80000,Personal improvements;Modest house renovations;Structual house changes;Sandbags,Personal improvements;Modest house renovations;Structual house changes;Sandbags
1,a419,-13,-84000.0,"{'rain_damage': 10, 'river_damage': 11}",84000,Personal improvements;Modest house renovations;Structual house changes;Flood insurance,Personal improvements;Modest house renovations;Structual house changes;Flood insurance
1,a420,-11,-79000.0,"{'rain_damage': 10, 'river_damage': 11}",80000,Personal improvements;Modest house renovations;Structual house changes;Flood insurance;Green garden,Personal improvements;Modest house renovations;Structual house changes;Flood insurance;Green garden
1,a421,-6,-62000.0,"{'rain_damage': 10, 'river_damage': 11}",64000,Personal improvements;Modest house renovations;Structual house changes;Flood insurance;Sandbags;Waterproofing walls & floors;Green garden;Water pump,Personal improvements;Modest house renovations;Structual house changes;Flood insurance;Sandbags;Waterproofing walls & floors;Green garden;Water pump
1,a422,-13,-78000.0,"{'rain_damage': 10, 'river_damage': 11}",80000,Personal improvements;Modest house renovations;Flood insurance;Sandbags,Personal improvements;Modest house renovations;Flood insurance;Sandbags
1,a423,-12,-75000.0,"{'rain_damage': 10, 'river_damage': 11}",80000,Personal improvements;Modest house renovations;Structual house changes;Flood insurance;Sandbags,Personal improvements;Modest house renovations;Structual house changes;Flood insurance;Sandbags
1,a424,-12,-80000.0,"{'rain_damage': 10, 'river_damage': 11}",80000,Personal improvements;Modest house renovations;Structual house changes;Flood insurance;Sandbags,Personal improvements;Modest house renovations;Structual house changes;Flood insurance;Sandbags
1,a425,-12,-75000.0,"{'rain_damage': 10, 'river_damage': 11}",80000,Personal improvements;Modest house renovations;Structual house changes;Flood insurance;Sandbags,Personal improvements;Modest house renovations;Structual house changes;Flood insurance;Sandbags
1,a426,-4,-58000.0,"{'rain_damage': 10, 'river_damage': 11}",60000,Personal improvements;Modest house renovations;Structual house changes;Flood insurance;Sandbags;Waterproofing walls & floors;Green garden;Rain barrel;Water pump,Personal improvements;Modest house renovations;Structual house changes;Flood insurance;Sandbags;Waterproofing walls & floors;Green garden;Rain barrel;Water pump
1,a427,-2,-12000.0,"{'rain_damage': 10, 'river_damage': 11}",52000,Personal improvements;Modest house renovations;Structual house changes;Flood insurance;Water pump;Self-activating wall;Sandbags;Waterproofing walls & floors;Green garden;Rain barrel,Personal improvements;Modest house renovations;Structual house changes;Flood insurance;Water pump;Self-activating wall;Sandbags;Waterproofing walls & floors;Green garden;Rain barrel
1,a428,-13,-79000.0,"{'rain_damage': 10, 'river_damage': 11}",80000,Personal improvements;Modest house renovations;Structual house changes;Sandbags,Personal improvements;Modest house renovations;Structual house changes;Sandbags
1,a429,-2,-47000.0,"{'rain_damage': 10, 'river_damage': 11}",52000,Personal improvements;Modest house renovations;Structual house changes;Flood insurance;Water pump;Sandbags;Waterproofing walls & floors;Green garden;Rain barrel;Self-activating wall,Personal improvements;Modest house renovations;Structual house changes;Flood insurance;Water pump;Sandbags;Waterproofing walls & floors;Green garden;Rain barrel;Self-activating wall
1,a430,-12,-75000.0,"{'rain_damage': 10, 'river_damage': 11}",80000,Personal improvements;Modest house renovations;Structual house changes;Flood insurance;Sandbags,Personal improvements;Modest house renovations;Structual house changes;Flood insurance;Sandbags
1,a431,-11,-79000.0,"{'rain_damage': 10, 'river_damage': 11}",80000,Personal improvements;Modest house renovations;Structual house changes;Flood insurance;Green garden,Personal improvements;Modest house renovations;Structual house changes;Flood insurance;Green garden
1,a432,-13,-78000.0,"{'rain_damage': 10, 'river_damage': 11}",80000,Personal improvements;Modest house renovations;Flood insurance;Sandbags,Personal improvements;Modest house renovations;Flood insurance;Sandbags
1,a433,-9,-72000.0,"{'rain_damage': 10, 'river_damage': 11}",72000,Personal improvements;Modest house renovations;Structual house changes;Flood insurance;Waterproofing walls & floors;Sandbags,Personal improvements;Modest house renovations;Structual house changes;Flood insurance;Waterproofing walls & floors;Sandbags
1,a434,-5,-61000.0,"{'rain_damage': 10, 'river_damage': 11}",64000,Personal improvements;Modest house renovations;Structual house changes;Flood insurance;Sandbags;Waterproofing walls & floors;Green garden;Rain barrel,Personal improvements;Modest house renovations;Structual house changes;Flood insurance;Sandbags;Waterproofing walls & floors;Green garden;Rain barrel
1,a435,-9,-72000.0,"{'rain_damage': 10, 'river_damage': 11}",72000,Personal improvements;Modest house renovations;Structual house changes;Flood insurance;Waterproofing walls & floors;Sandbags,Personal improvements;Modest house renovations;Structual house changes;Flood insurance;Waterproofing walls & floors;Sandbags
1,a436,-2,-47000.0,"{'rain_damage': 10, 'river_damage': 11}",52000,Personal improvements;Modest house renovations;Structual house changes;Flood insurance;Water pump;Sandbags;Waterproofing walls & floors;Green garden;Rain barrel;Self-activating wall,Personal improvements;Modest house renovations;Structual house changes;Flood insurance;Water pump;Sandbags;Waterproofing walls & floors;Green garden;Rain barrel;Self-activating wall
1,a437,-7,-65000.0,"{'rain_damage': 10, 'river_damage': 11}",68000,Personal improvements;Modest house renovations;Structual house changes;Flood insurance;Sandbags;Waterproofing walls & floors;Green garden,Personal improvements;Modest house renovations;Structual house changes;Flood insurance;Sandbags;Waterproofing walls & floors;Green garden
1,a438,-13,-79000.0,"{'rain_damage': 10, 'river_damage': 11}",80000,Personal improvements;Modest house renovations;Structual house changes;Sandbags,Personal improvements;Modest house renovations;Structual house changes;Sandbags
1,a439,-11,-79000.0,"{'rain_damage': 10, 'river_damage': 11}",80000,Personal improvements;Modest house renovations;Structual house changes;Flood insurance;Green garden,Personal improvements;Modest house renovations;Structual house changes;Flood insurance;Green garden
1,a440,-13,-79000.0,"{'rain_damage': 10, 'river_damage': 11}",80000,Personal improvements;Modest house renovations;Structual house changes;Sandbags,Personal improvements;Modest house renovations;Structual house changes;Sandbags
1,a441,-8,-64000.0,"{'rain_damage': 10, 'river_damage': 11}",68000,Personal improvements;Modest house renovations;Structual house changes;Flood insurance;Sandbags;Waterproofing walls & floors;Water pump,Personal improvements;Modest house renovations;Structual house changes;Flood insurance;Sandbags;Waterproofing walls & floors;Water pump
1,a442,-6,-62000.0,"{'rain_damage': 10, 'river_damage': 11}",64000,Personal improvements;Modest house renovations;Structual house changes;Flood insurance;Sandbags;Waterproofing walls & floors;Green garden;Water pump,Personal improvements;Modest house renovations;Structual house changes;Flood insurance;Sandbags;Waterproofing walls & floors;Green garden;Water pump
1,a443,-14,-83000.0,"{'rain_damage': 10, 'river_damage': 11}",84000,Personal improvements;Modest house renovations;Structual house changes,Personal improvements;Modest house renovations;Structual house changes
1,a444,-14,-82000.0,"{'rain_damage': 10, 'river_damage': 11}",84000,Personal improvements;Modest house renovations;Flood insurance,Personal improvements;Modest house renovations;Flood insurance
1,a445,-2,-12000.0,"{'rain_damage': 10, 'river_damage': 11}",52000,Personal improvements;Modest house renovations;Structual house changes;Flood insurance;Water pump;Self-activating wall;Sandbags;Waterproofing walls & floors;Green garden;Rain barrel,Personal improvements;Modest house renovations;Structual house changes;Flood insurance;Water pump;Self-activating wall;Sandbags;Waterproofing walls & floors;Green garden;Rain barrel
1,a446,-7,-65000.0,"{'rain_damage': 10, 'river_damage': 11}",68000,Personal improvements;Modest house renovations;Structual house changes;Flood insurance;Sandbags;Waterproofing walls & floors;Green garden,Personal improvements;Modest house renovations;Structual house changes;Flood insurance;Sandbags;Waterproofing walls & floors;Green garden
1,a447,-7,-65000.0,"{'rain_damage': 10, 'river_damage': 11}",68000,Personal improvements;Modest house renovations;Structual house changes;Flood insurance;Sandbags;Waterproofing walls & floors;Green garden,Personal improvements;Modest house renovations;Structual house changes;Flood insurance;Sandbags;Waterproofing walls & floors;Green garden
1,a448,-2,-37000.0,"{'rain_damage': 10, 'river_damage': 11}",52000,Personal improvements;Modest house renovations;Structual house changes;Flood insurance;Water pump;Sandbags;Waterproofing walls & floors;Green garden;Rain barrel;Self-activating wall,Personal improvements;Modest house renovations;Structual house changes;Flood insurance;Water pump;Sandbags;Waterproofing walls & floors;Green garden;Rain barrel;Self-activating wall
1,a449,-12,-78000.0,"{'rain_damage': 10, 'river_damage': 11}",80000,Personal improvements;Modest house renovations;Structual house changes;Flood insurance;Sandbags,Personal improvements;Modest house renovations;Structual house changes;Flood insurance;Sandbags
1,a450,-12,-80000.0,"{'rain_damage': 10, 'river_damage': 11}",80000,Personal improvements;Modest house renovations;Structual house changes;Flood insurance;Sandbags,Personal improvements;Modest house renovations;Structual house changes;Flood insurance;Sandbags
1,a451,-12,-80000.0,"{'rain_damage': 10, 'river_damage': 11}",80000,Personal improvements;Modest house renovations;Structual house changes;Flood insurance;Sandbags,Personal improvements;Modest house renovations;Structual house changes;Flood insurance;Sandbags
1,a452,-7,-65000.0,"{'rain_damage': 10, 'river_damage': 11}",68000,Personal improvements;Modest house renovations;Structual house changes;Flood insurance;Sandbags;Waterproofing walls & floors;Green garden,Personal improvements;Modest house renovations;Structual house changes;Flood insurance;Sandbags;Waterproofing walls & floors;Green garden
1,a453,-11,-75000.0,"{'rain_damage': 10, 'river_damage': 11}",76000,Personal improvements;Modest house renovations;Structual house changes;Flood insurance;Sandbags;Water pump,Personal improvements;Modest house renovations;Structual house changes;Flood insurance;Sandbags;Water pump
1,a454,-14,-84000.0,"{'rain_damage': 10, 'river_damage': 11}",84000,Personal improvements;Modest house renovations;Flood insurance,Personal improvements;Modest house renovations;Flood insurance
1,a455,-14,-83000.0,"{'rain_damage': 10, 'river_damage': 11}",84000,Personal improvements;Modest house renovations;Structual house changes,Personal improvements;Modest house renovations;Structual house changes
1,a456,-6,-62000.0,"{'rain_damage': 10, 'river_damage': 11}",64000,Personal improvements;Modest house renovations;Structual house changes;Flood insurance;Sandbags;Waterproofing walls & floors;Green garden;Water pump,Personal improvements;Modest house renovations;Structual house changes;Flood insurance;Sandbags;Waterproofing walls & floors;Green garden;Water pump
1,a457,-13,-78000.0,"{'rain_damage': 10, 'river_damage': 11}",80000,Personal improvements;Modest house renovations;Flood insurance;Sandbags,Personal improvements;Modest house renovations;Flood insurance;Sandbags
1,a458,-10,-73000.0,"{'rain_damage': 10, 'river_damage': 11}",76000,Personal improvements;Modest house renovations;Structual house changes;Flood insurance;Green garden;Sandbags,Personal improvements;Modest house renovations;Structual house changes;Flood insurance;Green garden;Sandbags
1,a459,-7,-68000.0,"{'rain_damage': 10, 'river_damage': 11}",68000,Personal improvements;Modest house renovations;Structual house changes;Flood insurance;Sandbags;Waterproofing walls & floors;Green garden,Personal improvements;Modest house renovations;Structual house changes;Flood insurance;Sandbags;Waterproofing walls & floors;Green garden
1,a460,-10,-73000.0,"{'rain_damage': 10, 'river_damage': 11}",76000,Personal improvements;Modest house renovations;Structual house changes;Flood insurance;Green garden;Sandbags,Personal improvements;Modest house renovations;Structual house changes;Flood insurance;Green garden;Sandbags
1,a461,-12,-75000.0,"{'rain_damage': 10, 'river_damage': 11}",80000,Personal improvements;Modest house renovations;Structual house changes;Flood insurance;Sandbags,Personal improvements;Modest house renovations;Structual house changes;Flood insurance;Sandbags
1,a462,-12,-75000.0,"{'rain_damage': 10, 'river_damage': 11}",80000,Personal improvements;Modest house renovations;Structual house changes;Flood insurance;Sandbags,Personal improvements;Modest house renovations;Structual house changes;Flood insurance;Sandbags
1,a463,-4,-56000.0,"{'rain_damage': 10, 'river_damage': 11}",56000,Personal improvements;Modest house renovations;Structual house changes;Flood insurance;Sandbags;Waterproofing walls & floors;Green garden;Water pump;Self-activating wall,Personal improvements;Modest house renovations;Structual house changes;Flood insurance;Sandbags;Waterproofing walls & floors;Green garden;Water pump;Self-activating wall
1,a464,-12,-75000.0,"{'rain_damage': 10, 'river_damage': 11}",80000,Personal improvements;Modest house renovations;Structual house changes;Flood insurance;Sandbags,Personal improvements;Modest house renovations;Structual house changes;Flood insurance;Sandbags
1,a465,-9,-72000.0,"{'rain_damage': 10, 'river_damage': 11}",72000,Personal improvements;Modest house renovations;Structual house changes;Flood insurance;Waterproofing walls & floors;Sandbags,Personal improvements;Modest house renovations;Structual house changes;Flood insurance;Waterproofing walls & floors;Sandbags
1,a466,-4,-53000.0,"{'rain_damage': 10, 'river_damage': 11}",60000,Personal improvements;Modest house renovations;Structual house changes;Flood insurance;Sandbags;Waterproofing walls & floors;Green garden;Rain barrel;Water pump,Personal improvements;Modest house renovations;Structual house changes;Flood insurance;Sandbags;Waterproofing walls & floors;Green garden;Rain barrel;Water pump
1,a467,-11,-79000.0,"{'rain_damage': 10, 'river_damage': 11}",80000,Personal improvements;Modest house renovations;Structual house changes;Flood insurance;Green garden,Personal improvements;Modest house renovations;Structual house changes;Flood insurance;Green garden
1,a468,-12,-80000.0,"{'rain_damage': 10, 'river_damage': 11}",80000,Personal improvements;Modest house renovations;Structual house changes;Flood insurance;Sandbags,Personal improvements;Modest house renovations;Structual house changes;Flood insurance;Sandbags
1,a469,-4,-53000.0,"{'rain_damage': 10, 'river_damage': 11}",60000,Personal improvements;Modest house renovations;Structual house changes;Flood insurance;Sandbags;Waterproofing walls & floors;Green garden;Rain barrel;Water pump,Personal improvements;Modest house renovations;Structual house changes;Flood insurance;Sandbags;Waterproofing walls & floors;Green garden;Rain barrel;Water pump
1,a470,-9,-67000.0,"{'rain_damage': 10, 'river_damage': 11}",72000,Personal improvements;Modest house renovations;Structual house changes;Flood insurance;Waterproofing walls & floors;Sandbags,Personal improvements;Modest house renovations;Structual house changes;Flood insurance;Waterproofing walls & floors;Sandbags
1,a471,-2,-37000.0,"{'rain_damage': 10, 'river_damage': 11}",52000,Personal improvements;Modest house renovations;Structual house changes;Flood insurance;Water pump;Sandbags;Waterproofing walls & floors;Green garden;Rain barrel;Self-activating wall,Personal improvements;Modest house renovations;Structual house changes;Flood insurance;Water pump;Sandbags;Waterproofing walls & floors;Green garden;Rain barrel;Self-activating wall
1,a472,-9,-72000.0,"{'rain_damage': 10, 'river_damage': 11}",72000,Personal improvements;Modest house renovations;Structual house changes;Flood insurance;Waterproofing walls & floors;Sandbags,Personal improvements;Modest house renovations;Structual house changes;Flood insurance;Waterproofing walls & floors;Sandbags
1,a473,-7,-65000.0,"{'rain_damage': 10, 'river_damage': 11}",68000,Personal improvements;Modest house renovations;Structual house changes;Flood insurance;Sandbags;Waterproofing walls & floors;Green garden,Personal improvements;Modest house renovations;Structual house changes;Flood insurance;Sandbags;Waterproofing walls & floors;Green garden
1,a474,-4,-56000.0,"{'rain_damage': 10, 'river_damage': 11}",56000,Personal improvements;Modest house renovations;Structual house changes;Flood insurance;Sandbags;Waterproofing walls & floors;Green garden;Water pump;Self-activating wall,Personal improvements;Modest house renovations;Structual house changes;Flood insurance;Sandbags;Waterproofing walls & floors;Green garden;Water pump;Self-activating wall
1,a475,-12,-80000.0,"{'rain_damage': 10, 'river_damage': 11}",80000,Personal improvements;Modest house renovations;Structual house changes;Flood insurance;Sandbags,Personal improvements;Modest house renovations;Structual house changes;Flood insurance;Sandbags
1,a476,-13,-84000.0,"{'rain_damage': 10, 'river_damage': 11}",84000,Personal improvements;Modest house renovations;Structual house changes;Flood insurance,Personal improvements;Modest house renovations;Structual house changes;Flood insurance
1,a477,-12,-75000.0,"{'rain_damage': 10, 'river_damage': 11}",80000,Personal improvements;Modest house renovations;Structual house changes;Flood insurance;Sandbags,Personal improvements;Modest house renovations;Structual house changes;Flood insurance;Sandbags
1,a478,-13,-79000.0,"{'rain_damage': 10, 'river_damage': 11}",80000,Personal improvements;Modest house renovations;Structual house changes;Sandbags,Personal improvements;Modest house renovations;Structual house changes;Sandbags
1,a479,-12,-75000.0,"{'rain_damage': 10, 'river_damage': 11}",80000,Personal improvements;Modest house renovations;Structual house changes;Flood insurance;Sandbags,Personal improvements;Modest house renovations;Structual house changes;Flood insurance;Sandbags
1,a480,-12,-80000.0,"{'rain_damage': 10, 'river_damage': 11}",80000,Personal improvements;Modest house renovations;Structual house changes;Flood insurance;Sandbags,Personal improvements;Modest house renovations;Structual house changes;Flood insurance;Sandbags
1,a481,-6,-57000.0,"{'rain_damage': 10, 'river_damage': 11}",64000,Personal improvements;Modest house renovations;Structual house changes;Flood insurance;Sandbags;Waterproofing walls & floors;Green garden;Water pump,Personal improvements;Modest house renovations;Structual house changes;Flood insurance;Sandbags;Waterproofing walls & floors;Green garden;Water pump
1,a482,-14,-84000.0,"{'rain_damage': 10, 'river_damage': 11}",84000,Personal improvements;Modest house renovations;Flood insurance,Personal improvements;Modest house renovations;Flood insurance
1,a483,-14,-83000.0,"{'rain_damage': 10, 'river_damage': 11}",84000,Personal improvements;Modest house renovations;Structual house changes,Personal improvements;Modest house renovations;Structual house changes
1,a484,-7,-68000.0,"{'rain_damage': 10, 'river_damage': 11}",68000,Personal improvements;Modest house renovations;Structual house changes;Flood insurance;Sandbags;Waterproofing walls & floors;Green garden,Personal improvements;Modest house renovations;Structual house changes;Flood insurance;Sandbags;Waterproofing walls & floors;Green garden
1,a485,-2,-47000.0,"{'rain_damage': 10, 'river_damage': 11}",52000,Personal improvements;Modest house renovations;Structual house changes;Flood insurance;Water pump;Sandbags;Waterproofing walls & floors;Green garden;Rain barrel;Self-activating wall,Personal improvements;Modest house renovations;Structual house changes;Flood insurance;Water pump;Sandbags;Waterproofing walls & floors;Green garden;Rain barrel;Self-activating wall
1,a486,-12,-80000.0,"{'rain_damage': 10, 'river_damage': 11}",80000,Personal improvements;Modest house renovations;Structual house changes;Flood insurance;Sandbags,Personal improvements;Modest house renovations;Structual house changes;Flood insurance;Sandbags
1,a487,-6,-57000.0,"{'rain_damage': 10, 'river_damage': 11}",64000,Personal improvements;Modest house renovations;Structual house changes;Flood insurance;Sandbags;Waterproofing walls & floors;Green garden;Water pump,Personal improvements;Modest house renovations;Structual house changes;Flood insurance;Sandbags;Waterproofing walls & floors;Green garden;Water pump
1,a488,-7,-65000.0,"{'rain_damage': 10, 'river_damage': 11}",68000,Personal improvements;Modest house renovations;Structual house changes;Flood insurance;Sandbags;Waterproofing walls & floors;Green garden,Personal improvements;Modest house renovations;Structual house changes;Flood insurance;Sandbags;Waterproofing walls & floors;Green garden
1,a489,-14,-83000.0,"{'rain_damage': 10, 'river_damage': 11}",84000,Personal improvements;Modest house renovations;Structual house changes,Personal improvements;Modest house renovations;Structual house changes
1,a490,-7,-68000.0,"{'rain_damage': 10, 'river_damage': 11}",68000,Personal improvements;Modest house renovations;Structual house changes;Flood insurance;Sandbags;Waterproofing walls & floors;Green garden,Personal improvements;Modest house renovations;Structual house changes;Flood insurance;Sandbags;Waterproofing walls & floors;Green garden
1,a491,-12,-80000.0,"{'rain_damage': 10, 'river_damage': 11}",80000,Personal improvements;Modest house renovations;Structual house changes;Flood insurance;Sandbags,Personal improvements;Modest house renovations;Structual house changes;Flood insurance;Sandbags
1,a492,-9,-72000.0,"{'rain_damage': 10, 'river_damage': 11}",72000,Personal improvements;Modest house renovations;Structual house changes;Flood insurance;Waterproofing walls & floors;Sandbags,Personal improvements;Modest house renovations;Structual house changes;Flood insurance;Waterproofing walls & floors;Sandbags
1,a493,-12,-75000.0,"{'rain_damage': 10, 'river_damage': 11}",80000,Personal improvements;Modest house renovations;Structual house changes;Flood insurance;Sandbags,Personal improvements;Modest house renovations;Structual house changes;Flood insurance;Sandbags
1,a494,-9,-72000.0,"{'rain_damage': 10, 'river_damage': 11}",72000,Personal improvements;Modest house renovations;Structual house changes;Flood insurance;Waterproofing walls & floors;Sandbags,Personal improvements;Modest house renovations;Structual house changes;Flood insurance;Waterproofing walls & floors;Sandbags
1,a495,-6,-57000.0,"{'rain_damage': 10, 'river_damage': 11}",64000,Personal improvements;Modest house renovations;Structual house changes;Flood insurance;Sandbags;Waterproofing walls & floors;Green garden;Water pump,Personal improvements;Modest house renovations;Structual house changes;Flood insurance;Sandbags;Waterproofing walls & floors;Green garden;Water pump
1,a496,-13,-84000.0,"{'rain_damage': 10, 'river_damage': 11}",84000,Personal improvements;Modest house renovations;Structual house changes;Flood insurance,Personal improvements;Modest house renovations;Structual house changes;Flood insurance
1,a497,-13,-84000.0,"{'rain_damage': 10, 'river_damage': 11}",84000,Personal improvements;Modest house renovations;Structual house changes;Flood insurance,Personal improvements;Modest house renovations;Structual house changes;Flood insurance
1,a498,-12,-80000.0,"{'rain_damage': 10, 'river_damage': 11}",80000,Personal improvements;Modest house renovations;Structual house changes;Flood insurance;Sandbags,Personal improvements;Modest house renovations;Structual house changes;Flood insurance;Sandbags
1,a499,-8,-64000.0,"{'rain_damage': 10, 'river_damage': 11}",68000,Personal improvements;Modest house renovations;Structual house changes;Flood insurance;Sandbags;Waterproofing walls & floors;Water pump,Personal improvements;Modest house renovations;Structual house changes;Flood insurance;Sandbags;Waterproofing walls & floors;Water pump
1,a500,-12,-80000.0,"{'rain_damage': 10, 'river_damage': 11}",80000,Personal improvements;Modest house renovations;Structual house changes;Flood insurance;Sandbags,Personal improvements;Modest house renovations;Structual house changes;Flood insurance;Sandbags
1,a501,-12,-75000.0,"{'rain_damage': 10, 'river_damage': 11}",80000,Personal improvements;Modest house renovations;Structual house changes;Flood insurance;Sandbags,Personal improvements;Modest house renovations;Structual house changes;Flood insurance;Sandbags
1,a502,-4,-53000.0,"{'rain_damage': 10, 'river_damage': 11}",60000,Personal improvements;Modest house renovations;Structual house changes;Flood insurance;Sandbags;Waterproofing walls & floors;Green garden;Rain barrel;Water pump,Personal improvements;Modest house renovations;Structual house changes;Flood insurance;Sandbags;Waterproofing walls & floors;Green garden;Rain barrel;Water pump
1,a503,-9,-72000.0,"{'rain_damage': 10, 'river_damage': 11}",72000,Personal improvements;Modest house renovations;Structual house changes;Flood insurance;Waterproofing walls & floors;Sandbags,Personal improvements;Modest house renovations;Structual house changes;Flood insurance;Waterproofing walls & floors;Sandbags
1,a504,-11,-79000.0,"{'rain_damage': 10, 'river_damage': 11}",80000,Personal improvements;Modest house renovations;Structual house changes;Flood insurance;Green garden,Personal improvements;Modest house renovations;Structual house changes;Flood insurance;Green garden
1,a505,-9,-67000.0,"{'rain_damage': 10, 'river_damage': 11}",72000,Personal improvements;Modest house renovations;Structual house changes;Flood insurance;Waterproofing walls & floors;Sandbags,Personal improvements;Modest house renovations;Structual house changes;Flood insurance;Waterproofing walls & floors;Sandbags
1,a506,-6,-57000.0,"{'rain_damage': 10, 'river_damage': 11}",64000,Personal improvements;Modest house renovations;Structual house changes;Flood insurance;Sandbags;Waterproofing walls & floors;Green garden;Water pump,Personal improvements;Modest house renovations;Structual house changes;Flood insurance;Sandbags;Waterproofing walls & floors;Green garden;Water pump
1,a507,-9,-72000.0,"{'rain_damage': 10, 'river_damage': 11}",72000,Personal improvements;Modest house renovations;Structual house changes;Flood insurance;Waterproofing walls & floors;Sandbags,Personal improvements;Modest house renovations;Structual house changes;Flood insurance;Waterproofing walls & floors;Sandbags
1,a508,-6,-62000.0,"{'rain_damage': 10, 'river_damage': 11}",64000,Personal improvements;Modest house renovations;Structual house changes;Flood insurance;Sandbags;Waterproofing walls & floors;Green garden;Water pump,Personal improvements;Modest house renovations;Structual house changes;Flood insurance;Sandbags;Waterproofing walls & floors;Green garden;Water pump
1,a509,-6,-57000.0,"{'rain_damage': 10, 'river_damage': 11}",64000,Personal improvements;Modest house renovations;Structual house changes;Flood insurance;Sandbags;Waterproofing walls & floors;Green garden;Water pump,Personal improvements;Modest house renovations;Structual house changes;Flood insurance;Sandbags;Waterproofing walls & floors;Green garden;Water pump
1,a510,-12,-75000.0,"{'rain_damage': 10, 'river_damage': 11}",80000,Personal improvements;Modest house renovations;Structual house changes;Flood insurance;Sandbags,Personal improvements;Modest house renovations;Structual house changes;Flood insurance;Sandbags
1,a511,-2,-42000.0,"{'rain_damage': 10, 'river_damage': 11}",52000,Personal improvements;Modest house renovations;Structual house changes;Flood insurance;Water pump;Sandbags;Waterproofing walls & floors;Green garden;Rain barrel;Self-activating wall,Personal improvements;Modest house renovations;Structual house changes;Flood insurance;Water pump;Sandbags;Waterproofing walls & floors;Green garden;Rain barrel;Self-activating wall
1,a512,-8,-64000.0,"{'rain_damage': 10, 'river_damage': 11}",68000,Personal improvements;Modest house renovations;Structual house changes;Flood insurance;Sandbags;Waterproofing walls & floors;Water pump,Personal improvements;Modest house renovations;Structual house changes;Flood insurance;Sandbags;Waterproofing walls & floors;Water pump
1,a513,-9,-67000.0,"{'rain_damage': 10, 'river_damage': 11}",72000,Personal improvements;Modest house renovations;Structual house changes;Flood insurance;Waterproofing walls & floors;Sandbags,Personal improvements;Modest house renovations;Structual house changes;Flood insurance;Waterproofing walls & floors;Sandbags
1,a514,-6,-62000.0,"{'rain_damage': 10, 'river_damage': 11}",64000,Personal improvements;Modest house renovations;Structual house changes;Flood insurance;Sandbags;Waterproofing walls & floors;Green garden;Water pump,Personal improvements;Modest house renovations;Structual house changes;Flood insurance;Sandbags;Waterproofing walls & floors;Green garden;Water pump
1,a515,-2,-12000.0,"{'rain_damage': 10, 'river_damage': 11}",52000,Personal improvements;Modest house renovations;Structual house changes;Flood insurance;Water pump;Self-activating wall;Sandbags;Waterproofing walls & floors;Green garden;Rain barrel,Personal improvements;Modest house renovations;Structual house changes;Flood insurance;Water pump;Self-activating wall;Sandbags;Waterproofing walls & floors;Green garden;Rain barrel
1,a516,-13,-79000.0,"{'rain_damage': 10, 'river_damage': 11}",80000,Personal improvements;Modest house renovations;Structual house changes;Sandbags,Personal improvements;Modest house renovations;Structual house changes;Sandbags
1,a517,-4,-53000.0,"{'rain_damage': 10, 'river_damage': 11}",60000,Personal improvements;Modest house renovations;Structual house changes;Flood insurance;Sandbags;Waterproofing walls & floors;Green garden;Rain barrel;Water pump,Personal improvements;Modest house renovations;Structual house changes;Flood insurance;Sandbags;Waterproofing walls & floors;Green garden;Rain barrel;Water pump
1,a518,-14,-83000.0,"{'rain_damage': 10, 'river_damage': 11}",84000,Personal improvements;Modest house renovations;Structual house changes,Personal improvements;Modest house renovations;Structual house changes
1,a519,-13,-79000.0,"{'rain_damage': 10, 'river_damage': 11}",80000,Personal improvements;Modest house renovations;Structual house changes;Sandbags,Personal improvements;Modest house renovations;Structual house changes;Sandbags
1,a520,-9,-72000.0,"{'rain_damage': 10, 'river_damage': 11}",72000,Personal improvements;Modest house renovations;Structual house changes;Flood insurance;Waterproofing walls & floors;Sandbags,Personal improvements;Modest house renovations;Structual house changes;Flood insurance;Waterproofing walls & floors;Sandbags
1,a521,-12,-80000.0,"{'rain_damage': 10, 'river_damage': 11}",80000,Personal improvements;Modest house renovations;Structual house changes;Flood insurance;Sandbags,Personal improvements;Modest house renovations;Structual house changes;Flood insurance;Sandbags
1,a522,-2,-52000.0,"{'rain_damage': 10, 'river_damage': 11}",52000,Personal improvements;Modest house renovations;Structual house changes;Flood insurance;Sandbags;Waterproofing walls & floors;Green garden;Rain barrel;Water pump;Self-activating wall,Personal improvements;Modest house renovations;Structual house changes;Flood insurance;Sandbags;Waterproofing walls & floors;Green garden;Rain barrel;Water pump;Self-activating wall
1,a523,-2,-12000.0,"{'rain_damage': 10, 'river_damage': 11}",52000,Personal improvements;Modest house renovations;Structual house changes;Flood insurance;Water pump;Self-activating wall;Sandbags;Waterproofing walls & floors;Green garden;Rain barrel,Personal improvements;Modest house renovations;Structual house changes;Flood insurance;Water pump;Self-activating wall;Sandbags;Waterproofing walls & floors;Green garden;Rain barrel
1,a524,-12,-75000.0,"{'rain_damage': 10, 'river_damage': 11}",80000,Personal improvements;Modest house renovations;Structual house changes;Flood insurance;Sandbags,Personal improvements;Modest house renovations;Structual house changes;Flood insurance;Sandbags
1,a525,-2,-37000.0,"{'rain_damage': 10, 'river_damage': 11}",52000,Personal improvements;Modest house renovations;Structual house changes;Flood insurance;Water pump;Sandbags;Waterproofing walls & floors;Green garden;Rain barrel;Self-activating wall,Personal improvements;Modest house renovations;Structual house changes;Flood insurance;Water pump;Sandbags;Waterproofing walls & floors;Green garden;Rain barrel;Self-activating wall
1,a526,-13,-79000.0,"{'rain_damage': 10, 'river_damage': 11}",80000,Personal improvements;Modest house renovations;Structual house changes;Sandbags,Personal improvements;Modest house renovations;Structual house changes;Sandbags
1,a527,-2,-47000.0,"{'rain_damage': 10, 'river_damage': 11}",52000,Personal improvements;Modest house renovations;Structual house changes;Flood insurance;Water pump;Sandbags;Waterproofing walls & floors;Green garden;Rain barrel;Self-activating wall,Personal improvements;Modest house renovations;Structual house changes;Flood insurance;Water pump;Sandbags;Waterproofing walls & floors;Green garden;Rain barrel;Self-activating wall
1,a528,-9,-72000.0,"{'rain_damage': 10, 'river_damage': 11}",72000,Personal improvements;Modest house renovations;Structual house changes;Flood insurance;Waterproofing walls & floors;Sandbags,Personal improvements;Modest house renovations;Structual house changes;Flood insurance;Waterproofing walls & floors;Sandbags
1,a529,-12,-75000.0,"{'rain_damage': 10, 'river_damage': 11}",80000,Personal improvements;Modest house renovations;Structual house changes;Flood insurance;Sandbags,Personal improvements;Modest house renovations;Structual house changes;Flood insurance;Sandbags
1,a530,-8,-64000.0,"{'rain_damage': 10, 'river_damage': 11}",68000,Personal improvements;Modest house renovations;Structual house changes;Flood insurance;Sandbags;Waterproofing walls & floors;Water pump,Personal improvements;Modest house renovations;Structual house changes;Flood insurance;Sandbags;Waterproofing walls & floors;Water pump
1,a531,-7,-68000.0,"{'rain_damage': 10, 'river_damage': 11}",68000,Personal improvements;Modest house renovations;Structual house changes;Flood insurance;Sandbags;Waterproofing walls & floors;Green garden,Personal improvements;Modest house renovations;Structual house changes;Flood insurance;Sandbags;Waterproofing walls & floors;Green garden
1,a532,-2,-12000.0,"{'rain_damage': 10, 'river_damage': 11}",52000,Personal improvements;Modest house renovations;Structual house changes;Flood insurance;Water pump;Self-activating wall;Sandbags;Waterproofing walls & floors;Green garden;Rain barrel,Personal improvements;Modest house renovations;Structual house changes;Flood insurance;Water pump;Self-activating wall;Sandbags;Waterproofing walls & floors;Green garden;Rain barrel
1,a533,-12,-75000.0,"{'rain_damage': 10, 'river_damage': 11}",80000,Personal improvements;Modest house renovations;Structual house changes;Flood insurance;Sandbags,Personal improvements;Modest house renovations;Structual house changes;Flood insurance;Sandbags
1,a534,-12,-75000.0,"{'rain_damage': 10, 'river_damage': 11}",80000,Personal improvements;Modest house renovations;Structual house changes;Flood insurance;Sandbags,Personal improvements;Modest house renovations;Structual house changes;Flood insurance;Sandbags
1,a535,-6,-57000.0,"{'rain_damage': 10, 'river_damage': 11}",64000,Personal improvements;Modest house renovations;Structual house changes;Flood insurance;Sandbags;Waterproofing walls & floors;Green garden;Water pump,Personal improvements;Modest house renovations;Structual house changes;Flood insurance;Sandbags;Waterproofing walls & floors;Green garden;Water pump
1,a536,-4,-56000.0,"{'rain_damage': 10, 'river_damage': 11}",56000,Personal improvements;Modest house renovations;Structual house changes;Flood insurance;Sandbags;Waterproofing walls & floors;Green garden;Water pump;Self-activating wall,Personal improvements;Modest house renovations;Structual house changes;Flood insurance;Sandbags;Waterproofing walls & floors;Green garden;Water pump;Self-activating wall
1,a537,-9,-67000.0,"{'rain_damage': 10, 'river_damage': 11}",72000,Personal improvements;Modest house renovations;Structual house changes;Flood insurance;Waterproofing walls & floors;Sandbags,Personal improvements;Modest house renovations;Structual house changes;Flood insurance;Waterproofing walls & floors;Sandbags
1,a538,-5,-61000.0,"{'rain_damage': 10, 'river_damage': 11}",64000,Personal improvements;Modest house renovations;Structual house changes;Flood insurance;Sandbags;Waterproofing walls & floors;Green garden;Rain barrel,Personal improvements;Modest house renovations;Structual house changes;Flood insurance;Sandbags;Waterproofing walls & floors;Green garden;Rain barrel
1,a539,-4,-53000.0,"{'rain_damage': 10, 'river_damage': 11}",60000,Personal improvements;Modest house renovations;Structual house changes;Flood insurance;Sandbags;Waterproofing walls & floors;Green garden;Rain barrel;Water pump,Personal improvements;Modest house renovations;Structual house changes;Flood insurance;Sandbags;Waterproofing walls & floors;Green garden;Rain barrel;Water pump
1,a540,-9,-67000.0,"{'rain_damage': 10, 'river_damage': 11}",72000,Personal improvements;Modest house renovations;Structual house changes;Flood insurance;Waterproofing walls & floors;Sandbags,Personal improvements;Modest house renovations;Structual house changes;Flood insurance;Waterproofing walls & floors;Sandbags
1,a541,-5,-61000.0,"{'rain_damage': 10, 'river_damage': 11}",64000,Personal improvements;Modest house renovations;Structual house changes;Flood insurance;Sandbags;Waterproofing walls & floors;Green garden;Rain barrel,Personal improvements;Modest house renovations;Structual house changes;Flood insurance;Sandbags;Waterproofing walls & floors;Green garden;Rain barrel
1,a542,-13,-78000.0,"{'rain_damage': 10, 'river_damage': 11}",80000,Personal improvements;Modest house renovations;Flood insurance;Sandbags,Personal improvements;Modest house renovations;Flood insurance;Sandbags
1,a543,-10,-73000.0,"{'rain_damage': 10, 'river_damage': 11}",76000,Personal improvements;Modest house renovations;Structual house changes;Flood insurance;Green garden;Sandbags,Personal improvements;Modest house renovations;Structual house changes;Flood insurance;Green garden;Sandbags
1,a544,-6,-57000.0,"{'rain_damage': 10, 'river_damage': 11}",64000,Personal improvements;Modest house renovations;Structual house changes;Flood insurance;Sandbags;Waterproofing walls & floors;Green garden;Water pump,Personal improvements;Modest house renovations;Structual house changes;Flood insurance;Sandbags;Waterproofing walls & floors;Green garden;Water pump
1,a545,-13,-79000.0,"{'rain_damage': 10, 'river_damage': 11}",80000,Personal improvements;Modest house renovations;Structual house changes;Sandbags,Personal improvements;Modest house renovations;Structual house changes;Sandbags
1,a546,-12,-80000.0,"{'rain_damage': 10, 'river_damage': 11}",80000,Personal improvements;Modest house renovations;Structual house changes;Flood insurance;Sandbags,Personal improvements;Modest house renovations;Structual house changes;Flood insurance;Sandbags
1,a547,-8,-64000.0,"{'rain_damage': 10, 'river_damage': 11}",68000,Personal improvements;Modest house renovations;Structual house changes;Flood insurance;Sandbags;Waterproofing walls & floors;Water pump,Personal improvements;Modest house renovations;Structual house changes;Flood insurance;Sandbags;Waterproofing walls & floors;Water pump
1,a548,-10,-73000.0,"{'rain_damage': 10, 'river_damage': 11}",76000,Personal improvements;Modest house renovations;Structual house changes;Flood insurance;Green garden;Sandbags,Personal improvements;Modest house renovations;Structual house changes;Flood insurance;Green garden;Sandbags
1,a549,-13,-84000.0,"{'rain_damage': 10, 'river_damage': 11}",84000,Personal improvements;Modest house renovations;Structual house changes;Flood insurance,Personal improvements;Modest house renovations;Structual house changes;Flood insurance
1,a550,-9,-67000.0,"{'rain_damage': 10, 'river_damage': 11}",72000,Personal improvements;Modest house renovations;Structual house changes;Flood insurance;Waterproofing walls & floors;Sandbags,Personal improvements;Modest house renovations;Structual house changes;Flood insurance;Waterproofing walls & floors;Sandbags
1,a551,-9,-72000.0,"{'rain_damage': 10, 'river_damage': 11}",72000,Personal improvements;Modest house renovations;Structual house changes;Flood insurance;Waterproofing walls & floors;Sandbags,Personal improvements;Modest house renovations;Structual house changes;Flood insurance;Waterproofing walls & floors;Sandbags
1,a552,-4,-53000.0,"{'rain_damage': 10, 'river_damage': 11}",60000,Personal improvements;Modest house renovations;Structual house changes;Flood insurance;Sandbags;Waterproofing walls & floors;Green garden;Rain barrel;Water pump,Personal improvements;Modest house renovations;Structual house changes;Flood insurance;Sandbags;Waterproofing walls & floors;Green garden;Rain barrel;Water pump
1,a553,-12,-75000.0,"{'rain_damage': 10, 'river_damage': 11}",80000,Personal improvements;Modest house renovations;Structual house changes;Flood insurance;Sandbags,Personal improvements;Modest house renovations;Structual house changes;Flood insurance;Sandbags
1,a554,-7,-65000.0,"{'rain_damage': 10, 'river_damage': 11}",68000,Personal improvements;Modest house renovations;Structual house changes;Flood insurance;Sandbags;Waterproofing walls & floors;Green garden,Personal improvements;Modest house renovations;Structual house changes;Flood insurance;Sandbags;Waterproofing walls & floors;Green garden
1,a555,-12,-75000.0,"{'rain_damage': 10, 'river_damage': 11}",80000,Personal improvements;Modest house renovations;Structual house changes;Flood insurance;Sandbags,Personal improvements;Modest house renovations;Structual house changes;Flood insurance;Sandbags
1,a556,-11,-79000.0,"{'rain_damage': 10, 'river_damage': 11}",80000,Personal improvements;Modest house renovations;Structual house changes;Flood insurance;Green garden,Personal improvements;Modest house renovations;Structual house changes;Flood insurance;Green garden
1,a557,-11,-75000.0,"{'rain_damage': 10, 'river_damage': 11}",76000,Personal improvements;Modest house renovations;Structual house changes;Flood insurance;Sandbags;Water pump,Personal improvements;Modest house renovations;Structual house changes;Flood insurance;Sandbags;Water pump
1,a558,-11,-75000.0,"{'rain_damage': 10, 'river_damage': 11}",76000,Personal improvements;Modest house renovations;Structual house changes;Flood insurance;Sandbags;Water pump,Personal improvements;Modest house renovations;Structual house changes;Flood insurance;Sandbags;Water pump
1,a559,-7,-65000.0,"{'rain_damage': 10, 'river_damage': 11}",68000,Personal improvements;Modest house renovations;Structual house changes;Flood insurance;Sandbags;Waterproofing walls & floors;Green garden,Personal improvements;Modest house renovations;Structual house changes;Flood insurance;Sandbags;Waterproofing walls & floors;Green garden
1,a560,-4,-58000.0,"{'rain_damage': 10, 'river_damage': 11}",60000,Personal improvements;Modest house renovations;Structual house changes;Flood insurance;Sandbags;Waterproofing walls & floors;Green garden;Rain barrel;Water pump,Personal improvements;Modest house renovations;Structual house changes;Flood insurance;Sandbags;Waterproofing walls & floors;Green garden;Rain barrel;Water pump
1,a561,-2,-47000.0,"{'rain_damage': 10, 'river_damage': 11}",52000,Personal improvements;Modest house renovations;Structual house changes;Flood insurance;Water pump;Sandbags;Waterproofing walls & floors;Green garden;Rain barrel;Self-activating wall,Personal improvements;Modest house renovations;Structual house changes;Flood insurance;Water pump;Sandbags;Waterproofing walls & floors;Green garden;Rain barrel;Self-activating wall
1,a562,-7,-65000.0,"{'rain_damage': 10, 'river_damage': 11}",68000,Personal improvements;Modest house renovations;Structual house changes;Flood insurance;Sandbags;Waterproofing walls & floors;Green garden,Personal improvements;Modest house renovations;Structual house changes;Flood insurance;Sandbags;Waterproofing walls & floors;Green garden
1,a563,-13,-78000.0,"{'rain_damage': 10, 'river_damage': 11}",80000,Personal improvements;Modest house renovations;Flood insurance;Sandbags,Personal improvements;Modest house renovations;Flood insurance;Sandbags
1,a564,-5,-61000.0,"{'rain_damage': 10, 'river_damage': 11}",64000,Personal improvements;Modest house renovations;Structual house changes;Flood insurance;Sandbags;Waterproofing walls & floors;Green garden;Rain barrel,Personal improvements;Modest house renovations;Structual house changes;Flood insurance;Sandbags;Waterproofing walls & floors;Green garden;Rain barrel
1,a565,-13,-79000.0,"{'rain_damage': 10, 'river_damage': 11}",80000,Personal improvements;Modest house renovations;Structual house changes;Sandbags,Personal improvements;Modest house renovations;Structual house changes;Sandbags
1,a566,-11,-79000.0,"{'rain_damage': 10, 'river_damage': 11}",80000,Personal improvements;Modest house renovations;Structual house changes;Flood insurance;Green garden,Personal improvements;Modest house renovations;Structual house changes;Flood insurance;Green garden
1,a567,-10,-73000.0,"{'rain_damage': 10, 'river_damage': 11}",76000,Personal improvements;Modest house renovations;Structual house changes;Flood insurance;Green garden;Sandbags,Personal improvements;Modest house renovations;Structual house changes;Flood insurance;Green garden;Sandbags
1,a568,-9,-72000.0,"{'rain_damage': 10, 'river_damage': 11}",72000,Personal improvements;Modest house renovations;Structual house changes;Flood insurance;Waterproofing walls & floors;Sandbags,Personal improvements;Modest house renovations;Structual house changes;Flood insurance;Waterproofing walls & floors;Sandbags
1,a569,-9,-72000.0,"{'rain_damage': 10, 'river_damage': 11}",72000,Personal improvements;Modest house renovations;Structual house changes;Flood insurance;Waterproofing walls & floors;Sandbags,Personal improvements;Modest house renovations;Structual house changes;Flood insurance;Waterproofing walls & floors;Sandbags
1,a570,-13,-84000.0,"{'rain_damage': 10, 'river_damage': 11}",84000,Personal improvements;Modest house renovations;Structual house changes;Flood insurance,Personal improvements;Modest house renovations;Structual house changes;Flood insurance
1,a571,-13,-79000.0,"{'rain_damage': 10, 'river_damage': 11}",80000,Personal improvements;Modest house renovations;Structual house changes;Sandbags,Personal improvements;Modest house renovations;Structual house changes;Sandbags
1,a572,-2,-42000.0,"{'rain_damage': 10, 'river_damage': 11}",52000,Personal improvements;Modest house renovations;Structual house changes;Flood insurance;Water pump;Sandbags;Waterproofing walls & floors;Green garden;Rain barrel;Self-activating wall,Personal improvements;Modest house renovations;Structual house changes;Flood insurance;Water pump;Sandbags;Waterproofing walls & floors;Green garden;Rain barrel;Self-activating wall
1,a573,-13,-79000.0,"{'rain_damage': 10, 'river_damage': 11}",80000,Personal improvements;Modest house renovations;Structual house changes;Sandbags,Personal improvements;Modest house renovations;Structual house changes;Sandbags
1,a574,-12,-80000.0,"{'rain_damage': 10, 'river_damage': 11}",80000,Personal improvements;Modest house renovations;Structual house changes;Flood insurance;Sandbags,Personal improvements;Modest house renovations;Structual house changes;Flood insurance;Sandbags
1,a575,-6,-62000.0,"{'rain_damage': 10, 'river_damage': 11}",64000,Personal improvements;Modest house renovations;Structual house changes;Flood insurance;Sandbags;Waterproofing walls & floors;Green garden;Water pump,Personal improvements;Modest house renovations;Structual house changes;Flood insurance;Sandbags;Waterproofing walls & floors;Green garden;Water pump
1,a576,-13,-78000.0,"{'rain_damage': 10, 'river_damage': 11}",80000,Personal improvements;Modest house renovations;Flood insurance;Sandbags,Personal improvements;Modest house renovations;Flood insurance;Sandbags
1,a577,-13,-78000.0,"{'rain_damage': 10, 'river_damage': 11}",80000,Personal improvements;Modest house renovations;Flood insurance;Sandbags,Personal improvements;Modest house renovations;Flood insurance;Sandbags
1,a578,-2,-12000.0,"{'rain_damage': 10, 'river_damage': 11}",52000,Personal improvements;Modest house renovations;Structual house changes;Flood insurance;Water pump;Self-activating wall;Sandbags;Waterproofing walls & floors;Green garden;Rain barrel,Personal improvements;Modest house renovations;Structual house changes;Flood insurance;Water pump;Self-activating wall;Sandbags;Waterproofing walls & floors;Green garden;Rain barrel
1,a579,-4,-58000.0,"{'rain_damage': 10, 'river_damage': 11}",60000,Personal improvements;Modest house renovations;Structual house changes;Flood insurance;Sandbags;Waterproofing walls & floors;Green garden;Rain barrel;Water pump,Personal improvements;Modest house renovations;Structual house changes;Flood insurance;Sandbags;Waterproofing walls & floors;Green garden;Rain barrel;Water pump
1,a580,-14,-84000.0,"{'rain_damage': 10, 'river_damage': 11}",84000,Personal improvements;Modest house renovations;Flood insurance,Personal improvements;Modest house renovations;Flood insurance
1,a581,-5,-61000.0,"{'rain_damage': 10, 'river_damage': 11}",64000,Personal improvements;Modest house renovations;Structual house changes;Flood insurance;Sandbags;Waterproofing walls & floors;Green garden;Rain barrel,Personal improvements;Modest house renovations;Structual house changes;Flood insurance;Sandbags;Waterproofing walls & floors;Green garden;Rain barrel
1,a582,-6,-57000.0,"{'rain_damage': 10, 'river_damage': 11}",64000,Personal improvements;Modest house renovations;Structual house changes;Flood insurance;Sandbags;Waterproofing walls & floors;Green garden;Water pump,Personal improvements;Modest house renovations;Structual house changes;Flood insurance;Sandbags;Waterproofing walls & floors;Green garden;Water pump
1,a583,-12,-75000.0,"{'rain_damage': 10, 'river_damage': 11}",80000,Personal improvements;Modest house renovations;Structual house changes;Flood insurance;Sandbags,Personal improvements;Modest house renovations;Structual house changes;Flood insurance;Sandbags
1,a584,-7,-65000.0,"{'rain_damage': 10, 'river_damage': 11}",68000,Personal improvements;Modest house renovations;Structual house changes;Flood insurance;Sandbags;Waterproofing walls & floors;Green garden,Personal improvements;Modest house renovations;Structual house changes;Flood insurance;Sandbags;Waterproofing walls & floors;Green garden
1,a585,-7,-68000.0,"{'rain_damage': 10, 'river_damage': 11}",68000,Personal improvements;Modest house renovations;Structual house changes;Flood insurance;Sandbags;Waterproofing walls & floors;Green garden,Personal improvements;Modest house renovations;Structual house changes;Flood insurance;Sandbags;Waterproofing walls & floors;Green garden
1,a586,-2,-12000.0,"{'rain_damage': 10, 'river_damage': 11}",52000,Personal improvements;Modest house renovations;Structual house changes;Flood insurance;Water pump;Self-activating wall;Sandbags;Waterproofing walls & floors;Green garden;Rain barrel,Personal improvements;Modest house renovations;Structual house changes;Flood insurance;Water pump;Self-activating wall;Sandbags;Waterproofing walls & floors;Green garden;Rain barrel
1,a587,-12,-80000.0,"{'rain_damage': 10, 'river_damage': 11}",80000,Personal improvements;Modest house renovations;Structual house changes;Flood insurance;Sandbags,Personal improvements;Modest house renovations;Structual house changes;Flood insurance;Sandbags
1,a588,-4,-53000.0,"{'rain_damage': 10, 'river_damage': 11}",60000,Personal improvements;Modest house renovations;Structual house changes;Flood insurance;Sandbags;Waterproofing walls & floors;Green garden;Rain barrel;Water pump,Personal improvements;Modest house renovations;Structual house changes;Flood insurance;Sandbags;Waterproofing walls & floors;Green garden;Rain barrel;Water pump
1,a589,-10,-73000.0,"{'rain_damage': 10, 'river_damage': 11}",76000,Personal improvements;Modest house renovations;Structual house changes;Flood insurance;Green garden;Sandbags,Personal improvements;Modest house renovations;Structual house changes;Flood insurance;Green garden;Sandbags
1,a590,-8,-64000.0,"{'rain_damage': 10, 'river_damage': 11}",68000,Personal improvements;Modest house renovations;Structual house changes;Flood insurance;Sandbags;Waterproofing walls & floors;Water pump,Personal improvements;Modest house renovations;Structual house changes;Flood insurance;Sandbags;Waterproofing walls & floors;Water pump
1,a591,-12,-75000.0,"{'rain_damage': 10, 'river_damage': 11}",80000,Personal improvements;Modest house renovations;Structual house changes;Flood insurance;Sandbags,Personal improvements;Modest house renovations;Structual house changes;Flood insurance;Sandbags
1,a592,-11,-75000.0,"{'rain_damage': 10, 'river_damage': 11}",76000,Personal improvements;Modest house renovations;Structual house changes;Flood insurance;Sandbags;Water pump,Personal improvements;Modest house renovations;Structual house changes;Flood insurance;Sandbags;Water pump
1,a593,-10,-73000.0,"{'rain_damage': 10, 'river_damage': 11}",76000,Personal improvements;Modest house renovations;Structual house changes;Flood insurance;Green garden;Sandbags,Personal improvements;Modest house renovations;Structual house changes;Flood insurance;Green garden;Sandbags
1,a594,-14,-83000.0,"{'rain_damage': 10, 'river_damage': 11}",84000,Personal improvements;Modest house renovations;Structual house changes,Personal improvements;Modest house renovations;Structual house changes
1,a595,-14,-83000.0,"{'rain_damage': 10, 'river_damage': 11}",84000,Personal improvements;Modest house renovations;Structual house changes,Personal improvements;Modest house renovations;Structual house changes
1,a596,-10,-73000.0,"{'rain_damage': 10, 'river_damage': 11}",76000,Personal improvements;Modest house renovations;Structual house changes;Flood insurance;Green garden;Sandbags,Personal improvements;Modest house renovations;Structual house changes;Flood insurance;Green garden;Sandbags
1,a597,-7,-68000.0,"{'rain_damage': 10, 'river_damage': 11}",68000,Personal improvements;Modest house renovations;Structual house changes;Flood insurance;Sandbags;Waterproofing walls & floors;Green garden,Personal improvements;Modest house renovations;Structual house changes;Flood insurance;Sandbags;Waterproofing walls & floors;Green garden
1,a598,-14,-84000.0,"{'rain_damage': 10, 'river_damage': 11}",84000,Personal improvements;Modest house renovations;Flood insurance,Personal improvements;Modest house renovations;Flood insurance
1,a599,-2,-42000.0,"{'rain_damage': 10, 'river_damage': 11}",52000,Personal improvements;Modest house renovations;Structual house changes;Flood insurance;Water pump;Sandbags;Waterproofing walls & floors;Green garden;Rain barrel;Self-activating wall,Personal improvements;Modest house renovations;Structual house changes;Flood insurance;Water pump;Sandbags;Waterproofing walls & floors;Green garden;Rain barrel;Self-activating wall
1,a600,-7,-68000.0,"{'rain_damage': 10, 'river_damage': 11}",68000,Personal improvements;Modest house renovations;Structual house changes;Flood insurance;Sandbags;Waterproofing walls & floors;Green garden,Personal improvements;Modest house renovations;Structual house changes;Flood insurance;Sandbags;Waterproofing walls & floors;Green garden
1,a601,-2,-12000.0,"{'rain_damage': 10, 'river_damage': 11}",52000,Personal improvements;Modest house renovations;Structual house changes;Flood insurance;Water pump;Self-activating wall;Sandbags;Waterproofing walls & floors;Green garden;Rain barrel,Personal improvements;Modest house renovations;Structual house changes;Flood insurance;Water pump;Self-activating wall;Sandbags;Waterproofing walls & floors;Green garden;Rain barrel
1,a602,-8,-64000.0,"{'rain_damage': 10, 'river_damage': 11}",68000,Personal improvements;Modest house renovations;Structual house changes;Flood insurance;Sandbags;Waterproofing walls & floors;Water pump,Personal improvements;Modest house renovations;Structual house changes;Flood insurance;Sandbags;Waterproofing walls & floors;Water pump
1,a603,-13,-78000.0,"{'rain_damage': 10, 'river_damage': 11}",80000,Personal improvements;Modest house renovations;Flood insurance;Sandbags,Personal improvements;Modest house renovations;Flood insurance;Sandbags
1,a604,-8,-64000.0,"{'rain_damage': 10, 'river_damage': 11}",68000,Personal improvements;Modest house renovations;Structual house changes;Flood insurance;Sandbags;Waterproofing walls & floors;Water pump,Personal improvements;Modest house renovations;Structual house changes;Flood insurance;Sandbags;Waterproofing walls & floors;Water pump
1,a605,-12,-75000.0,"{'rain_damage': 10, 'river_damage': 11}",80000,Personal improvements;Modest house renovations;Structual house changes;Flood insurance;Sandbags,Personal improvements;Modest house renovations;Structual house changes;Flood insurance;Sandbags
1,a606,-13,-79000.0,"{'rain_damage': 10, 'river_damage': 11}",80000,Personal improvements;Modest house renovations;Structual house changes;Sandbags,Personal improvements;Modest house renovations;Structual house changes;Sandbags
1,a607,-12,-75000.0,"{'rain_damage': 10, 'river_damage': 11}",80000,Personal improvements;Modest house renovations;Structual house changes;Flood insurance;Sandbags,Personal improvements;Modest house renovations;Structual house changes;Flood insurance;Sandbags
1,a608,-7,-65000.0,"{'rain_damage': 10, 'river_damage': 11}",68000,Personal improvements;Modest house renovations;Structual house changes;Flood insurance;Sandbags;Waterproofing walls & floors;Green garden,Personal improvements;Modest house renovations;Structual house changes;Flood insurance;Sandbags;Waterproofing walls & floors;Green garden
1,a609,-4,-56000.0,"{'rain_damage': 10, 'river_damage': 11}",56000,Personal improvements;Modest house renovations;Structual house changes;Flood insurance;Sandbags;Waterproofing walls & floors;Green garden;Water pump;Self-activating wall,Personal improvements;Modest house renovations;Structual house changes;Flood insurance;Sandbags;Waterproofing walls & floors;Green garden;Water pump;Self-activating wall
1,a610,-12,-75000.0,"{'rain_damage': 10, 'river_damage': 11}",80000,Personal improvements;Modest house renovations;Structual house changes;Flood insurance;Sandbags,Personal improvements;Modest house renovations;Structual house changes;Flood insurance;Sandbags
1,a611,-13,-78000.0,"{'rain_damage': 10, 'river_damage': 11}",80000,Personal improvements;Modest house renovations;Flood insurance;Sandbags,Personal improvements;Modest house renovations;Flood insurance;Sandbags
1,a612,-11,-79000.0,"{'rain_damage': 10, 'river_damage': 11}",80000,Personal improvements;Modest house renovations;Structual house changes;Flood insurance;Green garden,Personal improvements;Modest house renovations;Structual house changes;Flood insurance;Green garden
1,a613,-12,-80000.0,"{'rain_damage': 10, 'river_damage': 11}",80000,Personal improvements;Modest house renovations;Structual house changes;Flood insurance;Sandbags,Personal improvements;Modest house renovations;Structual house changes;Flood insurance;Sandbags
1,a614,-8,-64000.0,"{'rain_damage': 10, 'river_damage': 11}",68000,Personal improvements;Modest house renovations;Structual house changes;Flood insurance;Sandbags;Waterproofing walls & floors;Water pump,Personal improvements;Modest house renovations;Structual house changes;Flood insurance;Sandbags;Waterproofing walls & floors;Water pump
1,a615,-4,-53000.0,"{'rain_damage': 10, 'river_damage': 11}",60000,Personal improvements;Modest house renovations;Structual house changes;Flood insurance;Sandbags;Waterproofing walls & floors;Green garden;Rain barrel;Water pump,Personal improvements;Modest house renovations;Structual house changes;Flood insurance;Sandbags;Waterproofing walls & floors;Green garden;Rain barrel;Water pump
1,a616,-6,-57000.0,"{'rain_damage': 10, 'river_damage': 11}",64000,Personal improvements;Modest house renovations;Structual house changes;Flood insurance;Sandbags;Waterproofing walls & floors;Green garden;Water pump,Personal improvements;Modest house renovations;Structual house changes;Flood insurance;Sandbags;Waterproofing walls & floors;Green garden;Water pump
1,a617,-6,-62000.0,"{'rain_damage': 10, 'river_damage': 11}",64000,Personal improvements;Modest house renovations;Structual house changes;Flood insurance;Sandbags;Waterproofing walls & floors;Green garden;Water pump,Personal improvements;Modest house renovations;Structual house changes;Flood insurance;Sandbags;Waterproofing walls & floors;Green garden;Water pump
1,a618,-14,-82000.0,"{'rain_damage': 10, 'river_damage': 11}",84000,Personal improvements;Modest house renovations;Flood insurance,Personal improvements;Modest house renovations;Flood insurance
1,a619,-13,-84000.0,"{'rain_damage': 10, 'river_damage': 11}",84000,Personal improvements;Modest house renovations;Structual house changes;Flood insurance,Personal improvements;Modest house renovations;Structual house changes;Flood insurance
1,a620,-9,-72000.0,"{'rain_damage': 10, 'river_damage': 11}",72000,Personal improvements;Modest house renovations;Structual house changes;Flood insurance;Waterproofing walls & floors;Sandbags,Personal improvements;Modest house renovations;Structual house changes;Flood insurance;Waterproofing walls & floors;Sandbags
1,a621,-12,-75000.0,"{'rain_damage': 10, 'river_damage': 11}",80000,Personal improvements;Modest house renovations;Structual house changes;Flood insurance;Sandbags,Personal improvements;Modest house renovations;Structual house changes;Flood insurance;Sandbags
1,a622,-11,-79000.0,"{'rain_damage': 10, 'river_damage': 11}",80000,Personal improvements;Modest house renovations;Structual house changes;Flood insurance;Green garden,Personal improvements;Modest house renovations;Structual house changes;Flood insurance;Green garden
1,a623,-12,-75000.0,"{'rain_damage': 10, 'river_damage': 11}",80000,Personal improvements;Modest house renovations;Structual house changes;Flood insurance;Sandbags,Personal improvements;Modest house renovations;Structual house changes;Flood insurance;Sandbags
1,a624,-2,-52000.0,"{'rain_damage': 10, 'river_damage': 11}",52000,Personal improvements;Modest house renovations;Structual house changes;Flood insurance;Sandbags;Waterproofing walls & floors;Green garden;Rain barrel;Water pump;Self-activating wall,Personal improvements;Modest house renovations;Structual house changes;Flood insurance;Sandbags;Waterproofing walls & floors;Green garden;Rain barrel;Water pump;Self-activating wall
1,a625,-12,-80000.0,"{'rain_damage': 10, 'river_damage': 11}",80000,Personal improvements;Modest house renovations;Structual house changes;Flood insurance;Sandbags,Personal improvements;Modest house renovations;Structual house changes;Flood insurance;Sandbags
1,a626,-13,-78000.0,"{'rain_damage': 10, 'river_damage': 11}",80000,Personal improvements;Modest house renovations;Flood insurance;Sandbags,Personal improvements;Modest house renovations;Flood insurance;Sandbags
1,a627,-6,-62000.0,"{'rain_damage': 10, 'river_damage': 11}",64000,Personal improvements;Modest house renovations;Structual house changes;Flood insurance;Sandbags;Waterproofing walls & floors;Green garden;Water pump,Personal improvements;Modest house renovations;Structual house changes;Flood insurance;Sandbags;Waterproofing walls & floors;Green garden;Water pump
1,a628,-5,-61000.0,"{'rain_damage': 10, 'river_damage': 11}",64000,Personal improvements;Modest house renovations;Structual house changes;Flood insurance;Sandbags;Waterproofing walls & floors;Green garden;Rain barrel,Personal improvements;Modest house renovations;Structual house changes;Flood insurance;Sandbags;Waterproofing walls & floors;Green garden;Rain barrel
1,a629,-4,-56000.0,"{'rain_damage': 10, 'river_damage': 11}",56000,Personal improvements;Modest house renovations;Structual house changes;Flood insurance;Sandbags;Waterproofing walls & floors;Green garden;Water pump;Self-activating wall,Personal improvements;Modest house renovations;Structual house changes;Flood insurance;Sandbags;Waterproofing walls & floors;Green garden;Water pump;Self-activating wall
1,a630,-13,-84000.0,"{'rain_damage': 10, 'river_damage': 11}",84000,Personal improvements;Modest house renovations;Structual house changes;Flood insurance,Personal improvements;Modest house renovations;Structual house changes;Flood insurance
1,a631,-14,-84000.0,"{'rain_damage': 10, 'river_damage': 11}",84000,Personal improvements;Modest house renovations;Flood insurance,Personal improvements;Modest house renovations;Flood insurance
1,a632,-2,-52000.0,"{'rain_damage': 10, 'river_damage': 11}",52000,Personal improvements;Modest house renovations;Structual house changes;Flood insurance;Sandbags;Waterproofing walls & floors;Green garden;Rain barrel;Water pump;Self-activating wall,Personal improvements;Modest house renovations;Structual house changes;Flood insurance;Sandbags;Waterproofing walls & floors;Green garden;Rain barrel;Water pump;Self-activating wall
1,a633,-7,-68000.0,"{'rain_damage': 10, 'river_damage': 11}",68000,Personal improvements;Modest house renovations;Structual house changes;Flood insurance;Sandbags;Waterproofing walls & floors;Green garden,Personal improvements;Modest house renovations;Structual house changes;Flood insurance;Sandbags;Waterproofing walls & floors;Green garden
1,a634,-7,-65000.0,"{'rain_damage': 10, 'river_damage': 11}",68000,Personal improvements;Modest house renovations;Structual house changes;Flood insurance;Sandbags;Waterproofing walls & floors;Green garden,Personal improvements;Modest house renovations;Structual house changes;Flood insurance;Sandbags;Waterproofing walls & floors;Green garden
1,a635,-12,-75000.0,"{'rain_damage': 10, 'river_damage': 11}",80000,Personal improvements;Modest house renovations;Structual house changes;Flood insurance;Sandbags,Personal improvements;Modest house renovations;Structual house changes;Flood insurance;Sandbags
1,a636,-4,-58000.0,"{'rain_damage': 10, 'river_damage': 11}",60000,Personal improvements;Modest house renovations;Structual house changes;Flood insurance;Sandbags;Waterproofing walls & floors;Green garden;Rain barrel;Water pump,Personal improvements;Modest house renovations;Structual house changes;Flood insurance;Sandbags;Waterproofing walls & floors;Green garden;Rain barrel;Water pump
1,a637,-4,-53000.0,"{'rain_damage': 10, 'river_damage': 11}",60000,Personal improvements;Modest house renovations;Structual house changes;Flood insurance;Sandbags;Waterproofing walls & floors;Green garden;Rain barrel;Water pump,Personal improvements;Modest house renovations;Structual house changes;Flood insurance;Sandbags;Waterproofing walls & floors;Green garden;Rain barrel;Water pump
1,a638,-4,-58000.0,"{'rain_damage': 10, 'river_damage': 11}",60000,Personal improvements;Modest house renovations;Structual house changes;Flood insurance;Sandbags;Waterproofing walls & floors;Green garden;Rain barrel;Water pump,Personal improvements;Modest house renovations;Structual house changes;Flood insurance;Sandbags;Waterproofing walls & floors;Green garden;Rain barrel;Water pump
1,a639,-13,-78000.0,"{'rain_damage': 10, 'river_damage': 11}",80000,Personal improvements;Modest house renovations;Flood insurance;Sandbags,Personal improvements;Modest house renovations;Flood insurance;Sandbags
1,a640,-7,-65000.0,"{'rain_damage': 10, 'river_damage': 11}",68000,Personal improvements;Modest house renovations;Structual house changes;Flood insurance;Sandbags;Waterproofing walls & floors;Green garden,Personal improvements;Modest house renovations;Structual house changes;Flood insurance;Sandbags;Waterproofing walls & floors;Green garden
1,a641,-9,-67000.0,"{'rain_damage': 10, 'river_damage': 11}",72000,Personal improvements;Modest house renovations;Structual house changes;Flood insurance;Waterproofing walls & floors;Sandbags,Personal improvements;Modest house renovations;Structual house changes;Flood insurance;Waterproofing walls & floors;Sandbags
1,a642,-11,-75000.0,"{'rain_damage': 10, 'river_damage': 11}",76000,Personal improvements;Modest house renovations;Structual house changes;Flood insurance;Sandbags;Water pump,Personal improvements;Modest house renovations;Structual house changes;Flood insurance;Sandbags;Water pump
1,a643,-14,-82000.0,"{'rain_damage': 10, 'river_damage': 11}",84000,Personal improvements;Modest house renovations;Flood insurance,Personal improvements;Modest house renovations;Flood insurance
1,a644,-12,-75000.0,"{'rain_damage': 10, 'river_damage': 11}",80000,Personal improvements;Modest house renovations;Structual house changes;Flood insurance;Sandbags,Personal improvements;Modest house renovations;Structual house changes;Flood insurance;Sandbags
1,a645,-12,-75000.0,"{'rain_damage': 10, 'river_damage': 11}",80000,Personal improvements;Modest house renovations;Structual house changes;Flood insurance;Sandbags,Personal improvements;Modest house renovations;Structual house changes;Flood insurance;Sandbags
1,a646,-12,-75000.0,"{'rain_damage': 10, 'river_damage': 11}",80000,Personal improvements;Modest house renovations;Structual house changes;Flood insurance;Sandbags,Personal improvements;Modest house renovations;Structual house changes;Flood insurance;Sandbags
1,a647,-6,-57000.0,"{'rain_damage': 10, 'river_damage': 11}",64000,Personal improvements;Modest house renovations;Structual house changes;Flood insurance;Sandbags;Waterproofing walls & floors;Green garden;Water pump,Personal improvements;Modest house renovations;Structual house changes;Flood insurance;Sandbags;Waterproofing walls & floors;Green garden;Water pump
1,a648,-6,-57000.0,"{'rain_damage': 10, 'river_damage': 11}",64000,Personal improvements;Modest house renovations;Structual house changes;Flood insurance;Sandbags;Waterproofing walls & floors;Green garden;Water pump,Personal improvements;Modest house renovations;Structual house changes;Flood insurance;Sandbags;Waterproofing walls & floors;Green garden;Water pump
1,a649,-13,-79000.0,"{'rain_damage': 10, 'river_damage': 11}",80000,Personal improvements;Modest house renovations;Structual house changes;Sandbags,Personal improvements;Modest house renovations;Structual house changes;Sandbags
1,a650,-12,-80000.0,"{'rain_damage': 10, 'river_damage': 11}",80000,Personal improvements;Modest house renovations;Structual house changes;Flood insurance;Sandbags,Personal improvements;Modest house renovations;Structual house changes;Flood insurance;Sandbags
1,a651,-13,-79000.0,"{'rain_damage': 10, 'river_damage': 11}",80000,Personal improvements;Modest house renovations;Structual house changes;Sandbags,Personal improvements;Modest house renovations;Structual house changes;Sandbags
1,a652,-13,-78000.0,"{'rain_damage': 10, 'river_damage': 11}",80000,Personal improvements;Modest house renovations;Flood insurance;Sandbags,Personal improvements;Modest house renovations;Flood insurance;Sandbags
1,a653,-11,-79000.0,"{'rain_damage': 10, 'river_damage': 11}",80000,Personal improvements;Modest house renovations;Structual house changes;Flood insurance;Green garden,Personal improvements;Modest house renovations;Structual house changes;Flood insurance;Green garden
1,a654,-7,-68000.0,"{'rain_damage': 10, 'river_damage': 11}",68000,Personal improvements;Modest house renovations;Structual house changes;Flood insurance;Sandbags;Waterproofing walls & floors;Green garden,Personal improvements;Modest house renovations;Structual house changes;Flood insurance;Sandbags;Waterproofing walls & floors;Green garden
1,a655,-10,-73000.0,"{'rain_damage': 10, 'river_damage': 11}",76000,Personal improvements;Modest house renovations;Structual house changes;Flood insurance;Green garden;Sandbags,Personal improvements;Modest house renovations;Structual house changes;Flood insurance;Green garden;Sandbags
1,a656,-6,-57000.0,"{'rain_damage': 10, 'river_damage': 11}",64000,Personal improvements;Modest house renovations;Structual house changes;Flood insurance;Sandbags;Waterproofing walls & floors;Green garden;Water pump,Personal improvements;Modest house renovations;Structual house changes;Flood insurance;Sandbags;Waterproofing walls & floors;Green garden;Water pump
1,a657,-2,-42000.0,"{'rain_damage': 10, 'river_damage': 11}",52000,Personal improvements;Modest house renovations;Structual house changes;Flood insurance;Water pump;Sandbags;Waterproofing walls & floors;Green garden;Rain barrel;Self-activating wall,Personal improvements;Modest house renovations;Structual house changes;Flood insurance;Water pump;Sandbags;Waterproofing walls & floors;Green garden;Rain barrel;Self-activating wall
1,a658,-9,-72000.0,"{'rain_damage': 10, 'river_damage': 11}",72000,Personal improvements;Modest house renovations;Structual house changes;Flood insurance;Waterproofing walls & floors;Sandbags,Personal improvements;Modest house renovations;Structual house changes;Flood insurance;Waterproofing walls & floors;Sandbags
1,a659,-12,-80000.0,"{'rain_damage': 10, 'river_damage': 11}",80000,Personal improvements;Modest house renovations;Structual house changes;Flood insurance;Sandbags,Personal improvements;Modest house renovations;Structual house changes;Flood insurance;Sandbags
1,a660,-12,-75000.0,"{'rain_damage': 10, 'river_damage': 11}",80000,Personal improvements;Modest house renovations;Structual house changes;Flood insurance;Sandbags,Personal improvements;Modest house renovations;Structual house changes;Flood insurance;Sandbags
1,a661,-6,-57000.0,"{'rain_damage': 10, 'river_damage': 11}",64000,Personal improvements;Modest house renovations;Structual house changes;Flood insurance;Sandbags;Waterproofing walls & floors;Green garden;Water pump,Personal improvements;Modest house renovations;Structual house changes;Flood insurance;Sandbags;Waterproofing walls & floors;Green garden;Water pump
1,a662,-5,-61000.0,"{'rain_damage': 10, 'river_damage': 11}",64000,Personal improvements;Modest house renovations;Structual house changes;Flood insurance;Sandbags;Waterproofing walls & floors;Green garden;Rain barrel,Personal improvements;Modest house renovations;Structual house changes;Flood insurance;Sandbags;Waterproofing walls & floors;Green garden;Rain barrel
1,a663,-9,-67000.0,"{'rain_damage': 10, 'river_damage': 11}",72000,Personal improvements;Modest house renovations;Structual house changes;Flood insurance;Waterproofing walls & floors;Sandbags,Personal improvements;Modest house renovations;Structual house changes;Flood insurance;Waterproofing walls & floors;Sandbags
1,a664,-12,-75000.0,"{'rain_damage': 10, 'river_damage': 11}",80000,Personal improvements;Modest house renovations;Structual house changes;Flood insurance;Sandbags,Personal improvements;Modest house renovations;Structual house changes;Flood insurance;Sandbags
1,a665,-13,-78000.0,"{'rain_damage': 10, 'river_damage': 11}",80000,Personal improvements;Modest house renovations;Flood insurance;Sandbags,Personal improvements;Modest house renovations;Flood insurance;Sandbags
1,a666,-2,-47000.0,"{'rain_damage': 10, 'river_damage': 11}",52000,Personal improvements;Modest house renovations;Structual house changes;Flood insurance;Water pump;Sandbags;Waterproofing walls & floors;Green garden;Rain barrel;Self-activating wall,Personal improvements;Modest house renovations;Structual house changes;Flood insurance;Water pump;Sandbags;Waterproofing walls & floors;Green garden;Rain barrel;Self-activating wall
1,a667,-12,-80000.0,"{'rain_damage': 10, 'river_damage': 11}",80000,Personal improvements;Modest house renovations;Structual house changes;Flood insurance;Sandbags,Personal improvements;Modest house renovations;Structual house changes;Flood insurance;Sandbags
1,a668,-12,-80000.0,"{'rain_damage': 10, 'river_damage': 11}",80000,Personal improvements;Modest house renovations;Structual house changes;Flood insurance;Sandbags,Personal improvements;Modest house renovations;Structual house changes;Flood insurance;Sandbags
1,a669,-4,-56000.0,"{'rain_damage': 10, 'river_damage': 11}",56000,Personal improvements;Modest house renovations;Structual house changes;Flood insurance;Sandbags;Waterproofing walls & floors;Green garden;Water pump;Self-activating wall,Personal improvements;Modest house renovations;Structual house changes;Flood insurance;Sandbags;Waterproofing walls & floors;Green garden;Water pump;Self-activating wall
1,a670,-10,-73000.0,"{'rain_damage': 10, 'river_damage': 11}",76000,Personal improvements;Modest house renovations;Structual house changes;Flood insurance;Green garden;Sandbags,Personal improvements;Modest house renovations;Structual house changes;Flood insurance;Green garden;Sandbags
1,a671,-11,-79000.0,"{'rain_damage': 10, 'river_damage': 11}",80000,Personal improvements;Modest house renovations;Structual house changes;Flood insurance;Green garden,Personal improvements;Modest house renovations;Structual house changes;Flood insurance;Green garden
1,a672,-12,-75000.0,"{'rain_damage': 10, 'river_damage': 11}",80000,Personal improvements;Modest house renovations;Structual house changes;Flood insurance;Sandbags,Personal improvements;Modest house renovations;Structual house changes;Flood insurance;Sandbags
1,a673,-11,-79000.0,"{'rain_damage': 10, 'river_damage': 11}",80000,Personal improvements;Modest house renovations;Structual house changes;Flood insurance;Green garden,Personal improvements;Modest house renovations;Structual house changes;Flood insurance;Green garden
1,a674,-12,-75000.0,"{'rain_damage': 10, 'river_damage': 11}",80000,Personal improvements;Modest house renovations;Structual house changes;Flood insurance;Sandbags,Personal improvements;Modest house renovations;Structual house changes;Flood insurance;Sandbags
1,a675,-11,-75000.0,"{'rain_damage': 10, 'river_damage': 11}",76000,Personal improvements;Modest house renovations;Structual house changes;Flood insurance;Sandbags;Water pump,Personal improvements;Modest house renovations;Structual house changes;Flood insurance;Sandbags;Water pump
1,a676,-5,-61000.0,"{'rain_damage': 10, 'river_damage': 11}",64000,Personal improvements;Modest house renovations;Structual house changes;Flood insurance;Sandbags;Waterproofing walls & floors;Green garden;Rain barrel,Personal improvements;Modest house renovations;Structual house changes;Flood insurance;Sandbags;Waterproofing walls & floors;Green garden;Rain barrel
1,a677,-7,-65000.0,"{'rain_damage': 10, 'river_damage': 11}",68000,Personal improvements;Modest house renovations;Structual house changes;Flood insurance;Sandbags;Waterproofing walls & floors;Green garden,Personal improvements;Modest house renovations;Structual house changes;Flood insurance;Sandbags;Waterproofing walls & floors;Green garden
1,a678,-13,-84000.0,"{'rain_damage': 10, 'river_damage': 11}",84000,Personal improvements;Modest house renovations;Structual house changes;Flood insurance,Personal improvements;Modest house renovations;Structual house changes;Flood insurance
1,a679,-8,-64000.0,"{'rain_damage': 10, 'river_damage': 11}",68000,Personal improvements;Modest house renovations;Structual house changes;Flood insurance;Sandbags;Waterproofing walls & floors;Water pump,Personal improvements;Modest house renovations;Structual house changes;Flood insurance;Sandbags;Waterproofing walls & floors;Water pump
1,a680,-11,-79000.0,"{'rain_damage': 10, 'river_damage': 11}",80000,Personal improvements;Modest house renovations;Structual house changes;Flood insurance;Green garden,Personal improvements;Modest house renovations;Structual house changes;Flood insurance;Green garden
1,a681,-7,-65000.0,"{'rain_damage': 10, 'river_damage': 11}",68000,Personal improvements;Modest house renovations;Structual house changes;Flood insurance;Sandbags;Waterproofing walls & floors;Green garden,Personal improvements;Modest house renovations;Structual house changes;Flood insurance;Sandbags;Waterproofing walls & floors;Green garden
1,a682,-2,-47000.0,"{'rain_damage': 10, 'river_damage': 11}",52000,Personal improvements;Modest house renovations;Structual house changes;Flood insurance;Water pump;Sandbags;Waterproofing walls & floors;Green garden;Rain barrel;Self-activating wall,Personal improvements;Modest house renovations;Structual house changes;Flood insurance;Water pump;Sandbags;Waterproofing walls & floors;Green garden;Rain barrel;Self-activating wall
1,a683,-6,-57000.0,"{'rain_damage': 10, 'river_damage': 11}",64000,Personal improvements;Modest house renovations;Structual house changes;Flood insurance;Sandbags;Waterproofing walls & floors;Green garden;Water pump,Personal improvements;Modest house renovations;Structual house changes;Flood insurance;Sandbags;Waterproofing walls & floors;Green garden;Water pump
1,a684,-2,-52000.0,"{'rain_damage': 10, 'river_damage': 11}",52000,Personal improvements;Modest house renovations;Structual house changes;Flood insurance;Sandbags;Waterproofing walls & floors;Green garden;Rain barrel;Water pump;Self-activating wall,Personal improvements;Modest house renovations;Structual house changes;Flood insurance;Sandbags;Waterproofing walls & floors;Green garden;Rain barrel;Water pump;Self-activating wall
1,a685,-8,-64000.0,"{'rain_damage': 10, 'river_damage': 11}",68000,Personal improvements;Modest house renovations;Structual house changes;Flood insurance;Sandbags;Waterproofing walls & floors;Water pump,Personal improvements;Modest house renovations;Structual house changes;Flood insurance;Sandbags;Waterproofing walls & floors;Water pump
1,a686,-14,-84000.0,"{'rain_damage': 10, 'river_damage': 11}",84000,Personal improvements;Modest house renovations;Flood insurance,Personal improvements;Modest house renovations;Flood insurance
1,a687,-12,-75000.0,"{'rain_damage': 10, 'river_damage': 11}",80000,Personal improvements;Modest house renovations;Structual house changes;Flood insurance;Sandbags,Personal improvements;Modest house renovations;Structual house changes;Flood insurance;Sandbags
1,a688,-11,-79000.0,"{'rain_damage': 10, 'river_damage': 11}",80000,Personal improvements;Modest house renovations;Structual house changes;Flood insurance;Green garden,Personal improvements;Modest house renovations;Structual house changes;Flood insurance;Green garden
1,a689,-2,-42000.0,"{'rain_damage': 10, 'river_damage': 11}",52000,Personal improvements;Modest house renovations;Structual house changes;Flood insurance;Water pump;Sandbags;Waterproofing walls & floors;Green garden;Rain barrel;Self-activating wall,Personal improvements;Modest house renovations;Structual house changes;Flood insurance;Water pump;Sandbags;Waterproofing walls & floors;Green garden;Rain barrel;Self-activating wall
1,a690,-7,-65000.0,"{'rain_damage': 10, 'river_damage': 11}",68000,Personal improvements;Modest house renovations;Structual house changes;Flood insurance;Sandbags;Waterproofing walls & floors;Green garden,Personal improvements;Modest house renovations;Structual house changes;Flood insurance;Sandbags;Waterproofing walls & floors;Green garden
1,a691,-4,-58000.0,"{'rain_damage': 10, 'river_damage': 11}",60000,Personal improvements;Modest house renovations;Structual house changes;Flood insurance;Sandbags;Waterproofing walls & floors;Green garden;Rain barrel;Water pump,Personal improvements;Modest house renovations;Structual house changes;Flood insurance;Sandbags;Waterproofing walls & floors;Green garden;Rain barrel;Water pump
1,a692,-12,-80000.0,"{'rain_damage': 10, 'river_damage': 11}",80000,Personal improvements;Modest house renovations;Structual house changes;Flood insurance;Sandbags,Personal improvements;Modest house renovations;Structual house changes;Flood insurance;Sandbags
1,a693,-12,-80000.0,"{'rain_damage': 10, 'river_damage': 11}",80000,Personal improvements;Modest house renovations;Structual house changes;Flood insurance;Sandbags,Personal improvements;Modest house renovations;Structual house changes;Flood insurance;Sandbags
1,a694,-4,-56000.0,"{'rain_damage': 10, 'river_damage': 11}",56000,Personal improvements;Modest house renovations;Structual house changes;Flood insurance;Sandbags;Waterproofing walls & floors;Green garden;Water pump;Self-activating wall,Personal improvements;Modest house renovations;Structual house changes;Flood insurance;Sandbags;Waterproofing walls & floors;Green garden;Water pump;Self-activating wall
1,a695,-12,-75000.0,"{'rain_damage': 10, 'river_damage': 11}",80000,Personal improvements;Modest house renovations;Structual house changes;Flood insurance;Sandbags,Personal improvements;Modest house renovations;Structual house changes;Flood insurance;Sandbags
1,a696,-12,-75000.0,"{'rain_damage': 10, 'river_damage': 11}",80000,Personal improvements;Modest house renovations;Structual house changes;Flood insurance;Sandbags,Personal improvements;Modest house renovations;Structual house changes;Flood insurance;Sandbags
1,a697,-11,-75000.0,"{'rain_damage': 10, 'river_damage': 11}",76000,Personal improvements;Modest house renovations;Structual house changes;Flood insurance;Sandbags;Water pump,Personal improvements;Modest house renovations;Structual house changes;Flood insurance;Sandbags;Water pump
1,a698,-13,-78000.0,"{'rain_damage': 10, 'river_damage': 11}",80000,Personal improvements;Modest house renovations;Flood insurance;Sandbags,Personal improvements;Modest house renovations;Flood insurance;Sandbags
1,a699,-14,-82000.0,"{'rain_damage': 10, 'river_damage': 11}",84000,Personal improvements;Modest house renovations;Flood insurance,Personal improvements;Modest house renovations;Flood insurance
1,a700,-12,-80000.0,"{'rain_damage': 10, 'river_damage': 11}",80000,Personal improvements;Modest house renovations;Structual house changes;Flood insurance;Sandbags,Personal improvements;Modest house renovations;Structual house changes;Flood insurance;Sandbags
1,a701,-2,-42000.0,"{'rain_damage': 10, 'river_damage': 11}",52000,Personal improvements;Modest house renovations;Structual house changes;Flood insurance;Water pump;Sandbags;Waterproofing walls & floors;Green garden;Rain barrel;Self-activating wall,Personal improvements;Modest house renovations;Structual house changes;Flood insurance;Water pump;Sandbags;Waterproofing walls & floors;Green garden;Rain barrel;Self-activating wall
1,a702,-11,-79000.0,"{'rain_damage': 10, 'river_damage': 11}",80000,Personal improvements;Modest house renovations;Structual house changes;Flood insurance;Green garden,Personal improvements;Modest house renovations;Structual house changes;Flood insurance;Green garden
1,a703,-4,-58000.0,"{'rain_damage': 10, 'river_damage': 11}",60000,Personal improvements;Modest house renovations;Structual house changes;Flood insurance;Sandbags;Waterproofing walls & floors;Green garden;Rain barrel;Water pump,Personal improvements;Modest house renovations;Structual house changes;Flood insurance;Sandbags;Waterproofing walls & floors;Green garden;Rain barrel;Water pump
1,a704,-12,-75000.0,"{'rain_damage': 10, 'river_damage': 11}",80000,Personal improvements;Modest house renovations;Structual house changes;Flood insurance;Sandbags,Personal improvements;Modest house renovations;Structual house changes;Flood insurance;Sandbags
1,a705,-12,-75000.0,"{'rain_damage': 10, 'river_damage': 11}",80000,Personal improvements;Modest house renovations;Structual house changes;Flood insurance;Sandbags,Personal improvements;Modest house renovations;Structual house changes;Flood insurance;Sandbags
1,a706,-2,-42000.0,"{'rain_damage': 10, 'river_damage': 11}",52000,Personal improvements;Modest house renovations;Structual house changes;Flood insurance;Water pump;Sandbags;Waterproofing walls & floors;Green garden;Rain barrel;Self-activating wall,Personal improvements;Modest house renovations;Structual house changes;Flood insurance;Water pump;Sandbags;Waterproofing walls & floors;Green garden;Rain barrel;Self-activating wall
1,a707,-14,-84000.0,"{'rain_damage': 10, 'river_damage': 11}",84000,Personal improvements;Modest house renovations;Flood insurance,Personal improvements;Modest house renovations;Flood insurance
1,a708,-11,-79000.0,"{'rain_damage': 10, 'river_damage': 11}",80000,Personal improvements;Modest house renovations;Structual house changes;Flood insurance;Green garden,Personal improvements;Modest house renovations;Structual house changes;Flood insurance;Green garden
1,a709,-12,-80000.0,"{'rain_damage': 10, 'river_damage': 11}",80000,Personal improvements;Modest house renovations;Structual house changes;Flood insurance;Sandbags,Personal improvements;Modest house renovations;Structual house changes;Flood insurance;Sandbags
1,a710,-2,-12000.0,"{'rain_damage': 10, 'river_damage': 11}",52000,Personal improvements;Modest house renovations;Structual house changes;Flood insurance;Water pump;Self-activating wall;Sandbags;Waterproofing walls & floors;Green garden;Rain barrel,Personal improvements;Modest house renovations;Structual house changes;Flood insurance;Water pump;Self-activating wall;Sandbags;Waterproofing walls & floors;Green garden;Rain barrel
1,a711,-7,-65000.0,"{'rain_damage': 10, 'river_damage': 11}",68000,Personal improvements;Modest house renovations;Structual house changes;Flood insurance;Sandbags;Waterproofing walls & floors;Green garden,Personal improvements;Modest house renovations;Structual house changes;Flood insurance;Sandbags;Waterproofing walls & floors;Green garden
1,a712,-12,-75000.0,"{'rain_damage': 10, 'river_damage': 11}",80000,Personal improvements;Modest house renovations;Structual house changes;Flood insurance;Sandbags,Personal improvements;Modest house renovations;Structual house changes;Flood insurance;Sandbags
1,a713,-2,-37000.0,"{'rain_damage': 10, 'river_damage': 11}",52000,Personal improvements;Modest house renovations;Structual house changes;Flood insurance;Water pump;Sandbags;Waterproofing walls & floors;Green garden;Rain barrel;Self-activating wall,Personal improvements;Modest house renovations;Structual house changes;Flood insurance;Water pump;Sandbags;Waterproofing walls & floors;Green garden;Rain barrel;Self-activating wall
1,a714,-12,-75000.0,"{'rain_damage': 10, 'river_damage': 11}",80000,Personal improvements;Modest house renovations;Structual house changes;Flood insurance;Sandbags,Personal improvements;Modest house renovations;Structual house changes;Flood insurance;Sandbags
1,a715,-13,-84000.0,"{'rain_damage': 10, 'river_damage': 11}",84000,Personal improvements;Modest house renovations;Structual house changes;Flood insurance,Personal improvements;Modest house renovations;Structual house changes;Flood insurance
1,a716,-12,-80000.0,"{'rain_damage': 10, 'river_damage': 11}",80000,Personal improvements;Modest house renovations;Structual house changes;Flood insurance;Sandbags,Personal improvements;Modest house renovations;Structual house changes;Flood insurance;Sandbags
1,a717,-2,-12000.0,"{'rain_damage': 10, 'river_damage': 11}",52000,Personal improvements;Modest house renovations;Structual house changes;Flood insurance;Water pump;Self-activating wall;Sandbags;Waterproofing walls & floors;Green garden;Rain barrel,Personal improvements;Modest house renovations;Structual house changes;Flood insurance;Water pump;Self-activating wall;Sandbags;Waterproofing walls & floors;Green garden;Rain barrel
1,a718,-2,-42000.0,"{'rain_damage': 10, 'river_damage': 11}",52000,Personal improvements;Modest house renovations;Structual house changes;Flood insurance;Water pump;Sandbags;Waterproofing walls & floors;Green garden;Rain barrel;Self-activating wall,Personal improvements;Modest house renovations;Structual house changes;Flood insurance;Water pump;Sandbags;Waterproofing walls & floors;Green garden;Rain barrel;Self-activating wall
1,a719,-10,-73000.0,"{'rain_damage': 10, 'river_damage': 11}",76000,Personal improvements;Modest house renovations;Structual house changes;Flood insurance;Green garden;Sandbags,Personal improvements;Modest house renovations;Structual house changes;Flood insurance;Green garden;Sandbags
1,a720,-10,-73000.0,"{'rain_damage': 10, 'river_damage': 11}",76000,Personal improvements;Modest house renovations;Structual house changes;Flood insurance;Green garden;Sandbags,Personal improvements;Modest house renovations;Structual house changes;Flood insurance;Green garden;Sandbags
1,a721,-6,-57000.0,"{'rain_damage': 10, 'river_damage': 11}",64000,Personal improvements;Modest house renovations;Structual house changes;Flood insurance;Sandbags;Waterproofing walls & floors;Green garden;Water pump,Personal improvements;Modest house renovations;Structual house changes;Flood insurance;Sandbags;Waterproofing walls & floors;Green garden;Water pump
1,a722,-13,-78000.0,"{'rain_damage': 10, 'river_damage': 11}",80000,Personal improvements;Modest house renovations;Flood insurance;Sandbags,Personal improvements;Modest house renovations;Flood insurance;Sandbags
1,a723,-13,-78000.0,"{'rain_damage': 10, 'river_damage': 11}",80000,Personal improvements;Modest house renovations;Flood insurance;Sandbags,Personal improvements;Modest house renovations;Flood insurance;Sandbags
1,a724,-12,-80000.0,"{'rain_damage': 10, 'river_damage': 11}",80000,Personal improvements;Modest house renovations;Structual house changes;Flood insurance;Sandbags,Personal improvements;Modest house renovations;Structual house changes;Flood insurance;Sandbags
1,a725,-9,-72000.0,"{'rain_damage': 10, 'river_damage': 11}",72000,Personal improvements;Modest house renovations;Structual house changes;Flood insurance;Waterproofing walls & floors;Sandbags,Personal improvements;Modest house renovations;Structual house changes;Flood insurance;Waterproofing walls & floors;Sandbags
1,a726,-12,-80000.0,"{'rain_damage': 10, 'river_damage': 11}",80000,Personal improvements;Modest house renovations;Structual house changes;Flood insurance;Sandbags,Personal improvements;Modest house renovations;Structual house changes;Flood insurance;Sandbags
1,a727,-12,-75000.0,"{'rain_damage': 10, 'river_damage': 11}",80000,Personal improvements;Modest house renovations;Structual house changes;Flood insurance;Sandbags,Personal improvements;Modest house renovations;Structual house changes;Flood insurance;Sandbags
1,a728,-2,-47000.0,"{'rain_damage': 10, 'river_damage': 11}",52000,Personal improvements;Modest house renovations;Structual house changes;Flood insurance;Water pump;Sandbags;Waterproofing walls & floors;Green garden;Rain barrel;Self-activating wall,Personal improvements;Modest house renovations;Structual house changes;Flood insurance;Water pump;Sandbags;Waterproofing walls & floors;Green garden;Rain barrel;Self-activating wall
1,a729,-7,-65000.0,"{'rain_damage': 10, 'river_damage': 11}",68000,Personal improvements;Modest house renovations;Structual house changes;Flood insurance;Sandbags;Waterproofing walls & floors;Green garden,Personal improvements;Modest house renovations;Structual house changes;Flood insurance;Sandbags;Waterproofing walls & floors;Green garden
1,a730,-6,-57000.0,"{'rain_damage': 10, 'river_damage': 11}",64000,Personal improvements;Modest house renovations;Structual house changes;Flood insurance;Sandbags;Waterproofing walls & floors;Green garden;Water pump,Personal improvements;Modest house renovations;Structual house changes;Flood insurance;Sandbags;Waterproofing walls & floors;Green garden;Water pump
1,a731,-12,-75000.0,"{'rain_damage': 10, 'river_damage': 11}",80000,Personal improvements;Modest house renovations;Structual house changes;Flood insurance;Sandbags,Personal improvements;Modest house renovations;Structual house changes;Flood insurance;Sandbags
1,a732,-9,-67000.0,"{'rain_damage': 10, 'river_damage': 11}",72000,Personal improvements;Modest house renovations;Structual house changes;Flood insurance;Waterproofing walls & floors;Sandbags,Personal improvements;Modest house renovations;Structual house changes;Flood insurance;Waterproofing walls & floors;Sandbags
1,a733,-14,-84000.0,"{'rain_damage': 10, 'river_damage': 11}",84000,Personal improvements;Modest house renovations;Flood insurance,Personal improvements;Modest house renovations;Flood insurance
1,a734,-12,-75000.0,"{'rain_damage': 10, 'river_damage': 11}",80000,Personal improvements;Modest house renovations;Structual house changes;Flood insurance;Sandbags,Personal improvements;Modest house renovations;Structual house changes;Flood insurance;Sandbags
1,a735,-11,-79000.0,"{'rain_damage': 10, 'river_damage': 11}",80000,Personal improvements;Modest house renovations;Structual house changes;Flood insurance;Green garden,Personal improvements;Modest house renovations;Structual house changes;Flood insurance;Green garden
1,a736,-9,-72000.0,"{'rain_damage': 10, 'river_damage': 11}",72000,Personal improvements;Modest house renovations;Structual house changes;Flood insurance;Waterproofing walls & floors;Sandbags,Personal improvements;Modest house renovations;Structual house changes;Flood insurance;Waterproofing walls & floors;Sandbags
1,a737,-2,-37000.0,"{'rain_damage': 10, 'river_damage': 11}",52000,Personal improvements;Modest house renovations;Structual house changes;Flood insurance;Water pump;Sandbags;Waterproofing walls & floors;Green garden;Rain barrel;Self-activating wall,Personal improvements;Modest house renovations;Structual house changes;Flood insurance;Water pump;Sandbags;Waterproofing walls & floors;Green garden;Rain barrel;Self-activating wall
1,a738,-12,-78000.0,"{'rain_damage': 10, 'river_damage': 11}",80000,Personal improvements;Modest house renovations;Structual house changes;Flood insurance;Sandbags,Personal improvements;Modest house renovations;Structual house changes;Flood insurance;Sandbags
1,a739,-2,-12000.0,"{'rain_damage': 10, 'river_damage': 11}",52000,Personal improvements;Modest house renovations;Structual house changes;Flood insurance;Water pump;Self-activating wall;Sandbags;Waterproofing walls & floors;Green garden;Rain barrel,Personal improvements;Modest house renovations;Structual house changes;Flood insurance;Water pump;Self-activating wall;Sandbags;Waterproofing walls & floors;Green garden;Rain barrel
1,a740,-7,-68000.0,"{'rain_damage': 10, 'river_damage': 11}",68000,Personal improvements;Modest house renovations;Structual house changes;Flood insurance;Sandbags;Waterproofing walls & floors;Green garden,Personal improvements;Modest house renovations;Structual house changes;Flood insurance;Sandbags;Waterproofing walls & floors;Green garden
1,a741,-8,-64000.0,"{'rain_damage': 10, 'river_damage': 11}",68000,Personal improvements;Modest house renovations;Structual house changes;Flood insurance;Sandbags;Waterproofing walls & floors;Water pump,Personal improvements;Modest house renovations;Structual house changes;Flood insurance;Sandbags;Waterproofing walls & floors;Water pump
1,a742,-9,-72000.0,"{'rain_damage': 10, 'river_damage': 11}",72000,Personal improvements;Modest house renovations;Structual house changes;Flood insurance;Waterproofing walls & floors;Sandbags,Personal improvements;Modest house renovations;Structual house changes;Flood insurance;Waterproofing walls & floors;Sandbags
1,a743,-11,-75000.0,"{'rain_damage': 10, 'river_damage': 11}",76000,Personal improvements;Modest house renovations;Structual house changes;Flood insurance;Sandbags;Water pump,Personal improvements;Modest house renovations;Structual house changes;Flood insurance;Sandbags;Water pump
1,a744,-11,-75000.0,"{'rain_damage': 10, 'river_damage': 11}",76000,Personal improvements;Modest house renovations;Structual house changes;Flood insurance;Sandbags;Water pump,Personal improvements;Modest house renovations;Structual house changes;Flood insurance;Sandbags;Water pump
1,a745,-11,-79000.0,"{'rain_damage': 10, 'river_damage': 11}",80000,Personal improvements;Modest house renovations;Structual house changes;Flood insurance;Green garden,Personal improvements;Modest house renovations;Structual house changes;Flood insurance;Green garden
1,a746,-6,-57000.0,"{'rain_damage': 10, 'river_damage': 11}",64000,Personal improvements;Modest house renovations;Structual house changes;Flood insurance;Sandbags;Waterproofing walls & floors;Green garden;Water pump,Personal improvements;Modest house renovations;Structual house changes;Flood insurance;Sandbags;Waterproofing walls & floors;Green garden;Water pump
1,a747,-12,-80000.0,"{'rain_damage': 10, 'river_damage': 11}",80000,Personal improvements;Modest house renovations;Structual house changes;Flood insurance;Sandbags,Personal improvements;Modest house renovations;Structual house changes;Flood insurance;Sandbags
1,a748,-4,-53000.0,"{'rain_damage': 10, 'river_damage': 11}",60000,Personal improvements;Modest house renovations;Structual house changes;Flood insurance;Sandbags;Waterproofing walls & floors;Green garden;Rain barrel;Water pump,Personal improvements;Modest house renovations;Structual house changes;Flood insurance;Sandbags;Waterproofing walls & floors;Green garden;Rain barrel;Water pump
1,a749,-10,-73000.0,"{'rain_damage': 10, 'river_damage': 11}",76000,Personal improvements;Modest house renovations;Structual house changes;Flood insurance;Green garden;Sandbags,Personal improvements;Modest house renovations;Structual house changes;Flood insurance;Green garden;Sandbags
1,a750,-10,-73000.0,"{'rain_damage': 10, 'river_damage': 11}",76000,Personal improvements;Modest house renovations;Structual house changes;Flood insurance;Green garden;Sandbags,Personal improvements;Modest house renovations;Structual house changes;Flood insurance;Green garden;Sandbags
1,a751,-12,-75000.0,"{'rain_damage': 10, 'river_damage': 11}",80000,Personal improvements;Modest house renovations;Structual house changes;Flood insurance;Sandbags,Personal improvements;Modest house renovations;Structual house changes;Flood insurance;Sandbags
1,a752,-12,-80000.0,"{'rain_damage': 10, 'river_damage': 11}",80000,Personal improvements;Modest house renovations;Structual house changes;Flood insurance;Sandbags,Personal improvements;Modest house renovations;Structual house changes;Flood insurance;Sandbags
1,a753,-7,-65000.0,"{'rain_damage': 10, 'river_damage': 11}",68000,Personal improvements;Modest house renovations;Structual house changes;Flood insurance;Sandbags;Waterproofing walls & floors;Green garden,Personal improvements;Modest house renovations;Structual house changes;Flood insurance;Sandbags;Waterproofing walls & floors;Green garden
1,a754,-13,-78000.0,"{'rain_damage': 10, 'river_damage': 11}",80000,Personal improvements;Modest house renovations;Flood insurance;Sandbags,Personal improvements;Modest house renovations;Flood insurance;Sandbags
1,a755,-14,-82000.0,"{'rain_damage': 10, 'river_damage': 11}",84000,Personal improvements;Modest house renovations;Flood insurance,Personal improvements;Modest house renovations;Flood insurance
1,a756,-4,-58000.0,"{'rain_damage': 10, 'river_damage': 11}",60000,Personal improvements;Modest house renovations;Structual house changes;Flood insurance;Sandbags;Waterproofing walls & floors;Green garden;Rain barrel;Water pump,Personal improvements;Modest house renovations;Structual house changes;Flood insurance;Sandbags;Waterproofing walls & floors;Green garden;Rain barrel;Water pump
1,a757,-12,-80000.0,"{'rain_damage': 10, 'river_damage': 11}",80000,Personal improvements;Modest house renovations;Structual house changes;Flood insurance;Sandbags,Personal improvements;Modest house renovations;Structual house changes;Flood insurance;Sandbags
1,a758,-8,-64000.0,"{'rain_damage': 10, 'river_damage': 11}",68000,Personal improvements;Modest house renovations;Structual house changes;Flood insurance;Sandbags;Waterproofing walls & floors;Water pump,Personal improvements;Modest house renovations;Structual house changes;Flood insurance;Sandbags;Waterproofing walls & floors;Water pump
1,a759,-14,-83000.0,"{'rain_damage': 10, 'river_damage': 11}",84000,Personal improvements;Modest house renovations;Structual house changes,Personal improvements;Modest house renovations;Structual house changes
1,a760,-9,-72000.0,"{'rain_damage': 10, 'river_damage': 11}",72000,Personal improvements;Modest house renovations;Structual house changes;Flood insurance;Waterproofing walls & floors;Sandbags,Personal improvements;Modest house renovations;Structual house changes;Flood insurance;Waterproofing walls & floors;Sandbags
1,a761,-2,-37000.0,"{'rain_damage': 10, 'river_damage': 11}",52000,Personal improvements;Modest house renovations;Structual house changes;Flood insurance;Water pump;Sandbags;Waterproofing walls & floors;Green garden;Rain barrel;Self-activating wall,Personal improvements;Modest house renovations;Structual house changes;Flood insurance;Water pump;Sandbags;Waterproofing walls & floors;Green garden;Rain barrel;Self-activating wall
1,a762,-7,-65000.0,"{'rain_damage': 10, 'river_damage': 11}",68000,Personal improvements;Modest house renovations;Structual house changes;Flood insurance;Sandbags;Waterproofing walls & floors;Green garden,Personal improvements;Modest house renovations;Structual house changes;Flood insurance;Sandbags;Waterproofing walls & floors;Green garden
1,a763,-10,-73000.0,"{'rain_damage': 10, 'river_damage': 11}",76000,Personal improvements;Modest house renovations;Structual house changes;Flood insurance;Green garden;Sandbags,Personal improvements;Modest house renovations;Structual house changes;Flood insurance;Green garden;Sandbags
1,a764,-8,-64000.0,"{'rain_damage': 10, 'river_damage': 11}",68000,Personal improvements;Modest house renovations;Structual house changes;Flood insurance;Sandbags;Waterproofing walls & floors;Water pump,Personal improvements;Modest house renovations;Structual house changes;Flood insurance;Sandbags;Waterproofing walls & floors;Water pump
1,a765,-6,-62000.0,"{'rain_damage': 10, 'river_damage': 11}",64000,Personal improvements;Modest house renovations;Structual house changes;Flood insurance;Sandbags;Waterproofing walls & floors;Green garden;Water pump,Personal improvements;Modest house renovations;Structual house changes;Flood insurance;Sandbags;Waterproofing walls & floors;Green garden;Water pump
1,a766,-6,-57000.0,"{'rain_damage': 10, 'river_damage': 11}",64000,Personal improvements;Modest house renovations;Structual house changes;Flood insurance;Sandbags;Waterproofing walls & floors;Green garden;Water pump,Personal improvements;Modest house renovations;Structual house changes;Flood insurance;Sandbags;Waterproofing walls & floors;Green garden;Water pump
1,a767,-2,-52000.0,"{'rain_damage': 10, 'river_damage': 11}",52000,Personal improvements;Modest house renovations;Structual house changes;Flood insurance;Sandbags;Waterproofing walls & floors;Green garden;Rain barrel;Water pump;Self-activating wall,Personal improvements;Modest house renovations;Structual house changes;Flood insurance;Sandbags;Waterproofing walls & floors;Green garden;Rain barrel;Water pump;Self-activating wall
1,a768,-4,-58000.0,"{'rain_damage': 10, 'river_damage': 11}",60000,Personal improvements;Modest house renovations;Structual house changes;Flood insurance;Sandbags;Waterproofing walls & floors;Green garden;Rain barrel;Water pump,Personal improvements;Modest house renovations;Structual house changes;Flood insurance;Sandbags;Waterproofing walls & floors;Green garden;Rain barrel;Water pump
1,a769,-4,-56000.0,"{'rain_damage': 10, 'river_damage': 11}",56000,Personal improvements;Modest house renovations;Structual house changes;Flood insurance;Sandbags;Waterproofing walls & floors;Green garden;Water pump;Self-activating wall,Personal improvements;Modest house renovations;Structual house changes;Flood insurance;Sandbags;Waterproofing walls & floors;Green garden;Water pump;Self-activating wall
1,a770,-2,-37000.0,"{'rain_damage': 10, 'river_damage': 11}",52000,Personal improvements;Modest house renovations;Structual house changes;Flood insurance;Water pump;Sandbags;Waterproofing walls & floors;Green garden;Rain barrel;Self-activating wall,Personal improvements;Modest house renovations;Structual house changes;Flood insurance;Water pump;Sandbags;Waterproofing walls & floors;Green garden;Rain barrel;Self-activating wall
1,a771,-11,-79000.0,"{'rain_damage': 10, 'river_damage': 11}",80000,Personal improvements;Modest house renovations;Structual house changes;Flood insurance;Green garden,Personal improvements;Modest house renovations;Structual house changes;Flood insurance;Green garden
1,a772,-11,-79000.0,"{'rain_damage': 10, 'river_damage': 11}",80000,Personal improvements;Modest house renovations;Structual house changes;Flood insurance;Green garden,Personal improvements;Modest house renovations;Structual house changes;Flood insurance;Green garden
1,a773,-9,-67000.0,"{'rain_damage': 10, 'river_damage': 11}",72000,Personal improvements;Modest house renovations;Structual house changes;Flood insurance;Waterproofing walls & floors;Sandbags,Personal improvements;Modest house renovations;Structual house changes;Flood insurance;Waterproofing walls & floors;Sandbags
1,a774,-10,-73000.0,"{'rain_damage': 10, 'river_damage': 11}",76000,Personal improvements;Modest house renovations;Structual house changes;Flood insurance;Green garden;Sandbags,Personal improvements;Modest house renovations;Structual house changes;Flood insurance;Green garden;Sandbags
1,a775,-13,-84000.0,"{'rain_damage': 10, 'river_damage': 11}",84000,Personal improvements;Modest house renovations;Structual house changes;Flood insurance,Personal improvements;Modest house renovations;Structual house changes;Flood insurance
1,a776,-8,-64000.0,"{'rain_damage': 10, 'river_damage': 11}",68000,Personal improvements;Modest house renovations;Structual house changes;Flood insurance;Sandbags;Waterproofing walls & floors;Water pump,Personal improvements;Modest house renovations;Structual house changes;Flood insurance;Sandbags;Waterproofing walls & floors;Water pump
1,a777,-13,-79000.0,"{'rain_damage': 10, 'river_damage': 11}",80000,Personal improvements;Modest house renovations;Structual house changes;Sandbags,Personal improvements;Modest house renovations;Structual house changes;Sandbags
1,a778,-11,-79000.0,"{'rain_damage': 10, 'river_damage': 11}",80000,Personal improvements;Modest house renovations;Structual house changes;Flood insurance;Green garden,Personal improvements;Modest house renovations;Structual house changes;Flood insurance;Green garden
1,a779,-2,-42000.0,"{'rain_damage': 10, 'river_damage': 11}",52000,Personal improvements;Modest house renovations;Structual house changes;Flood insurance;Water pump;Sandbags;Waterproofing walls & floors;Green garden;Rain barrel;Self-activating wall,Personal improvements;Modest house renovations;Structual house changes;Flood insurance;Water pump;Sandbags;Waterproofing walls & floors;Green garden;Rain barrel;Self-activating wall
1,a780,-9,-67000.0,"{'rain_damage': 10, 'river_damage': 11}",72000,Personal improvements;Modest house renovations;Structual house changes;Flood insurance;Waterproofing walls & floors;Sandbags,Personal improvements;Modest house renovations;Structual house changes;Flood insurance;Waterproofing walls & floors;Sandbags
1,a781,-13,-79000.0,"{'rain_damage': 10, 'river_damage': 11}",80000,Personal improvements;Modest house renovations;Structual house changes;Sandbags,Personal improvements;Modest house renovations;Structual house changes;Sandbags
1,a782,-14,-84000.0,"{'rain_damage': 10, 'river_damage': 11}",84000,Personal improvements;Modest house renovations;Flood insurance,Personal improvements;Modest house renovations;Flood insurance
1,a783,-10,-73000.0,"{'rain_damage': 10, 'river_damage': 11}",76000,Personal improvements;Modest house renovations;Structual house changes;Flood insurance;Green garden;Sandbags,Personal improvements;Modest house renovations;Structual house changes;Flood insurance;Green garden;Sandbags
1,a784,-2,-52000.0,"{'rain_damage': 10, 'river_damage': 11}",52000,Personal improvements;Modest house renovations;Structual house changes;Flood insurance;Sandbags;Waterproofing walls & floors;Green garden;Rain barrel;Water pump;Self-activating wall,Personal improvements;Modest house renovations;Structual house changes;Flood insurance;Sandbags;Waterproofing walls & floors;Green garden;Rain barrel;Water pump;Self-activating wall
1,a785,-4,-56000.0,"{'rain_damage': 10, 'river_damage': 11}",56000,Personal improvements;Modest house renovations;Structual house changes;Flood insurance;Sandbags;Waterproofing walls & floors;Green garden;Water pump;Self-activating wall,Personal improvements;Modest house renovations;Structual house changes;Flood insurance;Sandbags;Waterproofing walls & floors;Green garden;Water pump;Self-activating wall
1,a786,-13,-84000.0,"{'rain_damage': 10, 'river_damage': 11}",84000,Personal improvements;Modest house renovations;Structual house changes;Flood insurance,Personal improvements;Modest house renovations;Structual house changes;Flood insurance
1,a787,-7,-65000.0,"{'rain_damage': 10, 'river_damage': 11}",68000,Personal improvements;Modest house renovations;Structual house changes;Flood insurance;Sandbags;Waterproofing walls & floors;Green garden,Personal improvements;Modest house renovations;Structual house changes;Flood insurance;Sandbags;Waterproofing walls & floors;Green garden
1,a788,-14,-82000.0,"{'rain_damage': 10, 'river_damage': 11}",84000,Personal improvements;Modest house renovations;Flood insurance,Personal improvements;Modest house renovations;Flood insurance
1,a789,-2,-12000.0,"{'rain_damage': 10, 'river_damage': 11}",52000,Personal improvements;Modest house renovations;Structual house changes;Flood insurance;Water pump;Self-activating wall;Sandbags;Waterproofing walls & floors;Green garden;Rain barrel,Personal improvements;Modest house renovations;Structual house changes;Flood insurance;Water pump;Self-activating wall;Sandbags;Waterproofing walls & floors;Green garden;Rain barrel
1,a790,-6,-57000.0,"{'rain_damage': 10, 'river_damage': 11}",64000,Personal improvements;Modest house renovations;Structual house changes;Flood insurance;Sandbags;Waterproofing walls & floors;Green garden;Water pump,Personal improvements;Modest house renovations;Structual house changes;Flood insurance;Sandbags;Waterproofing walls & floors;Green garden;Water pump
1,a791,-2,-12000.0,"{'rain_damage': 10, 'river_damage': 11}",52000,Personal improvements;Modest house renovations;Structual house changes;Flood insurance;Water pump;Self-activating wall;Sandbags;Waterproofing walls & floors;Green garden;Rain barrel,Personal improvements;Modest house renovations;Structual house changes;Flood insurance;Water pump;Self-activating wall;Sandbags;Waterproofing walls & floors;Green garden;Rain barrel
1,a792,-11,-79000.0,"{'rain_damage': 10, 'river_damage': 11}",80000,Personal improvements;Modest house renovations;Structual house changes;Flood insurance;Green garden,Personal improvements;Modest house renovations;Structual house changes;Flood insurance;Green garden
1,a793,-7,-65000.0,"{'rain_damage': 10, 'river_damage': 11}",68000,Personal improvements;Modest house renovations;Structual house changes;Flood insurance;Sandbags;Waterproofing walls & floors;Green garden,Personal improvements;Modest house renovations;Structual house changes;Flood insurance;Sandbags;Waterproofing walls & floors;Green garden
1,a794,-7,-65000.0,"{'rain_damage': 10, 'river_damage': 11}",68000,Personal improvements;Modest house renovations;Structual house changes;Flood insurance;Sandbags;Waterproofing walls & floors;Green garden,Personal improvements;Modest house renovations;Structual house changes;Flood insurance;Sandbags;Waterproofing walls & floors;Green garden
1,a795,-13,-79000.0,"{'rain_damage': 10, 'river_damage': 11}",80000,Personal improvements;Modest house renovations;Structual house changes;Sandbags,Personal improvements;Modest house renovations;Structual house changes;Sandbags
1,a796,-12,-75000.0,"{'rain_damage': 10, 'river_damage': 11}",80000,Personal improvements;Modest house renovations;Structual house changes;Flood insurance;Sandbags,Personal improvements;Modest house renovations;Structual house changes;Flood insurance;Sandbags
1,a797,-6,-62000.0,"{'rain_damage': 10, 'river_damage': 11}",64000,Personal improvements;Modest house renovations;Structual house changes;Flood insurance;Sandbags;Waterproofing walls & floors;Green garden;Water pump,Personal improvements;Modest house renovations;Structual house changes;Flood insurance;Sandbags;Waterproofing walls & floors;Green garden;Water pump
1,a798,-8,-64000.0,"{'rain_damage': 10, 'river_damage': 11}",68000,Personal improvements;Modest house renovations;Structual house changes;Flood insurance;Sandbags;Waterproofing walls & floors;Water pump,Personal improvements;Modest house renovations;Structual house changes;Flood insurance;Sandbags;Waterproofing walls & floors;Water pump
1,a799,-7,-65000.0,"{'rain_damage': 10, 'river_damage': 11}",68000,Personal improvements;Modest house renovations;Structual house changes;Flood insurance;Sandbags;Waterproofing walls & floors;Green garden,Personal improvements;Modest house renovations;Structual house changes;Flood insurance;Sandbags;Waterproofing walls & floors;Green garden
1,a800,-12,-80000.0,"{'rain_damage': 10, 'river_damage': 11}",80000,Personal improvements;Modest house renovations;Structual house changes;Flood insurance;Sandbags,Personal improvements;Modest house renovations;Structual house changes;Flood insurance;Sandbags
1,a801,-8,-64000.0,"{'rain_damage': 10, 'river_damage': 11}",68000,Personal improvements;Modest house renovations;Structual house changes;Flood insurance;Sandbags;Waterproofing walls & floors;Water pump,Personal improvements;Modest house renovations;Structual house changes;Flood insurance;Sandbags;Waterproofing walls & floors;Water pump
1,a802,-12,-75000.0,"{'rain_damage': 10, 'river_damage': 11}",80000,Personal improvements;Modest house renovations;Structual house changes;Flood insurance;Sandbags,Personal improvements;Modest house renovations;Structual house changes;Flood insurance;Sandbags
1,a803,-12,-75000.0,"{'rain_damage': 10, 'river_damage': 11}",80000,Personal improvements;Modest house renovations;Structual house changes;Flood insurance;Sandbags,Personal improvements;Modest house renovations;Structual house changes;Flood insurance;Sandbags
1,a804,-7,-65000.0,"{'rain_damage': 10, 'river_damage': 11}",68000,Personal improvements;Modest house renovations;Structual house changes;Flood insurance;Sandbags;Waterproofing walls & floors;Green garden,Personal improvements;Modest house renovations;Structual house changes;Flood insurance;Sandbags;Waterproofing walls & floors;Green garden
1,a805,-8,-64000.0,"{'rain_damage': 10, 'river_damage': 11}",68000,Personal improvements;Modest house renovations;Structual house changes;Flood insurance;Sandbags;Waterproofing walls & floors;Water pump,Personal improvements;Modest house renovations;Structual house changes;Flood insurance;Sandbags;Waterproofing walls & floors;Water pump
1,a806,-6,-62000.0,"{'rain_damage': 10, 'river_damage': 11}",64000,Personal improvements;Modest house renovations;Structual house changes;Flood insurance;Sandbags;Waterproofing walls & floors;Green garden;Water pump,Personal improvements;Modest house renovations;Structual house changes;Flood insurance;Sandbags;Waterproofing walls & floors;Green garden;Water pump
1,a807,-13,-79000.0,"{'rain_damage': 10, 'river_damage': 11}",80000,Personal improvements;Modest house renovations;Structual house changes;Sandbags,Personal improvements;Modest house renovations;Structual house changes;Sandbags
1,a808,-13,-79000.0,"{'rain_damage': 10, 'river_damage': 11}",80000,Personal improvements;Modest house renovations;Structual house changes;Sandbags,Personal improvements;Modest house renovations;Structual house changes;Sandbags
1,a809,-12,-80000.0,"{'rain_damage': 10, 'river_damage': 11}",80000,Personal improvements;Modest house renovations;Structual house changes;Flood insurance;Sandbags,Personal improvements;Modest house renovations;Structual house changes;Flood insurance;Sandbags
1,a810,-12,-80000.0,"{'rain_damage': 10, 'river_damage': 11}",80000,Personal improvements;Modest house renovations;Structual house changes;Flood insurance;Sandbags,Personal improvements;Modest house renovations;Structual house changes;Flood insurance;Sandbags
1,a811,-12,-80000.0,"{'rain_damage': 10, 'river_damage': 11}",80000,Personal improvements;Modest house renovations;Structual house changes;Flood insurance;Sandbags,Personal improvements;Modest house renovations;Structual house changes;Flood insurance;Sandbags
1,a812,-14,-83000.0,"{'rain_damage': 10, 'river_damage': 11}",84000,Personal improvements;Modest house renovations;Structual house changes,Personal improvements;Modest house renovations;Structual house changes
1,a813,-12,-80000.0,"{'rain_damage': 10, 'river_damage': 11}",80000,Personal improvements;Modest house renovations;Structual house changes;Flood insurance;Sandbags,Personal improvements;Modest house renovations;Structual house changes;Flood insurance;Sandbags
1,a814,-14,-82000.0,"{'rain_damage': 10, 'river_damage': 11}",84000,Personal improvements;Modest house renovations;Flood insurance,Personal improvements;Modest house renovations;Flood insurance
1,a815,-10,-73000.0,"{'rain_damage': 10, 'river_damage': 11}",76000,Personal improvements;Modest house renovations;Structual house changes;Flood insurance;Green garden;Sandbags,Personal improvements;Modest house renovations;Structual house changes;Flood insurance;Green garden;Sandbags
1,a816,-12,-75000.0,"{'rain_damage': 10, 'river_damage': 11}",80000,Personal improvements;Modest house renovations;Structual house changes;Flood insurance;Sandbags,Personal improvements;Modest house renovations;Structual house changes;Flood insurance;Sandbags
1,a817,-6,-57000.0,"{'rain_damage': 10, 'river_damage': 11}",64000,Personal improvements;Modest house renovations;Structual house changes;Flood insurance;Sandbags;Waterproofing walls & floors;Green garden;Water pump,Personal improvements;Modest house renovations;Structual house changes;Flood insurance;Sandbags;Waterproofing walls & floors;Green garden;Water pump
1,a818,-14,-83000.0,"{'rain_damage': 10, 'river_damage': 11}",84000,Personal improvements;Modest house renovations;Structual house changes,Personal improvements;Modest house renovations;Structual house changes
1,a819,-9,-67000.0,"{'rain_damage': 10, 'river_damage': 11}",72000,Personal improvements;Modest house renovations;Structual house changes;Flood insurance;Waterproofing walls & floors;Sandbags,Personal improvements;Modest house renovations;Structual house changes;Flood insurance;Waterproofing walls & floors;Sandbags
1,a820,-2,-42000.0,"{'rain_damage': 10, 'river_damage': 11}",52000,Personal improvements;Modest house renovations;Structual house changes;Flood insurance;Water pump;Sandbags;Waterproofing walls & floors;Green garden;Rain barrel;Self-activating wall,Personal improvements;Modest house renovations;Structual house changes;Flood insurance;Water pump;Sandbags;Waterproofing walls & floors;Green garden;Rain barrel;Self-activating wall
1,a821,-10,-73000.0,"{'rain_damage': 10, 'river_damage': 11}",76000,Personal improvements;Modest house renovations;Structual house changes;Flood insurance;Green garden;Sandbags,Personal improvements;Modest house renovations;Structual house changes;Flood insurance;Green garden;Sandbags
1,a822,-12,-75000.0,"{'rain_damage': 10, 'river_damage': 11}",80000,Personal improvements;Modest house renovations;Structual house changes;Flood insurance;Sandbags,Personal improvements;Modest house renovations;Structual house changes;Flood insurance;Sandbags
1,a823,-2,-37000.0,"{'rain_damage': 10, 'river_damage': 11}",52000,Personal improvements;Modest house renovations;Structual house changes;Flood insurance;Water pump;Sandbags;Waterproofing walls & floors;Green garden;Rain barrel;Self-activating wall,Personal improvements;Modest house renovations;Structual house changes;Flood insurance;Water pump;Sandbags;Waterproofing walls & floors;Green garden;Rain barrel;Self-activating wall
1,a824,-9,-67000.0,"{'rain_damage': 10, 'river_damage': 11}",72000,Personal improvements;Modest house renovations;Structual house changes;Flood insurance;Waterproofing walls & floors;Sandbags,Personal improvements;Modest house renovations;Structual house changes;Flood insurance;Waterproofing walls & floors;Sandbags
1,a825,-8,-64000.0,"{'rain_damage': 10, 'river_damage': 11}",68000,Personal improvements;Modest house renovations;Structual house changes;Flood insurance;Sandbags;Waterproofing walls & floors;Water pump,Personal improvements;Modest house renovations;Structual house changes;Flood insurance;Sandbags;Waterproofing walls & floors;Water pump
1,a826,-2,-52000.0,"{'rain_damage': 10, 'river_damage': 11}",52000,Personal improvements;Modest house renovations;Structual house changes;Flood insurance;Sandbags;Waterproofing walls & floors;Green garden;Rain barrel;Water pump;Self-activating wall,Personal improvements;Modest house renovations;Structual house changes;Flood insurance;Sandbags;Waterproofing walls & floors;Green garden;Rain barrel;Water pump;Self-activating wall
1,a827,-10,-73000.0,"{'rain_damage': 10, 'river_damage': 11}",76000,Personal improvements;Modest house renovations;Structual house changes;Flood insurance;Green garden;Sandbags,Personal improvements;Modest house renovations;Structual house changes;Flood insurance;Green garden;Sandbags
1,a828,-12,-80000.0,"{'rain_damage': 10, 'river_damage': 11}",80000,Personal improvements;Modest house renovations;Structual house changes;Flood insurance;Sandbags,Personal improvements;Modest house renovations;Structual house changes;Flood insurance;Sandbags
1,a829,-2,-42000.0,"{'rain_damage': 10, 'river_damage': 11}",52000,Personal improvements;Modest house renovations;Structual house changes;Flood insurance;Water pump;Sandbags;Waterproofing walls & floors;Green garden;Rain barrel;Self-activating wall,Personal improvements;Modest house renovations;Structual house changes;Flood insurance;Water pump;Sandbags;Waterproofing walls & floors;Green garden;Rain barrel;Self-activating wall
1,a830,-7,-68000.0,"{'rain_damage': 10, 'river_damage': 11}",68000,Personal improvements;Modest house renovations;Structual house changes;Flood insurance;Sandbags;Waterproofing walls & floors;Green garden,Personal improvements;Modest house renovations;Structual house changes;Flood insurance;Sandbags;Waterproofing walls & floors;Green garden
1,a831,-12,-75000.0,"{'rain_damage': 10, 'river_damage': 11}",80000,Personal improvements;Modest house renovations;Structual house changes;Flood insurance;Sandbags,Personal improvements;Modest house renovations;Structual house changes;Flood insurance;Sandbags
1,a832,-12,-75000.0,"{'rain_damage': 10, 'river_damage': 11}",80000,Personal improvements;Modest house renovations;Structual house changes;Flood insurance;Sandbags,Personal improvements;Modest house renovations;Structual house changes;Flood insurance;Sandbags
1,a833,-2,-47000.0,"{'rain_damage': 10, 'river_damage': 11}",52000,Personal improvements;Modest house renovations;Structual house changes;Flood insurance;Water pump;Sandbags;Waterproofing walls & floors;Green garden;Rain barrel;Self-activating wall,Personal improvements;Modest house renovations;Structual house changes;Flood insurance;Water pump;Sandbags;Waterproofing walls & floors;Green garden;Rain barrel;Self-activating wall
1,a834,-13,-78000.0,"{'rain_damage': 10, 'river_damage': 11}",80000,Personal improvements;Modest house renovations;Flood insurance;Sandbags,Personal improvements;Modest house renovations;Flood insurance;Sandbags
1,a835,-11,-79000.0,"{'rain_damage': 10, 'river_damage': 11}",80000,Personal improvements;Modest house renovations;Structual house changes;Flood insurance;Green garden,Personal improvements;Modest house renovations;Structual house changes;Flood insurance;Green garden
1,a836,-7,-65000.0,"{'rain_damage': 10, 'river_damage': 11}",68000,Personal improvements;Modest house renovations;Structual house changes;Flood insurance;Sandbags;Waterproofing walls & floors;Green garden,Personal improvements;Modest house renovations;Structual house changes;Flood insurance;Sandbags;Waterproofing walls & floors;Green garden
1,a837,-13,-79000.0,"{'rain_damage': 10, 'river_damage': 11}",80000,Personal improvements;Modest house renovations;Structual house changes;Sandbags,Personal improvements;Modest house renovations;Structual house changes;Sandbags
1,a838,-7,-65000.0,"{'rain_damage': 10, 'river_damage': 11}",68000,Personal improvements;Modest house renovations;Structual house changes;Flood insurance;Sandbags;Waterproofing walls & floors;Green garden,Personal improvements;Modest house renovations;Structual house changes;Flood insurance;Sandbags;Waterproofing walls & floors;Green garden
1,a839,-12,-75000.0,"{'rain_damage': 10, 'river_damage': 11}",80000,Personal improvements;Modest house renovations;Structual house changes;Flood insurance;Sandbags,Personal improvements;Modest house renovations;Structual house changes;Flood insurance;Sandbags
1,a840,-12,-80000.0,"{'rain_damage': 10, 'river_damage': 11}",80000,Personal improvements;Modest house renovations;Structual house changes;Flood insurance;Sandbags,Personal improvements;Modest house renovations;Structual house changes;Flood insurance;Sandbags
1,a841,-2,-47000.0,"{'rain_damage': 10, 'river_damage': 11}",52000,Personal improvements;Modest house renovations;Structual house changes;Flood insurance;Water pump;Sandbags;Waterproofing walls & floors;Green garden;Rain barrel;Self-activating wall,Personal improvements;Modest house renovations;Structual house changes;Flood insurance;Water pump;Sandbags;Waterproofing walls & floors;Green garden;Rain barrel;Self-activating wall
1,a842,-14,-84000.0,"{'rain_damage': 10, 'river_damage': 11}",84000,Personal improvements;Modest house renovations;Flood insurance,Personal improvements;Modest house renovations;Flood insurance
1,a843,-8,-64000.0,"{'rain_damage': 10, 'river_damage': 11}",68000,Personal improvements;Modest house renovations;Structual house changes;Flood insurance;Sandbags;Waterproofing walls & floors;Water pump,Personal improvements;Modest house renovations;Structual house changes;Flood insurance;Sandbags;Waterproofing walls & floors;Water pump
1,a844,-6,-57000.0,"{'rain_damage': 10, 'river_damage': 11}",64000,Personal improvements;Modest house renovations;Structual house changes;Flood insurance;Sandbags;Waterproofing walls & floors;Green garden;Water pump,Personal improvements;Modest house renovations;Structual house changes;Flood insurance;Sandbags;Waterproofing walls & floors;Green garden;Water pump
1,a845,-12,-75000.0,"{'rain_damage': 10, 'river_damage': 11}",80000,Personal improvements;Modest house renovations;Structual house changes;Flood insurance;Sandbags,Personal improvements;Modest house renovations;Structual house changes;Flood insurance;Sandbags
1,a846,-6,-62000.0,"{'rain_damage': 10, 'river_damage': 11}",64000,Personal improvements;Modest house renovations;Structual house changes;Flood insurance;Sandbags;Waterproofing walls & floors;Green garden;Water pump,Personal improvements;Modest house renovations;Structual house changes;Flood insurance;Sandbags;Waterproofing walls & floors;Green garden;Water pump
1,a847,-13,-79000.0,"{'rain_damage': 10, 'river_damage': 11}",80000,Personal improvements;Modest house renovations;Structual house changes;Sandbags,Personal improvements;Modest house renovations;Structual house changes;Sandbags
1,a848,-10,-73000.0,"{'rain_damage': 10, 'river_damage': 11}",76000,Personal improvements;Modest house renovations;Structual house changes;Flood insurance;Green garden;Sandbags,Personal improvements;Modest house renovations;Structual house changes;Flood insurance;Green garden;Sandbags
1,a849,-14,-83000.0,"{'rain_damage': 10, 'river_damage': 11}",84000,Personal improvements;Modest house renovations;Structual house changes,Personal improvements;Modest house renovations;Structual house changes
1,a850,-11,-75000.0,"{'rain_damage': 10, 'river_damage': 11}",76000,Personal improvements;Modest house renovations;Structual house changes;Flood insurance;Sandbags;Water pump,Personal improvements;Modest house renovations;Structual house changes;Flood insurance;Sandbags;Water pump
1,a851,-6,-57000.0,"{'rain_damage': 10, 'river_damage': 11}",64000,Personal improvements;Modest house renovations;Structual house changes;Flood insurance;Sandbags;Waterproofing walls & floors;Green garden;Water pump,Personal improvements;Modest house renovations;Structual house changes;Flood insurance;Sandbags;Waterproofing walls & floors;Green garden;Water pump
1,a852,-4,-58000.0,"{'rain_damage': 10, 'river_damage': 11}",60000,Personal improvements;Modest house renovations;Structual house changes;Flood insurance;Sandbags;Waterproofing walls & floors;Green garden;Rain barrel;Water pump,Personal improvements;Modest house renovations;Structual house changes;Flood insurance;Sandbags;Waterproofing walls & floors;Green garden;Rain barrel;Water pump
1,a853,-11,-79000.0,"{'rain_damage': 10, 'river_damage': 11}",80000,Personal improvements;Modest house renovations;Structual house changes;Flood insurance;Green garden,Personal improvements;Modest house renovations;Structual house changes;Flood insurance;Green garden
1,a854,-11,-75000.0,"{'rain_damage': 10, 'river_damage': 11}",76000,Personal improvements;Modest house renovations;Structual house changes;Flood insurance;Sandbags;Water pump,Personal improvements;Modest house renovations;Structual house changes;Flood insurance;Sandbags;Water pump
1,a855,-7,-65000.0,"{'rain_damage': 10, 'river_damage': 11}",68000,Personal improvements;Modest house renovations;Structual house changes;Flood insurance;Sandbags;Waterproofing walls & floors;Green garden,Personal improvements;Modest house renovations;Structual house changes;Flood insurance;Sandbags;Waterproofing walls & floors;Green garden
1,a856,-13,-84000.0,"{'rain_damage': 10, 'river_damage': 11}",84000,Personal improvements;Modest house renovations;Structual house changes;Flood insurance,Personal improvements;Modest house renovations;Structual house changes;Flood insurance
1,a857,-10,-73000.0,"{'rain_damage': 10, 'river_damage': 11}",76000,Personal improvements;Modest house renovations;Structual house changes;Flood insurance;Green garden;Sandbags,Personal improvements;Modest house renovations;Structual house changes;Flood insurance;Green garden;Sandbags
1,a858,-8,-64000.0,"{'rain_damage': 10, 'river_damage': 11}",68000,Personal improvements;Modest house renovations;Structual house changes;Flood insurance;Sandbags;Waterproofing walls & floors;Water pump,Personal improvements;Modest house renovations;Structual house changes;Flood insurance;Sandbags;Waterproofing walls & floors;Water pump
1,a859,-10,-73000.0,"{'rain_damage': 10, 'river_damage': 11}",76000,Personal improvements;Modest house renovations;Structual house changes;Flood insurance;Green garden;Sandbags,Personal improvements;Modest house renovations;Structual house changes;Flood insurance;Green garden;Sandbags
1,a860,-6,-62000.0,"{'rain_damage': 10, 'river_damage': 11}",64000,Personal improvements;Modest house renovations;Structual house changes;Flood insurance;Sandbags;Waterproofing walls & floors;Green garden;Water pump,Personal improvements;Modest house renovations;Structual house changes;Flood insurance;Sandbags;Waterproofing walls & floors;Green garden;Water pump
1,a861,-12,-80000.0,"{'rain_damage': 10, 'river_damage': 11}",80000,Personal improvements;Modest house renovations;Structual house changes;Flood insurance;Sandbags,Personal improvements;Modest house renovations;Structual house changes;Flood insurance;Sandbags
1,a862,-14,-83000.0,"{'rain_damage': 10, 'river_damage': 11}",84000,Personal improvements;Modest house renovations;Structual house changes,Personal improvements;Modest house renovations;Structual house changes
1,a863,-12,-75000.0,"{'rain_damage': 10, 'river_damage': 11}",80000,Personal improvements;Modest house renovations;Structual house changes;Flood insurance;Sandbags,Personal improvements;Modest house renovations;Structual house changes;Flood insurance;Sandbags
1,a864,-6,-57000.0,"{'rain_damage': 10, 'river_damage': 11}",64000,Personal improvements;Modest house renovations;Structual house changes;Flood insurance;Sandbags;Waterproofing walls & floors;Green garden;Water pump,Personal improvements;Modest house renovations;Structual house changes;Flood insurance;Sandbags;Waterproofing walls & floors;Green garden;Water pump
1,a865,-7,-65000.0,"{'rain_damage': 10, 'river_damage': 11}",68000,Personal improvements;Modest house renovations;Structual house changes;Flood insurance;Sandbags;Waterproofing walls & floors;Green garden,Personal improvements;Modest house renovations;Structual house changes;Flood insurance;Sandbags;Waterproofing walls & floors;Green garden
1,a866,-12,-75000.0,"{'rain_damage': 10, 'river_damage': 11}",80000,Personal improvements;Modest house renovations;Structual house changes;Flood insurance;Sandbags,Personal improvements;Modest house renovations;Structual house changes;Flood insurance;Sandbags
1,a867,-4,-56000.0,"{'rain_damage': 10, 'river_damage': 11}",56000,Personal improvements;Modest house renovations;Structual house changes;Flood insurance;Sandbags;Waterproofing walls & floors;Green garden;Water pump;Self-activating wall,Personal improvements;Modest house renovations;Structual house changes;Flood insurance;Sandbags;Waterproofing walls & floors;Green garden;Water pump;Self-activating wall
1,a868,-2,-47000.0,"{'rain_damage': 10, 'river_damage': 11}",52000,Personal improvements;Modest house renovations;Structual house changes;Flood insurance;Water pump;Sandbags;Waterproofing walls & floors;Green garden;Rain barrel;Self-activating wall,Personal improvements;Modest house renovations;Structual house changes;Flood insurance;Water pump;Sandbags;Waterproofing walls & floors;Green garden;Rain barrel;Self-activating wall
1,a869,-12,-80000.0,"{'rain_damage': 10, 'river_damage': 11}",80000,Personal improvements;Modest house renovations;Structual house changes;Flood insurance;Sandbags,Personal improvements;Modest house renovations;Structual house changes;Flood insurance;Sandbags
1,a870,-8,-64000.0,"{'rain_damage': 10, 'river_damage': 11}",68000,Personal improvements;Modest house renovations;Structual house changes;Flood insurance;Sandbags;Waterproofing walls & floors;Water pump,Personal improvements;Modest house renovations;Structual house changes;Flood insurance;Sandbags;Waterproofing walls & floors;Water pump
1,a871,-13,-78000.0,"{'rain_damage': 10, 'river_damage': 11}",80000,Personal improvements;Modest house renovations;Flood insurance;Sandbags,Personal improvements;Modest house renovations;Flood insurance;Sandbags
1,a872,-12,-75000.0,"{'rain_damage': 10, 'river_damage': 11}",80000,Personal improvements;Modest house renovations;Structual house changes;Flood insurance;Sandbags,Personal improvements;Modest house renovations;Structual house changes;Flood insurance;Sandbags
1,a873,-13,-79000.0,"{'rain_damage': 10, 'river_damage': 11}",80000,Personal improvements;Modest house renovations;Structual house changes;Sandbags,Personal improvements;Modest house renovations;Structual house changes;Sandbags
1,a874,-12,-75000.0,"{'rain_damage': 10, 'river_damage': 11}",80000,Personal improvements;Modest house renovations;Structual house changes;Flood insurance;Sandbags,Personal improvements;Modest house renovations;Structual house changes;Flood insurance;Sandbags
1,a875,-9,-67000.0,"{'rain_damage': 10, 'river_damage': 11}",72000,Personal improvements;Modest house renovations;Structual house changes;Flood insurance;Waterproofing walls & floors;Sandbags,Personal improvements;Modest house renovations;Structual house changes;Flood insurance;Waterproofing walls & floors;Sandbags
1,a876,-13,-84000.0,"{'rain_damage': 10, 'river_damage': 11}",84000,Personal improvements;Modest house renovations;Structual house changes;Flood insurance,Personal improvements;Modest house renovations;Structual house changes;Flood insurance
1,a877,-6,-57000.0,"{'rain_damage': 10, 'river_damage': 11}",64000,Personal improvements;Modest house renovations;Structual house changes;Flood insurance;Sandbags;Waterproofing walls & floors;Green garden;Water pump,Personal improvements;Modest house renovations;Structual house changes;Flood insurance;Sandbags;Waterproofing walls & floors;Green garden;Water pump
1,a878,-9,-67000.0,"{'rain_damage': 10, 'river_damage': 11}",72000,Personal improvements;Modest house renovations;Structual house changes;Flood insurance;Waterproofing walls & floors;Sandbags,Personal improvements;Modest house renovations;Structual house changes;Flood insurance;Waterproofing walls & floors;Sandbags
1,a879,-13,-84000.0,"{'rain_damage': 10, 'river_damage': 11}",84000,Personal improvements;Modest house renovations;Structual house changes;Flood insurance,Personal improvements;Modest house renovations;Structual house changes;Flood insurance
1,a880,-7,-65000.0,"{'rain_damage': 10, 'river_damage': 11}",68000,Personal improvements;Modest house renovations;Structual house changes;Flood insurance;Sandbags;Waterproofing walls & floors;Green garden,Personal improvements;Modest house renovations;Structual house changes;Flood insurance;Sandbags;Waterproofing walls & floors;Green garden
1,a881,-2,-42000.0,"{'rain_damage': 10, 'river_damage': 11}",52000,Personal improvements;Modest house renovations;Structual house changes;Flood insurance;Water pump;Sandbags;Waterproofing walls & floors;Green garden;Rain barrel;Self-activating wall,Personal improvements;Modest house renovations;Structual house changes;Flood insurance;Water pump;Sandbags;Waterproofing walls & floors;Green garden;Rain barrel;Self-activating wall
1,a882,-7,-65000.0,"{'rain_damage': 10, 'river_damage': 11}",68000,Personal improvements;Modest house renovations;Structual house changes;Flood insurance;Sandbags;Waterproofing walls & floors;Green garden,Personal improvements;Modest house renovations;Structual house changes;Flood insurance;Sandbags;Waterproofing walls & floors;Green garden
1,a883,-6,-62000.0,"{'rain_damage': 10, 'river_damage': 11}",64000,Personal improvements;Modest house renovations;Structual house changes;Flood insurance;Sandbags;Waterproofing walls & floors;Green garden;Water pump,Personal improvements;Modest house renovations;Structual house changes;Flood insurance;Sandbags;Waterproofing walls & floors;Green garden;Water pump
1,a884,-13,-78000.0,"{'rain_damage': 10, 'river_damage': 11}",80000,Personal improvements;Modest house renovations;Flood insurance;Sandbags,Personal improvements;Modest house renovations;Flood insurance;Sandbags
1,a885,-7,-65000.0,"{'rain_damage': 10, 'river_damage': 11}",68000,Personal improvements;Modest house renovations;Structual house changes;Flood insurance;Sandbags;Waterproofing walls & floors;Green garden,Personal improvements;Modest house renovations;Structual house changes;Flood insurance;Sandbags;Waterproofing walls & floors;Green garden
1,a886,-2,-52000.0,"{'rain_damage': 10, 'river_damage': 11}",52000,Personal improvements;Modest house renovations;Structual house changes;Flood insurance;Sandbags;Waterproofing walls & floors;Green garden;Rain barrel;Water pump;Self-activating wall,Personal improvements;Modest house renovations;Structual house changes;Flood insurance;Sandbags;Waterproofing walls & floors;Green garden;Rain barrel;Water pump;Self-activating wall
1,a887,-2,-42000.0,"{'rain_damage': 10, 'river_damage': 11}",52000,Personal improvements;Modest house renovations;Structual house changes;Flood insurance;Water pump;Sandbags;Waterproofing walls & floors;Green garden;Rain barrel;Self-activating wall,Personal improvements;Modest house renovations;Structual house changes;Flood insurance;Water pump;Sandbags;Waterproofing walls & floors;Green garden;Rain barrel;Self-activating wall
1,a888,-12,-75000.0,"{'rain_damage': 10, 'river_damage': 11}",80000,Personal improvements;Modest house renovations;Structual house changes;Flood insurance;Sandbags,Personal improvements;Modest house renovations;Structual house changes;Flood insurance;Sandbags
1,a889,-4,-53000.0,"{'rain_damage': 10, 'river_damage': 11}",60000,Personal improvements;Modest house renovations;Structual house changes;Flood insurance;Sandbags;Waterproofing walls & floors;Green garden;Rain barrel;Water pump,Personal improvements;Modest house renovations;Structual house changes;Flood insurance;Sandbags;Waterproofing walls & floors;Green garden;Rain barrel;Water pump
1,a890,-8,-64000.0,"{'rain_damage': 10, 'river_damage': 11}",68000,Personal improvements;Modest house renovations;Structual house changes;Flood insurance;Sandbags;Waterproofing walls & floors;Water pump,Personal improvements;Modest house renovations;Structual house changes;Flood insurance;Sandbags;Waterproofing walls & floors;Water pump
1,a891,-10,-73000.0,"{'rain_damage': 10, 'river_damage': 11}",76000,Personal improvements;Modest house renovations;Structual house changes;Flood insurance;Green garden;Sandbags,Personal improvements;Modest house renovations;Structual house changes;Flood insurance;Green garden;Sandbags
1,a892,-12,-78000.0,"{'rain_damage': 10, 'river_damage': 11}",80000,Personal improvements;Modest house renovations;Structual house changes;Flood insurance;Sandbags,Personal improvements;Modest house renovations;Structual house changes;Flood insurance;Sandbags
1,a893,-4,-53000.0,"{'rain_damage': 10, 'river_damage': 11}",60000,Personal improvements;Modest house renovations;Structual house changes;Flood insurance;Sandbags;Waterproofing walls & floors;Green garden;Rain barrel;Water pump,Personal improvements;Modest house renovations;Structual house changes;Flood insurance;Sandbags;Waterproofing walls & floors;Green garden;Rain barrel;Water pump
1,a894,-11,-75000.0,"{'rain_damage': 10, 'river_damage': 11}",76000,Personal improvements;Modest house renovations;Structual house changes;Flood insurance;Sandbags;Water pump,Personal improvements;Modest house renovations;Structual house changes;Flood insurance;Sandbags;Water pump
1,a895,-4,-58000.0,"{'rain_damage': 10, 'river_damage': 11}",60000,Personal improvements;Modest house renovations;Structual house changes;Flood insurance;Sandbags;Waterproofing walls & floors;Green garden;Rain barrel;Water pump,Personal improvements;Modest house renovations;Structual house changes;Flood insurance;Sandbags;Waterproofing walls & floors;Green garden;Rain barrel;Water pump
1,a896,-2,-52000.0,"{'rain_damage': 10, 'river_damage': 11}",52000,Personal improvements;Modest house renovations;Structual house changes;Flood insurance;Sandbags;Waterproofing walls & floors;Green garden;Rain barrel;Water pump;Self-activating wall,Personal improvements;Modest house renovations;Structual house changes;Flood insurance;Sandbags;Waterproofing walls & floors;Green garden;Rain barrel;Water pump;Self-activating wall
1,a897,-4,-58000.0,"{'rain_damage': 10, 'river_damage': 11}",60000,Personal improvements;Modest house renovations;Structual house changes;Flood insurance;Sandbags;Waterproofing walls & floors;Green garden;Rain barrel;Water pump,Personal improvements;Modest house renovations;Structual house changes;Flood insurance;Sandbags;Waterproofing walls & floors;Green garden;Rain barrel;Water pump
1,a898,-13,-84000.0,"{'rain_damage': 10, 'river_damage': 11}",84000,Personal improvements;Modest house renovations;Structual house changes;Flood insurance,Personal improvements;Modest house renovations;Structual house changes;Flood insurance
1,a899,-11,-79000.0,"{'rain_damage': 10, 'river_damage': 11}",80000,Personal improvements;Modest house renovations;Structual house changes;Flood insurance;Green garden,Personal improvements;Modest house renovations;Structual house changes;Flood insurance;Green garden
1,a900,-13,-79000.0,"{'rain_damage': 10, 'river_damage': 11}",80000,Personal improvements;Modest house renovations;Structual house changes;Sandbags,Personal improvements;Modest house renovations;Structual house changes;Sandbags
1,a901,-13,-78000.0,"{'rain_damage': 10, 'river_damage': 11}",80000,Personal improvements;Modest house renovations;Flood insurance;Sandbags,Personal improvements;Modest house renovations;Flood insurance;Sandbags
1,a902,-9,-67000.0,"{'rain_damage': 10, 'river_damage': 11}",72000,Personal improvements;Modest house renovations;Structual house changes;Flood insurance;Waterproofing walls & floors;Sandbags,Personal improvements;Modest house renovations;Structual house changes;Flood insurance;Waterproofing walls & floors;Sandbags
1,a903,-10,-73000.0,"{'rain_damage': 10, 'river_damage': 11}",76000,Personal improvements;Modest house renovations;Structual house changes;Flood insurance;Green garden;Sandbags,Personal improvements;Modest house renovations;Structual house changes;Flood insurance;Green garden;Sandbags
1,a904,-2,-12000.0,"{'rain_damage': 10, 'river_damage': 11}",52000,Personal improvements;Modest house renovations;Structual house changes;Flood insurance;Water pump;Self-activating wall;Sandbags;Waterproofing walls & floors;Green garden;Rain barrel,Personal improvements;Modest house renovations;Structual house changes;Flood insurance;Water pump;Self-activating wall;Sandbags;Waterproofing walls & floors;Green garden;Rain barrel
1,a905,-14,-82000.0,"{'rain_damage': 10, 'river_damage': 11}",84000,Personal improvements;Modest house renovations;Flood insurance,Personal improvements;Modest house renovations;Flood insurance
1,a906,-11,-75000.0,"{'rain_damage': 10, 'river_damage': 11}",76000,Personal improvements;Modest house renovations;Structual house changes;Flood insurance;Sandbags;Water pump,Personal improvements;Modest house renovations;Structual house changes;Flood insurance;Sandbags;Water pump
1,a907,-11,-79000.0,"{'rain_damage': 10, 'river_damage': 11}",80000,Personal improvements;Modest house renovations;Structual house changes;Flood insurance;Green garden,Personal improvements;Modest house renovations;Structual house changes;Flood insurance;Green garden
1,a908,-2,-52000.0,"{'rain_damage': 10, 'river_damage': 11}",52000,Personal improvements;Modest house renovations;Structual house changes;Flood insurance;Sandbags;Waterproofing walls & floors;Green garden;Rain barrel;Water pump;Self-activating wall,Personal improvements;Modest house renovations;Structual house changes;Flood insurance;Sandbags;Waterproofing walls & floors;Green garden;Rain barrel;Water pump;Self-activating wall
1,a909,-2,-12000.0,"{'rain_damage': 10, 'river_damage': 11}",52000,Personal improvements;Modest house renovations;Structual house changes;Flood insurance;Water pump;Self-activating wall;Sandbags;Waterproofing walls & floors;Green garden;Rain barrel,Personal improvements;Modest house renovations;Structual house changes;Flood insurance;Water pump;Self-activating wall;Sandbags;Waterproofing walls & floors;Green garden;Rain barrel
1,a910,-2,-47000.0,"{'rain_damage': 10, 'river_damage': 11}",52000,Personal improvements;Modest house renovations;Structual house changes;Flood insurance;Water pump;Sandbags;Waterproofing walls & floors;Green garden;Rain barrel;Self-activating wall,Personal improvements;Modest house renovations;Structual house changes;Flood insurance;Water pump;Sandbags;Waterproofing walls & floors;Green garden;Rain barrel;Self-activating wall
1,a911,-12,-80000.0,"{'rain_damage': 10, 'river_damage': 11}",80000,Personal improvements;Modest house renovations;Structual house changes;Flood insurance;Sandbags,Personal improvements;Modest house renovations;Structual house changes;Flood insurance;Sandbags
1,a912,-11,-79000.0,"{'rain_damage': 10, 'river_damage': 11}",80000,Personal improvements;Modest house renovations;Structual house changes;Flood insurance;Green garden,Personal improvements;Modest house renovations;Structual house changes;Flood insurance;Green garden
1,a913,-2,-42000.0,"{'rain_damage': 10, 'river_damage': 11}",52000,Personal improvements;Modest house renovations;Structual house changes;Flood insurance;Water pump;Sandbags;Waterproofing walls & floors;Green garden;Rain barrel;Self-activating wall,Personal improvements;Modest house renovations;Structual house changes;Flood insurance;Water pump;Sandbags;Waterproofing walls & floors;Green garden;Rain barrel;Self-activating wall
1,a914,-8,-64000.0,"{'rain_damage': 10, 'river_damage': 11}",68000,Personal improvements;Modest house renovations;Structual house changes;Flood insurance;Sandbags;Waterproofing walls & floors;Water pump,Personal improvements;Modest house renovations;Structual house changes;Flood insurance;Sandbags;Waterproofing walls & floors;Water pump
1,a915,-14,-82000.0,"{'rain_damage': 10, 'river_damage': 11}",84000,Personal improvements;Modest house renovations;Flood insurance,Personal improvements;Modest house renovations;Flood insurance
1,a916,-13,-79000.0,"{'rain_damage': 10, 'river_damage': 11}",80000,Personal improvements;Modest house renovations;Structual house changes;Sandbags,Personal improvements;Modest house renovations;Structual house changes;Sandbags
1,a917,-2,-37000.0,"{'rain_damage': 10, 'river_damage': 11}",52000,Personal improvements;Modest house renovations;Structual house changes;Flood insurance;Water pump;Sandbags;Waterproofing walls & floors;Green garden;Rain barrel;Self-activating wall,Personal improvements;Modest house renovations;Structual house changes;Flood insurance;Water pump;Sandbags;Waterproofing walls & floors;Green garden;Rain barrel;Self-activating wall
1,a918,-14,-84000.0,"{'rain_damage': 10, 'river_damage': 11}",84000,Personal improvements;Modest house renovations;Flood insurance,Personal improvements;Modest house renovations;Flood insurance
1,a919,-8,-64000.0,"{'rain_damage': 10, 'river_damage': 11}",68000,Personal improvements;Modest house renovations;Structual house changes;Flood insurance;Sandbags;Waterproofing walls & floors;Water pump,Personal improvements;Modest house renovations;Structual house changes;Flood insurance;Sandbags;Waterproofing walls & floors;Water pump
1,a920,-6,-57000.0,"{'rain_damage': 10, 'river_damage': 11}",64000,Personal improvements;Modest house renovations;Structual house changes;Flood insurance;Sandbags;Waterproofing walls & floors;Green garden;Water pump,Personal improvements;Modest house renovations;Structual house changes;Flood insurance;Sandbags;Waterproofing walls & floors;Green garden;Water pump
1,a921,-4,-53000.0,"{'rain_damage': 10, 'river_damage': 11}",60000,Personal improvements;Modest house renovations;Structual house changes;Flood insurance;Sandbags;Waterproofing walls & floors;Green garden;Rain barrel;Water pump,Personal improvements;Modest house renovations;Structual house changes;Flood insurance;Sandbags;Waterproofing walls & floors;Green garden;Rain barrel;Water pump
1,a922,-2,-42000.0,"{'rain_damage': 10, 'river_damage': 11}",52000,Personal improvements;Modest house renovations;Structual house changes;Flood insurance;Water pump;Sandbags;Waterproofing walls & floors;Green garden;Rain barrel;Self-activating wall,Personal improvements;Modest house renovations;Structual house changes;Flood insurance;Water pump;Sandbags;Waterproofing walls & floors;Green garden;Rain barrel;Self-activating wall
1,a923,-12,-75000.0,"{'rain_damage': 10, 'river_damage': 11}",80000,Personal improvements;Modest house renovations;Structual house changes;Flood insurance;Sandbags,Personal improvements;Modest house renovations;Structual house changes;Flood insurance;Sandbags
1,a924,-13,-79000.0,"{'rain_damage': 10, 'river_damage': 11}",80000,Personal improvements;Modest house renovations;Structual house changes;Sandbags,Personal improvements;Modest house renovations;Structual house changes;Sandbags
1,a925,-2,-47000.0,"{'rain_damage': 10, 'river_damage': 11}",52000,Personal improvements;Modest house renovations;Structual house changes;Flood insurance;Water pump;Sandbags;Waterproofing walls & floors;Green garden;Rain barrel;Self-activating wall,Personal improvements;Modest house renovations;Structual house changes;Flood insurance;Water pump;Sandbags;Waterproofing walls & floors;Green garden;Rain barrel;Self-activating wall
1,a926,-10,-73000.0,"{'rain_damage': 10, 'river_damage': 11}",76000,Personal improvements;Modest house renovations;Structual house changes;Flood insurance;Green garden;Sandbags,Personal improvements;Modest house renovations;Structual house changes;Flood insurance;Green garden;Sandbags
1,a927,-9,-67000.0,"{'rain_damage': 10, 'river_damage': 11}",72000,Personal improvements;Modest house renovations;Structual house changes;Flood insurance;Waterproofing walls & floors;Sandbags,Personal improvements;Modest house renovations;Structual house changes;Flood insurance;Waterproofing walls & floors;Sandbags
1,a928,-14,-82000.0,"{'rain_damage': 10, 'river_damage': 11}",84000,Personal improvements;Modest house renovations;Flood insurance,Personal improvements;Modest house renovations;Flood insurance
1,a929,-2,-52000.0,"{'rain_damage': 10, 'river_damage': 11}",52000,Personal improvements;Modest house renovations;Structual house changes;Flood insurance;Sandbags;Waterproofing walls & floors;Green garden;Rain barrel;Water pump;Self-activating wall,Personal improvements;Modest house renovations;Structual house changes;Flood insurance;Sandbags;Waterproofing walls & floors;Green garden;Rain barrel;Water pump;Self-activating wall
1,a930,-4,-56000.0,"{'rain_damage': 10, 'river_damage': 11}",56000,Personal improvements;Modest house renovations;Structual house changes;Flood insurance;Sandbags;Waterproofing walls & floors;Green garden;Water pump;Self-activating wall,Personal improvements;Modest house renovations;Structual house changes;Flood insurance;Sandbags;Waterproofing walls & floors;Green garden;Water pump;Self-activating wall
1,a931,-12,-80000.0,"{'rain_damage': 10, 'river_damage': 11}",80000,Personal improvements;Modest house renovations;Structual house changes;Flood insurance;Sandbags,Personal improvements;Modest house renovations;Structual house changes;Flood insurance;Sandbags
1,a932,-8,-64000.0,"{'rain_damage': 10, 'river_damage': 11}",68000,Personal improvements;Modest house renovations;Structual house changes;Flood insurance;Sandbags;Waterproofing walls & floors;Water pump,Personal improvements;Modest house renovations;Structual house changes;Flood insurance;Sandbags;Waterproofing walls & floors;Water pump
1,a933,-14,-82000.0,"{'rain_damage': 10, 'river_damage': 11}",84000,Personal improvements;Modest house renovations;Flood insurance,Personal improvements;Modest house renovations;Flood insurance
1,a934,-6,-62000.0,"{'rain_damage': 10, 'river_damage': 11}",64000,Personal improvements;Modest house renovations;Structual house changes;Flood insurance;Sandbags;Waterproofing walls & floors;Green garden;Water pump,Personal improvements;Modest house renovations;Structual house changes;Flood insurance;Sandbags;Waterproofing walls & floors;Green garden;Water pump
1,a935,-9,-72000.0,"{'rain_damage': 10, 'river_damage': 11}",72000,Personal improvements;Modest house renovations;Structual house changes;Flood insurance;Waterproofing walls & floors;Sandbags,Personal improvements;Modest house renovations;Structual house changes;Flood insurance;Waterproofing walls & floors;Sandbags
1,a936,-12,-75000.0,"{'rain_damage': 10, 'river_damage': 11}",80000,Personal improvements;Modest house renovations;Structual house changes;Flood insurance;Sandbags,Personal improvements;Modest house renovations;Structual house changes;Flood insurance;Sandbags
1,a937,-6,-57000.0,"{'rain_damage': 10, 'river_damage': 11}",64000,Personal improvements;Modest house renovations;Structual house changes;Flood insurance;Sandbags;Waterproofing walls & floors;Green garden;Water pump,Personal improvements;Modest house renovations;Structual house changes;Flood insurance;Sandbags;Waterproofing walls & floors;Green garden;Water pump
1,a938,-2,-42000.0,"{'rain_damage': 10, 'river_damage': 11}",52000,Personal improvements;Modest house renovations;Structual house changes;Flood insurance;Water pump;Sandbags;Waterproofing walls & floors;Green garden;Rain barrel;Self-activating wall,Personal improvements;Modest house renovations;Structual house changes;Flood insurance;Water pump;Sandbags;Waterproofing walls & floors;Green garden;Rain barrel;Self-activating wall
1,a939,-11,-75000.0,"{'rain_damage': 10, 'river_damage': 11}",76000,Personal improvements;Modest house renovations;Structual house changes;Flood insurance;Sandbags;Water pump,Personal improvements;Modest house renovations;Structual house changes;Flood insurance;Sandbags;Water pump
1,a940,-4,-53000.0,"{'rain_damage': 10, 'river_damage': 11}",60000,Personal improvements;Modest house renovations;Structual house changes;Flood insurance;Sandbags;Waterproofing walls & floors;Green garden;Rain barrel;Water pump,Personal improvements;Modest house renovations;Structual house changes;Flood insurance;Sandbags;Waterproofing walls & floors;Green garden;Rain barrel;Water pump
1,a941,-5,-61000.0,"{'rain_damage': 10, 'river_damage': 11}",64000,Personal improvements;Modest house renovations;Structual house changes;Flood insurance;Sandbags;Waterproofing walls & floors;Green garden;Rain barrel,Personal improvements;Modest house renovations;Structual house changes;Flood insurance;Sandbags;Waterproofing walls & floors;Green garden;Rain barrel
1,a942,-9,-67000.0,"{'rain_damage': 10, 'river_damage': 11}",72000,Personal improvements;Modest house renovations;Structual house changes;Flood insurance;Waterproofing walls & floors;Sandbags,Personal improvements;Modest house renovations;Structual house changes;Flood insurance;Waterproofing walls & floors;Sandbags
1,a943,-13,-79000.0,"{'rain_damage': 10, 'river_damage': 11}",80000,Personal improvements;Modest house renovations;Structual house changes;Sandbags,Personal improvements;Modest house renovations;Structual house changes;Sandbags
1,a944,-2,-37000.0,"{'rain_damage': 10, 'river_damage': 11}",52000,Personal improvements;Modest house renovations;Structual house changes;Flood insurance;Water pump;Sandbags;Waterproofing walls & floors;Green garden;Rain barrel;Self-activating wall,Personal improvements;Modest house renovations;Structual house changes;Flood insurance;Water pump;Sandbags;Waterproofing walls & floors;Green garden;Rain barrel;Self-activating wall
1,a945,-13,-78000.0,"{'rain_damage': 10, 'river_damage': 11}",80000,Personal improvements;Modest house renovations;Flood insurance;Sandbags,Personal improvements;Modest house renovations;Flood insurance;Sandbags
1,a946,-14,-82000.0,"{'rain_damage': 10, 'river_damage': 11}",84000,Personal improvements;Modest house renovations;Flood insurance,Personal improvements;Modest house renovations;Flood insurance
1,a947,-7,-65000.0,"{'rain_damage': 10, 'river_damage': 11}",68000,Personal improvements;Modest house renovations;Structual house changes;Flood insurance;Sandbags;Waterproofing walls & floors;Green garden,Personal improvements;Modest house renovations;Structual house changes;Flood insurance;Sandbags;Waterproofing walls & floors;Green garden
1,a948,-12,-80000.0,"{'rain_damage': 10, 'river_damage': 11}",80000,Personal improvements;Modest house renovations;Structual house changes;Flood insurance;Sandbags,Personal improvements;Modest house renovations;Structual house changes;Flood insurance;Sandbags
1,a949,-9,-72000.0,"{'rain_damage': 10, 'river_damage': 11}",72000,Personal improvements;Modest house renovations;Structual house changes;Flood insurance;Waterproofing walls & floors;Sandbags,Personal improvements;Modest house renovations;Structual house changes;Flood insurance;Waterproofing walls & floors;Sandbags
1,a950,-2,-52000.0,"{'rain_damage': 10, 'river_damage': 11}",52000,Personal improvements;Modest house renovations;Structual house changes;Flood insurance;Sandbags;Waterproofing walls & floors;Green garden;Rain barrel;Water pump;Self-activating wall,Personal improvements;Modest house renovations;Structual house changes;Flood insurance;Sandbags;Waterproofing walls & floors;Green garden;Rain barrel;Water pump;Self-activating wall
1,a951,-12,-80000.0,"{'rain_damage': 10, 'river_damage': 11}",80000,Personal improvements;Modest house renovations;Structual house changes;Flood insurance;Sandbags,Personal improvements;Modest house renovations;Structual house changes;Flood insurance;Sandbags
1,a952,-12,-75000.0,"{'rain_damage': 10, 'river_damage': 11}",80000,Personal improvements;Modest house renovations;Structual house changes;Flood insurance;Sandbags,Personal improvements;Modest house renovations;Structual house changes;Flood insurance;Sandbags
1,a953,-4,-58000.0,"{'rain_damage': 10, 'river_damage': 11}",60000,Personal improvements;Modest house renovations;Structual house changes;Flood insurance;Sandbags;Waterproofing walls & floors;Green garden;Rain barrel;Water pump,Personal improvements;Modest house renovations;Structual house changes;Flood insurance;Sandbags;Waterproofing walls & floors;Green garden;Rain barrel;Water pump
1,a954,-13,-78000.0,"{'rain_damage': 10, 'river_damage': 11}",80000,Personal improvements;Modest house renovations;Flood insurance;Sandbags,Personal improvements;Modest house renovations;Flood insurance;Sandbags
1,a955,-12,-75000.0,"{'rain_damage': 10, 'river_damage': 11}",80000,Personal improvements;Modest house renovations;Structual house changes;Flood insurance;Sandbags,Personal improvements;Modest house renovations;Structual house changes;Flood insurance;Sandbags
1,a956,-13,-79000.0,"{'rain_damage': 10, 'river_damage': 11}",80000,Personal improvements;Modest house renovations;Structual house changes;Sandbags,Personal improvements;Modest house renovations;Structual house changes;Sandbags
1,a957,-13,-79000.0,"{'rain_damage': 10, 'river_damage': 11}",80000,Personal improvements;Modest house renovations;Structual house changes;Sandbags,Personal improvements;Modest house renovations;Structual house changes;Sandbags
1,a958,-14,-84000.0,"{'rain_damage': 10, 'river_damage': 11}",84000,Personal improvements;Modest house renovations;Flood insurance,Personal improvements;Modest house renovations;Flood insurance
1,a959,-5,-61000.0,"{'rain_damage': 10, 'river_damage': 11}",64000,Personal improvements;Modest house renovations;Structual house changes;Flood insurance;Sandbags;Waterproofing walls & floors;Green garden;Rain barrel,Personal improvements;Modest house renovations;Structual house changes;Flood insurance;Sandbags;Waterproofing walls & floors;Green garden;Rain barrel
1,a960,-6,-62000.0,"{'rain_damage': 10, 'river_damage': 11}",64000,Personal improvements;Modest house renovations;Structual house changes;Flood insurance;Sandbags;Waterproofing walls & floors;Green garden;Water pump,Personal improvements;Modest house renovations;Structual house changes;Flood insurance;Sandbags;Waterproofing walls & floors;Green garden;Water pump
1,a961,-8,-64000.0,"{'rain_damage': 10, 'river_damage': 11}",68000,Personal improvements;Modest house renovations;Structual house changes;Flood insurance;Sandbags;Waterproofing walls & floors;Water pump,Personal improvements;Modest house renovations;Structual house changes;Flood insurance;Sandbags;Waterproofing walls & floors;Water pump
1,a962,-13,-78000.0,"{'rain_damage': 10, 'river_damage': 11}",80000,Personal improvements;Modest house renovations;Flood insurance;Sandbags,Personal improvements;Modest house renovations;Flood insurance;Sandbags
1,a963,-6,-62000.0,"{'rain_damage': 10, 'river_damage': 11}",64000,Personal improvements;Modest house renovations;Structual house changes;Flood insurance;Sandbags;Waterproofing walls & floors;Green garden;Water pump,Personal improvements;Modest house renovations;Structual house changes;Flood insurance;Sandbags;Waterproofing walls & floors;Green garden;Water pump
1,a964,-14,-82000.0,"{'rain_damage': 10, 'river_damage': 11}",84000,Personal improvements;Modest house renovations;Flood insurance,Personal improvements;Modest house renovations;Flood insurance
1,a965,-2,-42000.0,"{'rain_damage': 10, 'river_damage': 11}",52000,Personal improvements;Modest house renovations;Structual house changes;Flood insurance;Water pump;Sandbags;Waterproofing walls & floors;Green garden;Rain barrel;Self-activating wall,Personal improvements;Modest house renovations;Structual house changes;Flood insurance;Water pump;Sandbags;Waterproofing walls & floors;Green garden;Rain barrel;Self-activating wall
1,a966,-8,-64000.0,"{'rain_damage': 10, 'river_damage': 11}",68000,Personal improvements;Modest house renovations;Structual house changes;Flood insurance;Sandbags;Waterproofing walls & floors;Water pump,Personal improvements;Modest house renovations;Structual house changes;Flood insurance;Sandbags;Waterproofing walls & floors;Water pump
1,a967,-4,-56000.0,"{'rain_damage': 10, 'river_damage': 11}",56000,Personal improvements;Modest house renovations;Structual house changes;Flood insurance;Sandbags;Waterproofing walls & floors;Green garden;Water pump;Self-activating wall,Personal improvements;Modest house renovations;Structual house changes;Flood insurance;Sandbags;Waterproofing walls & floors;Green garden;Water pump;Self-activating wall
1,a968,-2,-37000.0,"{'rain_damage': 10, 'river_damage': 11}",52000,Personal improvements;Modest house renovations;Structual house changes;Flood insurance;Water pump;Sandbags;Waterproofing walls & floors;Green garden;Rain barrel;Self-activating wall,Personal improvements;Modest house renovations;Structual house changes;Flood insurance;Water pump;Sandbags;Waterproofing walls & floors;Green garden;Rain barrel;Self-activating wall
1,a969,-8,-64000.0,"{'rain_damage': 10, 'river_damage': 11}",68000,Personal improvements;Modest house renovations;Structual house changes;Flood insurance;Sandbags;Waterproofing walls & floors;Water pump,Personal improvements;Modest house renovations;Structual house changes;Flood insurance;Sandbags;Waterproofing walls & floors;Water pump
1,a970,-9,-67000.0,"{'rain_damage': 10, 'river_damage': 11}",72000,Personal improvements;Modest house renovations;Structual house changes;Flood insurance;Waterproofing walls & floors;Sandbags,Personal improvements;Modest house renovations;Structual house changes;Flood insurance;Waterproofing walls & floors;Sandbags
1,a971,-11,-79000.0,"{'rain_damage': 10, 'river_damage': 11}",80000,Personal improvements;Modest house renovations;Structual house changes;Flood insurance;Green garden,Personal improvements;Modest house renovations;Structual house changes;Flood insurance;Green garden
1,a972,-7,-65000.0,"{'rain_damage': 10, 'river_damage': 11}",68000,Personal improvements;Modest house renovations;Structual house changes;Flood insurance;Sandbags;Waterproofing walls & floors;Green garden,Personal improvements;Modest house renovations;Structual house changes;Flood insurance;Sandbags;Waterproofing walls & floors;Green garden
1,a973,-2,-42000.0,"{'rain_damage': 10, 'river_damage': 11}",52000,Personal improvements;Modest house renovations;Structual house changes;Flood insurance;Water pump;Sandbags;Waterproofing walls & floors;Green garden;Rain barrel;Self-activating wall,Personal improvements;Modest house renovations;Structual house changes;Flood insurance;Water pump;Sandbags;Waterproofing walls & floors;Green garden;Rain barrel;Self-activating wall
1,a974,-14,-84000.0,"{'rain_damage': 10, 'river_damage': 11}",84000,Personal improvements;Modest house renovations;Flood insurance,Personal improvements;Modest house renovations;Flood insurance
1,a975,-14,-84000.0,"{'rain_damage': 10, 'river_damage': 11}",84000,Personal improvements;Modest house renovations;Flood insurance,Personal improvements;Modest house renovations;Flood insurance
1,a976,-4,-58000.0,"{'rain_damage': 10, 'river_damage': 11}",60000,Personal improvements;Modest house renovations;Structual house changes;Flood insurance;Sandbags;Waterproofing walls & floors;Green garden;Rain barrel;Water pump,Personal improvements;Modest house renovations;Structual house changes;Flood insurance;Sandbags;Waterproofing walls & floors;Green garden;Rain barrel;Water pump
1,a977,-12,-75000.0,"{'rain_damage': 10, 'river_damage': 11}",80000,Personal improvements;Modest house renovations;Structual house changes;Flood insurance;Sandbags,Personal improvements;Modest house renovations;Structual house changes;Flood insurance;Sandbags
1,a978,-14,-83000.0,"{'rain_damage': 10, 'river_damage': 11}",84000,Personal improvements;Modest house renovations;Structual house changes,Personal improvements;Modest house renovations;Structual house changes
1,a979,-12,-75000.0,"{'rain_damage': 10, 'river_damage': 11}",80000,Personal improvements;Modest house renovations;Structual house changes;Flood insurance;Sandbags,Personal improvements;Modest house renovations;Structual house changes;Flood insurance;Sandbags
1,a980,-12,-80000.0,"{'rain_damage': 10, 'river_damage': 11}",80000,Personal improvements;Modest house renovations;Structual house changes;Flood insurance;Sandbags,Personal improvements;Modest house renovations;Structual house changes;Flood insurance;Sandbags
1,a981,-12,-75000.0,"{'rain_damage': 10, 'river_damage': 11}",80000,Personal improvements;Modest house renovations;Structual house changes;Flood insurance;Sandbags,Personal improvements;Modest house renovations;Structual house changes;Flood insurance;Sandbags
1,a982,-4,-56000.0,"{'rain_damage': 10, 'river_damage': 11}",56000,Personal improvements;Modest house renovations;Structual house changes;Flood insurance;Sandbags;Waterproofing walls & floors;Green garden;Water pump;Self-activating wall,Personal improvements;Modest house renovations;Structual house changes;Flood insurance;Sandbags;Waterproofing walls & floors;Green garden;Water pump;Self-activating wall
1,a983,-12,-80000.0,"{'rain_damage': 10, 'river_damage': 11}",80000,Personal improvements;Modest house renovations;Structual house changes;Flood insurance;Sandbags,Personal improvements;Modest house renovations;Structual house changes;Flood insurance;Sandbags
1,a984,-11,-79000.0,"{'rain_damage': 10, 'river_damage': 11}",80000,Personal improvements;Modest house renovations;Structual house changes;Flood insurance;Green garden,Personal improvements;Modest house renovations;Structual house changes;Flood insurance;Green garden
1,a985,-12,-80000.0,"{'rain_damage': 10, 'river_damage': 11}",80000,Personal improvements;Modest house renovations;Structual house changes;Flood insurance;Sandbags,Personal improvements;Modest house renovations;Structual house changes;Flood insurance;Sandbags
1,a986,-10,-73000.0,"{'rain_damage': 10, 'river_damage': 11}",76000,Personal improvements;Modest house renovations;Structual house changes;Flood insurance;Green garden;Sandbags,Personal improvements;Modest house renovations;Structual house changes;Flood insurance;Green garden;Sandbags
1,a987,-13,-78000.0,"{'rain_damage': 10, 'river_damage': 11}",80000,Personal improvements;Modest house renovations;Flood insurance;Sandbags,Personal improvements;Modest house renovations;Flood insurance;Sandbags
1,a988,-6,-62000.0,"{'rain_damage': 10, 'river_damage': 11}",64000,Personal improvements;Modest house renovations;Structual house changes;Flood insurance;Sandbags;Waterproofing walls & floors;Green garden;Water pump,Personal improvements;Modest house renovations;Structual house changes;Flood insurance;Sandbags;Waterproofing walls & floors;Green garden;Water pump
1,a989,-6,-57000.0,"{'rain_damage': 10, 'river_damage': 11}",64000,Personal improvements;Modest house renovations;Structual house changes;Flood insurance;Sandbags;Waterproofing walls & floors;Green garden;Water pump,Personal improvements;Modest house renovations;Structual house changes;Flood insurance;Sandbags;Waterproofing walls & floors;Green garden;Water pump
1,a990,-5,-61000.0,"{'rain_damage': 10, 'river_damage': 11}",64000,Personal improvements;Modest house renovations;Structual house changes;Flood insurance;Sandbags;Waterproofing walls & floors;Green garden;Rain barrel,Personal improvements;Modest house renovations;Structual house changes;Flood insurance;Sandbags;Waterproofing walls & floors;Green garden;Rain barrel
1,a991,-14,-84000.0,"{'rain_damage': 10, 'river_damage': 11}",84000,Personal improvements;Modest house renovations;Flood insurance,Personal improvements;Modest house renovations;Flood insurance
1,a992,-12,-75000.0,"{'rain_damage': 10, 'river_damage': 11}",80000,Personal improvements;Modest house renovations;Structual house changes;Flood insurance;Sandbags,Personal improvements;Modest house renovations;Structual house changes;Flood insurance;Sandbags
1,a993,-4,-58000.0,"{'rain_damage': 10, 'river_damage': 11}",60000,Personal improvements;Modest house renovations;Structual house changes;Flood insurance;Sandbags;Waterproofing walls & floors;Green garden;Rain barrel;Water pump,Personal improvements;Modest house renovations;Structual house changes;Flood insurance;Sandbags;Waterproofing walls & floors;Green garden;Rain barrel;Water pump
1,a994,-7,-65000.0,"{'rain_damage': 10, 'river_damage': 11}",68000,Personal improvements;Modest house renovations;Structual house changes;Flood insurance;Sandbags;Waterproofing walls & floors;Green garden,Personal improvements;Modest house renovations;Structual house changes;Flood insurance;Sandbags;Waterproofing walls & floors;Green garden
1,a995,-9,-72000.0,"{'rain_damage': 10, 'river_damage': 11}",72000,Personal improvements;Modest house renovations;Structual house changes;Flood insurance;Waterproofing walls & floors;Sandbags,Personal improvements;Modest house renovations;Structual house changes;Flood insurance;Waterproofing walls & floors;Sandbags
1,a996,-12,-78000.0,"{'rain_damage': 10, 'river_damage': 11}",80000,Personal improvements;Modest house renovations;Structual house changes;Flood insurance;Sandbags,Personal improvements;Modest house renovations;Structual house changes;Flood insurance;Sandbags
1,a997,-12,-75000.0,"{'rain_damage': 10, 'river_damage': 11}",80000,Personal improvements;Modest house renovations;Structual house changes;Flood insurance;Sandbags,Personal improvements;Modest house renovations;Structual house changes;Flood insurance;Sandbags
1,a998,-4,-58000.0,"{'rain_damage': 10, 'river_damage': 11}",60000,Personal improvements;Modest house renovations;Structual house changes;Flood insurance;Sandbags;Waterproofing walls & floors;Green garden;Rain barrel;Water pump,Personal improvements;Modest house renovations;Structual house changes;Flood insurance;Sandbags;Waterproofing walls & floors;Green garden;Rain barrel;Water pump
1,a999,-11,-79000.0,"{'rain_damage': 10, 'river_damage': 11}",80000,Personal improvements;Modest house renovations;Structual house changes;Flood insurance;Green garden,Personal improvements;Modest house renovations;Structual house changes;Flood insurance;Green garden
1,a1000,-13,-79000.0,"{'rain_damage': 10, 'river_damage': 11}",80000,Personal improvements;Modest house renovations;Structual house changes;Sandbags,Personal improvements;Modest house renovations;Structual house changes;Sandbags
2,a1,-27,-91000.0,"{'rain_damage': 5, 'river_damage': 9}",52000,,Personal improvements;Modest house renovations;Structual house changes;Sandbags
2,a2,-24,-73000.0,"{'rain_damage': 5, 'river_damage': 9}",48000,,Personal improvements;Modest house renovations;Structual house changes;Flood insurance;Sandbags;Water pump
2,a3,-26,-77000.0,"{'rain_damage': 5, 'river_damage': 9}",52000,,Personal improvements;Modest house renovations;Structual house changes;Flood insurance;Sandbags
2,a4,-18,-55000.0,"{'rain_damage': 5, 'river_damage': 9}",40000,,Personal improvements;Modest house renovations;Structual house changes;Flood insurance;Sandbags;Waterproofing walls & floors;Green garden
2,a5,-29,-110000.0,"{'rain_damage': 5, 'river_damage': 9}",56000,,Personal improvements;Modest house renovations;Flood insurance
2,a6,-26,-102000.0,"{'rain_damage': 5, 'river_damage': 9}",52000,,Personal improvements;Modest house renovations;Structual house changes;Flood insurance;Sandbags
2,a7,-23,-76000.0,"{'rain_damage': 5, 'river_damage': 9}",48000,,Personal improvements;Modest house renovations;Structual house changes;Flood insurance;Green garden;Sandbags
2,a8,-9,-41000.0,"{'rain_damage': 5, 'river_damage': 9}",24000,,Personal improvements;Modest house renovations;Structual house changes;Flood insurance;Sandbags;Waterproofing walls & floors;Green garden;Rain barrel;Water pump;Self-activating wall
2,a9,-18,-55000.0,"{'rain_damage': 5, 'river_damage': 9}",40000,,Personal improvements;Modest house renovations;Structual house changes;Flood insurance;Sandbags;Waterproofing walls & floors;Green garden
2,a10,-26,-102000.0,"{'rain_damage': 5, 'river_damage': 9}",52000,,Personal improvements;Modest house renovations;Structual house changes;Flood insurance;Sandbags
2,a11,-28,-100000.0,"{'rain_damage': 5, 'river_damage': 9}",56000,,Personal improvements;Modest house renovations;Structual house changes;Flood insurance
2,a12,-9,-41000.0,"{'rain_damage': 5, 'river_damage': 9}",24000,,Personal improvements;Modest house renovations;Structual house changes;Flood insurance;Sandbags;Waterproofing walls & floors;Green garden;Rain barrel;Water pump;Self-activating wall
2,a13,-18,-35000.0,"{'rain_damage': 5, 'river_damage': 9}",40000,Flood insurance,Personal improvements;Modest house renovations;Structual house changes;Flood insurance;Sandbags;Waterproofing walls & floors;Water pump;Flood insurance
2,a14,-21,-81000.0,"{'rain_damage': 5, 'river_damage': 9}",44000,,Personal improvements;Modest house renovations;Structual house changes;Flood insurance;Waterproofing walls & floors;Sandbags
2,a15,-13,-55000.0,"{'rain_damage': 5, 'river_damage': 9}",32000,,Personal improvements;Modest house renovations;Structual house changes;Flood insurance;Sandbags;Waterproofing walls & floors;Green garden;Rain barrel;Water pump
2,a16,-17,-39000.0,"{'rain_damage': 5, 'river_damage': 9}",40000,Flood insurance,Personal improvements;Modest house renovations;Structual house changes;Flood insurance;Sandbags;Waterproofing walls & floors;Green garden;Flood insurance
2,a17,-26,-92000.0,"{'rain_damage': 5, 'river_damage': 9}",52000,,Personal improvements;Modest house renovations;Structual house changes;Flood insurance;Sandbags
2,a18,-12,-21000.0,"{'rain_damage': 5, 'river_damage': 9}",32000,Flood insurance,Personal improvements;Modest house renovations;Structual house changes;Flood insurance;Sandbags;Waterproofing walls & floors;Green garden;Rain barrel;Water pump;Flood insurance
2,a19,-28,-100000.0,"{'rain_damage': 5, 'river_damage': 9}",56000,,Personal improvements;Modest house renovations;Structual house changes;Flood insurance
2,a20,-13,-55000.0,"{'rain_damage': 5, 'river_damage': 9}",32000,,Personal improvements;Modest house renovations;Structual house changes;Flood insurance;Sandbags;Waterproofing walls & floors;Green garden;Rain barrel;Water pump
2,a21,-18,-75000.0,"{'rain_damage': 5, 'river_damage': 9}",40000,,Personal improvements;Modest house renovations;Structual house changes;Flood insurance;Sandbags;Waterproofing walls & floors;Green garden
2,a22,-25,-91000.0,"{'rain_damage': 5, 'river_damage': 9}",52000,,Personal improvements;Modest house renovations;Structual house changes;Flood insurance;Green garden
2,a23,-26,-87000.0,"{'rain_damage': 5, 'river_damage': 9}",52000,,Personal improvements;Modest house renovations;Structual house changes;Flood insurance;Sandbags
2,a24,-13,-55000.0,"{'rain_damage': 5, 'river_damage': 9}",32000,,Personal improvements;Modest house renovations;Structual house changes;Flood insurance;Sandbags;Waterproofing walls & floors;Green garden;Rain barrel;Water pump
2,a25,-23,-76000.0,"{'rain_damage': 5, 'river_damage': 9}",48000,,Personal improvements;Modest house renovations;Structual house changes;Flood insurance;Green garden;Sandbags
2,a26,-26,-87000.0,"{'rain_damage': 5, 'river_damage': 9}",52000,,Personal improvements;Modest house renovations;Structual house changes;Flood insurance;Sandbags
2,a27,-5,-3000.0,"{'rain_damage': 5, 'river_damage': 9}",24000,Personal improvements;Modest house renovations;Structual house changes;Flood insurance,Personal improvements;Modest house renovations;Structual house changes;Flood insurance;Water pump;Self-activating wall;Sandbags;Waterproofing walls & floors;Green garden;Rain barrel;Personal improvements;Modest house renovations;Structual house changes;Flood insurance
2,a28,-17,-36000.0,"{'rain_damage': 5, 'river_damage': 9}",40000,Flood insurance,Personal improvements;Modest house renovations;Structual house changes;Flood insurance;Sandbags;Waterproofing walls & floors;Green garden;Flood insurance
2,a29,-26,-77000.0,"{'rain_damage': 5, 'river_damage': 9}",52000,,Personal improvements;Modest house renovations;Structual house changes;Flood insurance;Sandbags
2,a30,-27,-91000.0,"{'rain_damage': 5, 'river_damage': 9}",52000,,Personal improvements;Modest house renovations;Structual house changes;Sandbags
2,a31,-18,-75000.0,"{'rain_damage': 5, 'river_damage': 9}",40000,,Personal improvements;Modest house renovations;Structual house changes;Flood insurance;Sandbags;Waterproofing walls & floors;Green garden
2,a32,-5,-3000.0,"{'rain_damage': 5, 'river_damage': 9}",24000,Personal improvements;Modest house renovations;Structual house changes;Flood insurance,Personal improvements;Modest house renovations;Structual house changes;Flood insurance;Water pump;Self-activating wall;Sandbags;Waterproofing walls & floors;Green garden;Rain barrel;Personal improvements;Modest house renovations;Structual house changes;Flood insurance
2,a33,-18,-75000.0,"{'rain_damage': 5, 'river_damage': 9}",40000,,Personal improvements;Modest house renovations;Structual house changes;Flood insurance;Sandbags;Waterproofing walls & floors;Green garden
2,a34,-21,-66000.0,"{'rain_damage': 5, 'river_damage': 9}",44000,,Personal improvements;Modest house renovations;Structual house changes;Flood insurance;Waterproofing walls & floors;Sandbags
2,a35,-6,-21000.0,"{'rain_damage': 5, 'river_damage': 9}",24000,Personal improvements;Modest house renovations;Flood insurance,Personal improvements;Modest house renovations;Structual house changes;Flood insurance;Water pump;Sandbags;Waterproofing walls & floors;Green garden;Rain barrel;Self-activating wall;Personal improvements;Modest house renovations;Flood insurance
2,a36,-9,-41000.0,"{'rain_damage': 5, 'river_damage': 9}",24000,,Personal improvements;Modest house renovations;Structual house changes;Flood insurance;Sandbags;Waterproofing walls & floors;Green garden;Rain barrel;Water pump;Self-activating wall
2,a37,-9,-41000.0,"{'rain_damage': 5, 'river_damage': 9}",24000,,Personal improvements;Modest house renovations;Structual house changes;Flood insurance;Sandbags;Waterproofing walls & floors;Green garden;Rain barrel;Water pump;Self-activating wall
2,a38,-9,-41000.0,"{'rain_damage': 5, 'river_damage': 9}",24000,,Personal improvements;Modest house renovations;Structual house changes;Flood insurance;Sandbags;Waterproofing walls & floors;Green garden;Rain barrel;Water pump;Self-activating wall
2,a39,-23,-91000.0,"{'rain_damage': 5, 'river_damage': 9}",48000,,Personal improvements;Modest house renovations;Structual house changes;Flood insurance;Green garden;Sandbags
2,a40,-21,-66000.0,"{'rain_damage': 5, 'river_damage': 9}",44000,,Personal improvements;Modest house renovations;Structual house changes;Flood insurance;Waterproofing walls & floors;Sandbags
2,a41,-9,-31000.0,"{'rain_damage': 5, 'river_damage': 9}",24000,,Personal improvements;Modest house renovations;Structual house changes;Flood insurance;Water pump;Sandbags;Waterproofing walls & floors;Green garden;Rain barrel;Self-activating wall
2,a42,-26,-92000.0,"{'rain_damage': 5, 'river_damage': 9}",52000,,Personal improvements;Modest house renovations;Structual house changes;Flood insurance;Sandbags
2,a43,-26,-85000.0,"{'rain_damage': 5, 'river_damage': 9}",52000,,Personal improvements;Modest house renovations;Structual house changes;Flood insurance;Sandbags
2,a44,-21,-71000.0,"{'rain_damage': 5, 'river_damage': 9}",44000,,Personal improvements;Modest house renovations;Structual house changes;Flood insurance;Waterproofing walls & floors;Sandbags
2,a45,-27,-100000.0,"{'rain_damage': 5, 'river_damage': 9}",52000,,Personal improvements;Modest house renovations;Flood insurance;Sandbags
2,a46,-29,-110000.0,"{'rain_damage': 5, 'river_damage': 9}",56000,,Personal improvements;Modest house renovations;Flood insurance
2,a47,-19,-59000.0,"{'rain_damage': 5, 'river_damage': 9}",40000,,Personal improvements;Modest house renovations;Structual house changes;Flood insurance;Sandbags;Waterproofing walls & floors;Water pump
2,a48,-21,-71000.0,"{'rain_damage': 5, 'river_damage': 9}",44000,,Personal improvements;Modest house renovations;Structual house changes;Flood insurance;Waterproofing walls & floors;Sandbags
2,a49,-9,-31000.0,"{'rain_damage': 5, 'river_damage': 9}",24000,,Personal improvements;Modest house renovations;Structual house changes;Flood insurance;Water pump;Sandbags;Waterproofing walls & floors;Green garden;Rain barrel;Self-activating wall
2,a50,-14,-36000.0,"{'rain_damage': 5, 'river_damage': 9}",36000,Flood insurance;Personal improvements,Personal improvements;Modest house renovations;Structual house changes;Flood insurance;Sandbags;Waterproofing walls & floors;Green garden;Water pump;Flood insurance;Personal improvements
2,a51,-29,-110000.0,"{'rain_damage': 5, 'river_damage': 9}",56000,,Personal improvements;Modest house renovations;Flood insurance
2,a52,-15,-47000.0,"{'rain_damage': 5, 'river_damage': 9}",36000,,Personal improvements;Modest house renovations;Structual house changes;Flood insurance;Sandbags;Waterproofing walls & floors;Green garden;Rain barrel
2,a53,-28,-100000.0,"{'rain_damage': 5, 'river_damage': 9}",56000,,Personal improvements;Modest house renovations;Structual house changes;Flood insurance
2,a54,-8,-17000.0,"{'rain_damage': 5, 'river_damage': 9}",24000,Flood insurance,Personal improvements;Modest house renovations;Structual house changes;Flood insurance;Water pump;Sandbags;Waterproofing walls & floors;Green garden;Rain barrel;Self-activating wall;Flood insurance
2,a55,-29,-110000.0,"{'rain_damage': 5, 'river_damage': 9}",56000,,Personal improvements;Modest house renovations;Flood insurance
2,a56,-9,-31000.0,"{'rain_damage': 5, 'river_damage': 9}",24000,,Personal improvements;Modest house renovations;Structual house changes;Flood insurance;Water pump;Sandbags;Waterproofing walls & floors;Green garden;Rain barrel;Self-activating wall
2,a57,-27,-91000.0,"{'rain_damage': 5, 'river_damage': 9}",52000,,Personal improvements;Modest house renovations;Structual house changes;Sandbags
2,a58,-15,-47000.0,"{'rain_damage': 5, 'river_damage': 9}",36000,,Personal improvements;Modest house renovations;Structual house changes;Flood insurance;Sandbags;Waterproofing walls & floors;Green garden;Rain barrel
2,a59,-6,-21000.0,"{'rain_damage': 5, 'river_damage': 9}",24000,Personal improvements;Modest house renovations;Flood insurance,Personal improvements;Modest house renovations;Structual house changes;Flood insurance;Water pump;Sandbags;Waterproofing walls & floors;Green garden;Rain barrel;Self-activating wall;Personal improvements;Modest house renovations;Flood insurance
2,a60,-8,-17000.0,"{'rain_damage': 5, 'river_damage': 9}",24000,Flood insurance,Personal improvements;Modest house renovations;Structual house changes;Flood insurance;Water pump;Sandbags;Waterproofing walls & floors;Green garden;Rain barrel;Self-activating wall;Flood insurance
2,a61,-26,-85000.0,"{'rain_damage': 5, 'river_damage': 9}",52000,,Personal improvements;Modest house renovations;Structual house changes;Flood insurance;Sandbags
2,a62,-26,-77000.0,"{'rain_damage': 5, 'river_damage': 9}",52000,,Personal improvements;Modest house renovations;Structual house changes;Flood insurance;Sandbags
2,a63,-26,-77000.0,"{'rain_damage': 5, 'river_damage': 9}",52000,,Personal improvements;Modest house renovations;Structual house changes;Flood insurance;Sandbags
2,a64,-27,-95000.0,"{'rain_damage': 5, 'river_damage': 9}",52000,,Personal improvements;Modest house renovations;Flood insurance;Sandbags
2,a65,-26,-102000.0,"{'rain_damage': 5, 'river_damage': 9}",52000,,Personal improvements;Modest house renovations;Structual house changes;Flood insurance;Sandbags
2,a66,-9,-21000.0,"{'rain_damage': 5, 'river_damage': 9}",24000,,Personal improvements;Modest house renovations;Structual house changes;Flood insurance;Water pump;Sandbags;Waterproofing walls & floors;Green garden;Rain barrel;Self-activating wall
2,a67,-17,-39000.0,"{'rain_damage': 5, 'river_damage': 9}",40000,Flood insurance,Personal improvements;Modest house renovations;Structual house changes;Flood insurance;Sandbags;Waterproofing walls & floors;Green garden;Flood insurance
2,a68,-8,-17000.0,"{'rain_damage': 5, 'river_damage': 9}",24000,Flood insurance,Personal improvements;Modest house renovations;Structual house changes;Flood insurance;Water pump;Sandbags;Waterproofing walls & floors;Green garden;Rain barrel;Self-activating wall;Flood insurance
2,a69,-27,-96000.0,"{'rain_damage': 5, 'river_damage': 9}",52000,,Personal improvements;Modest house renovations;Structual house changes;Sandbags
2,a70,-21,-66000.0,"{'rain_damage': 5, 'river_damage': 9}",44000,,Personal improvements;Modest house renovations;Structual house changes;Flood insurance;Waterproofing walls & floors;Sandbags
2,a71,-12,-39000.0,"{'rain_damage': 5, 'river_damage': 9}",28000,,Personal improvements;Modest house renovations;Structual house changes;Flood insurance;Sandbags;Waterproofing walls & floors;Green garden;Water pump;Self-activating wall
2,a72,-26,-92000.0,"{'rain_damage': 5, 'river_damage': 9}",52000,,Personal improvements;Modest house renovations;Structual house changes;Flood insurance;Sandbags
2,a73,-16,-63000.0,"{'rain_damage': 5, 'river_damage': 9}",36000,,Personal improvements;Modest house renovations;Structual house changes;Flood insurance;Sandbags;Waterproofing walls & floors;Green garden;Water pump
2,a74,-29,-110000.0,"{'rain_damage': 5, 'river_damage': 9}",56000,,Personal improvements;Modest house renovations;Flood insurance
2,a75,-27,-95000.0,"{'rain_damage': 5, 'river_damage': 9}",52000,,Personal improvements;Modest house renovations;Flood insurance;Sandbags
2,a76,-16,-63000.0,"{'rain_damage': 5, 'river_damage': 9}",36000,,Personal improvements;Modest house renovations;Structual house changes;Flood insurance;Sandbags;Waterproofing walls & floors;Green garden;Water pump
2,a77,-9,-31000.0,"{'rain_damage': 5, 'river_damage': 9}",24000,,Personal improvements;Modest house renovations;Structual house changes;Flood insurance;Water pump;Sandbags;Waterproofing walls & floors;Green garden;Rain barrel;Self-activating wall
2,a78,-16,-63000.0,"{'rain_damage': 5, 'river_damage': 9}",36000,,Personal improvements;Modest house renovations;Structual house changes;Flood insurance;Sandbags;Waterproofing walls & floors;Green garden;Water pump
2,a79,-17,-36000.0,"{'rain_damage': 5, 'river_damage': 9}",40000,Flood insurance,Personal improvements;Modest house renovations;Structual house changes;Flood insurance;Sandbags;Waterproofing walls & floors;Green garden;Flood insurance
2,a80,-24,-73000.0,"{'rain_damage': 5, 'river_damage': 9}",48000,,Personal improvements;Modest house renovations;Structual house changes;Flood insurance;Sandbags;Water pump
2,a81,-26,-92000.0,"{'rain_damage': 5, 'river_damage': 9}",52000,,Personal improvements;Modest house renovations;Structual house changes;Flood insurance;Sandbags
2,a82,-29,-104000.0,"{'rain_damage': 5, 'river_damage': 9}",56000,,Personal improvements;Modest house renovations;Structual house changes
2,a83,-29,-108000.0,"{'rain_damage': 5, 'river_damage': 9}",56000,,Personal improvements;Modest house renovations;Flood insurance
2,a84,-12,-21000.0,"{'rain_damage': 5, 'river_damage': 9}",32000,Flood insurance,Personal improvements;Modest house renovations;Structual house changes;Flood insurance;Sandbags;Waterproofing walls & floors;Green garden;Rain barrel;Water pump;Flood insurance
2,a85,-27,-95000.0,"{'rain_damage': 5, 'river_damage': 9}",52000,,Personal improvements;Modest house renovations;Flood insurance;Sandbags
2,a86,-21,-81000.0,"{'rain_damage': 5, 'river_damage': 9}",44000,,Personal improvements;Modest house renovations;Structual house changes;Flood insurance;Waterproofing walls & floors;Sandbags
2,a87,-27,-100000.0,"{'rain_damage': 5, 'river_damage': 9}",52000,,Personal improvements;Modest house renovations;Flood insurance;Sandbags
2,a88,-27,-91000.0,"{'rain_damage': 5, 'river_damage': 9}",52000,,Personal improvements;Modest house renovations;Structual house changes;Sandbags
2,a89,-26,-92000.0,"{'rain_damage': 5, 'river_damage': 9}",52000,,Personal improvements;Modest house renovations;Structual house changes;Flood insurance;Sandbags
2,a90,-26,-82000.0,"{'rain_damage': 5, 'river_damage': 9}",52000,,Personal improvements;Modest house renovations;Structual house changes;Flood insurance;Sandbags
2,a91,-15,-47000.0,"{'rain_damage': 5, 'river_damage': 9}",36000,,Personal improvements;Modest house renovations;Structual house changes;Flood insurance;Sandbags;Waterproofing walls & floors;Green garden;Rain barrel
2,a92,-16,-53000.0,"{'rain_damage': 5, 'river_damage': 9}",36000,,Personal improvements;Modest house renovations;Structual house changes;Flood insurance;Sandbags;Waterproofing walls & floors;Green garden;Water pump
2,a93,-27,-91000.0,"{'rain_damage': 5, 'river_damage': 9}",52000,,Personal improvements;Modest house renovations;Structual house changes;Sandbags
2,a94,-24,-73000.0,"{'rain_damage': 5, 'river_damage': 9}",48000,,Personal improvements;Modest house renovations;Structual house changes;Flood insurance;Sandbags;Water pump
2,a95,-26,-92000.0,"{'rain_damage': 5, 'river_damage': 9}",52000,,Personal improvements;Modest house renovations;Structual house changes;Flood insurance;Sandbags
2,a96,-18,-55000.0,"{'rain_damage': 5, 'river_damage': 9}",40000,,Personal improvements;Modest house renovations;Structual house changes;Flood insurance;Sandbags;Waterproofing walls & floors;Green garden
2,a97,-18,-55000.0,"{'rain_damage': 5, 'river_damage': 9}",40000,,Personal improvements;Modest house renovations;Structual house changes;Flood insurance;Sandbags;Waterproofing walls & floors;Green garden
2,a98,-9,-31000.0,"{'rain_damage': 5, 'river_damage': 9}",24000,,Personal improvements;Modest house renovations;Structual house changes;Flood insurance;Water pump;Sandbags;Waterproofing walls & floors;Green garden;Rain barrel;Self-activating wall
2,a99,-21,-71000.0,"{'rain_damage': 5, 'river_damage': 9}",44000,,Personal improvements;Modest house renovations;Structual house changes;Flood insurance;Waterproofing walls & floors;Sandbags
2,a100,-16,-63000.0,"{'rain_damage': 5, 'river_damage': 9}",36000,,Personal improvements;Modest house renovations;Structual house changes;Flood insurance;Sandbags;Waterproofing walls & floors;Green garden;Water pump
2,a101,-27,-95000.0,"{'rain_damage': 5, 'river_damage': 9}",52000,,Personal improvements;Modest house renovations;Flood insurance;Sandbags
2,a102,-21,-71000.0,"{'rain_damage': 5, 'river_damage': 9}",44000,,Personal improvements;Modest house renovations;Structual house changes;Flood insurance;Waterproofing walls & floors;Sandbags
2,a103,-18,-55000.0,"{'rain_damage': 5, 'river_damage': 9}",40000,,Personal improvements;Modest house renovations;Structual house changes;Flood insurance;Sandbags;Waterproofing walls & floors;Green garden
2,a104,-8,-17000.0,"{'rain_damage': 5, 'river_damage': 9}",24000,Flood insurance,Personal improvements;Modest house renovations;Structual house changes;Flood insurance;Water pump;Sandbags;Waterproofing walls & floors;Green garden;Rain barrel;Self-activating wall;Flood insurance
2,a105,-21,-71000.0,"{'rain_damage': 5, 'river_damage': 9}",44000,,Personal improvements;Modest house renovations;Structual house changes;Flood insurance;Waterproofing walls & floors;Sandbags
2,a106,-23,-76000.0,"{'rain_damage': 5, 'river_damage': 9}",48000,,Personal improvements;Modest house renovations;Structual house changes;Flood insurance;Green garden;Sandbags
2,a107,-26,-77000.0,"{'rain_damage': 5, 'river_damage': 9}",52000,,Personal improvements;Modest house renovations;Structual house changes;Flood insurance;Sandbags
2,a108,-25,-81000.0,"{'rain_damage': 5, 'river_damage': 9}",52000,,Personal improvements;Modest house renovations;Structual house changes;Flood insurance;Green garden
2,a109,-12,-39000.0,"{'rain_damage': 5, 'river_damage': 9}",28000,,Personal improvements;Modest house renovations;Structual house changes;Flood insurance;Sandbags;Waterproofing walls & floors;Green garden;Water pump;Self-activating wall
2,a110,-12,-39000.0,"{'rain_damage': 5, 'river_damage': 9}",28000,,Personal improvements;Modest house renovations;Structual house changes;Flood insurance;Sandbags;Waterproofing walls & floors;Green garden;Water pump;Self-activating wall
2,a111,-27,-91000.0,"{'rain_damage': 5, 'river_damage': 9}",52000,,Personal improvements;Modest house renovations;Structual house changes;Sandbags
2,a112,-15,-47000.0,"{'rain_damage': 5, 'river_damage': 9}",36000,,Personal improvements;Modest house renovations;Structual house changes;Flood insurance;Sandbags;Waterproofing walls & floors;Green garden;Rain barrel
2,a113,-28,-100000.0,"{'rain_damage': 5, 'river_damage': 9}",56000,,Personal improvements;Modest house renovations;Structual house changes;Flood insurance
2,a114,-17,-36000.0,"{'rain_damage': 5, 'river_damage': 9}",40000,Flood insurance,Personal improvements;Modest house renovations;Structual house changes;Flood insurance;Sandbags;Waterproofing walls & floors;Green garden;Flood insurance
2,a115,-9,-21000.0,"{'rain_damage': 5, 'river_damage': 9}",24000,,Personal improvements;Modest house renovations;Structual house changes;Flood insurance;Water pump;Sandbags;Waterproofing walls & floors;Green garden;Rain barrel;Self-activating wall
2,a116,-15,-47000.0,"{'rain_damage': 5, 'river_damage': 9}",36000,,Personal improvements;Modest house renovations;Structual house changes;Flood insurance;Sandbags;Waterproofing walls & floors;Green garden;Rain barrel
2,a117,-17,-36000.0,"{'rain_damage': 5, 'river_damage': 9}",40000,Flood insurance,Personal improvements;Modest house renovations;Structual house changes;Flood insurance;Sandbags;Waterproofing walls & floors;Green garden;Flood insurance
2,a118,-28,-100000.0,"{'rain_damage': 5, 'river_damage': 9}",56000,,Personal improvements;Modest house renovations;Structual house changes;Flood insurance
2,a119,-9,-21000.0,"{'rain_damage': 5, 'river_damage': 9}",24000,,Personal improvements;Modest house renovations;Structual house changes;Flood insurance;Water pump;Sandbags;Waterproofing walls & floors;Green garden;Rain barrel;Self-activating wall
2,a120,-26,-92000.0,"{'rain_damage': 5, 'river_damage': 9}",52000,,Personal improvements;Modest house renovations;Structual house changes;Flood insurance;Sandbags
2,a121,-29,-108000.0,"{'rain_damage': 5, 'river_damage': 9}",56000,,Personal improvements;Modest house renovations;Flood insurance
2,a122,-29,-104000.0,"{'rain_damage': 5, 'river_damage': 9}",56000,,Personal improvements;Modest house renovations;Structual house changes
2,a123,-27,-96000.0,"{'rain_damage': 5, 'river_damage': 9}",52000,,Personal improvements;Modest house renovations;Structual house changes;Sandbags
2,a124,-21,-66000.0,"{'rain_damage': 5, 'river_damage': 9}",44000,,Personal improvements;Modest house renovations;Structual house changes;Flood insurance;Waterproofing walls & floors;Sandbags
2,a125,-26,-87000.0,"{'rain_damage': 5, 'river_damage': 9}",52000,,Personal improvements;Modest house renovations;Structual house changes;Flood insurance;Sandbags
2,a126,-26,-92000.0,"{'rain_damage': 5, 'river_damage': 9}",52000,,Personal improvements;Modest house renovations;Structual house changes;Flood insurance;Sandbags
2,a127,-25,-91000.0,"{'rain_damage': 5, 'river_damage': 9}",52000,,Personal improvements;Modest house renovations;Structual house changes;Flood insurance;Green garden
2,a128,-19,-59000.0,"{'rain_damage': 5, 'river_damage': 9}",40000,,Personal improvements;Modest house renovations;Structual house changes;Flood insurance;Sandbags;Waterproofing walls & floors;Water pump
2,a129,-9,-41000.0,"{'rain_damage': 5, 'river_damage': 9}",24000,,Personal improvements;Modest house renovations;Structual house changes;Flood insurance;Sandbags;Waterproofing walls & floors;Green garden;Rain barrel;Water pump;Self-activating wall
2,a130,-17,-39000.0,"{'rain_damage': 5, 'river_damage': 9}",40000,Flood insurance,Personal improvements;Modest house renovations;Structual house changes;Flood insurance;Sandbags;Waterproofing walls & floors;Green garden;Flood insurance
2,a131,-6,-21000.0,"{'rain_damage': 5, 'river_damage': 9}",24000,Personal improvements;Modest house renovations;Flood insurance,Personal improvements;Modest house renovations;Structual house changes;Flood insurance;Water pump;Sandbags;Waterproofing walls & floors;Green garden;Rain barrel;Self-activating wall;Personal improvements;Modest house renovations;Flood insurance
2,a132,-18,-55000.0,"{'rain_damage': 5, 'river_damage': 9}",40000,,Personal improvements;Modest house renovations;Structual house changes;Flood insurance;Sandbags;Waterproofing walls & floors;Green garden
2,a133,-21,-71000.0,"{'rain_damage': 5, 'river_damage': 9}",44000,,Personal improvements;Modest house renovations;Structual house changes;Flood insurance;Waterproofing walls & floors;Sandbags
2,a134,-27,-100000.0,"{'rain_damage': 5, 'river_damage': 9}",52000,,Personal improvements;Modest house renovations;Flood insurance;Sandbags
2,a135,-12,-39000.0,"{'rain_damage': 5, 'river_damage': 9}",28000,,Personal improvements;Modest house renovations;Structual house changes;Flood insurance;Sandbags;Waterproofing walls & floors;Green garden;Water pump;Self-activating wall
2,a136,-24,-73000.0,"{'rain_damage': 5, 'river_damage': 9}",48000,,Personal improvements;Modest house renovations;Structual house changes;Flood insurance;Sandbags;Water pump
2,a137,-8,-17000.0,"{'rain_damage': 5, 'river_damage': 9}",24000,Flood insurance,Personal improvements;Modest house renovations;Structual house changes;Flood insurance;Water pump;Sandbags;Waterproofing walls & floors;Green garden;Rain barrel;Self-activating wall;Flood insurance
2,a138,-12,-39000.0,"{'rain_damage': 5, 'river_damage': 9}",28000,,Personal improvements;Modest house renovations;Structual house changes;Flood insurance;Sandbags;Waterproofing walls & floors;Green garden;Water pump;Self-activating wall
2,a139,-9,-41000.0,"{'rain_damage': 5, 'river_damage': 9}",24000,,Personal improvements;Modest house renovations;Structual house changes;Flood insurance;Sandbags;Waterproofing walls & floors;Green garden;Rain barrel;Water pump;Self-activating wall
2,a140,-13,-55000.0,"{'rain_damage': 5, 'river_damage': 9}",32000,,Personal improvements;Modest house renovations;Structual house changes;Flood insurance;Sandbags;Waterproofing walls & floors;Green garden;Rain barrel;Water pump
2,a141,-6,-21000.0,"{'rain_damage': 5, 'river_damage': 9}",24000,Personal improvements;Modest house renovations;Flood insurance,Personal improvements;Modest house renovations;Structual house changes;Flood insurance;Water pump;Sandbags;Waterproofing walls & floors;Green garden;Rain barrel;Self-activating wall;Personal improvements;Modest house renovations;Flood insurance
2,a142,-14,-36000.0,"{'rain_damage': 5, 'river_damage': 9}",36000,Flood insurance;Personal improvements,Personal improvements;Modest house renovations;Structual house changes;Flood insurance;Sandbags;Waterproofing walls & floors;Green garden;Water pump;Flood insurance;Personal improvements
2,a143,-16,-63000.0,"{'rain_damage': 5, 'river_damage': 9}",36000,,Personal improvements;Modest house renovations;Structual house changes;Flood insurance;Sandbags;Waterproofing walls & floors;Green garden;Water pump
2,a144,-23,-91000.0,"{'rain_damage': 5, 'river_damage': 9}",48000,,Personal improvements;Modest house renovations;Structual house changes;Flood insurance;Green garden;Sandbags
2,a145,-29,-110000.0,"{'rain_damage': 5, 'river_damage': 9}",56000,,Personal improvements;Modest house renovations;Flood insurance
2,a146,-26,-82000.0,"{'rain_damage': 5, 'river_damage': 9}",52000,,Personal improvements;Modest house renovations;Structual house changes;Flood insurance;Sandbags
2,a147,-18,-55000.0,"{'rain_damage': 5, 'river_damage': 9}",40000,,Personal improvements;Modest house renovations;Structual house changes;Flood insurance;Sandbags;Waterproofing walls & floors;Green garden
2,a148,-15,-47000.0,"{'rain_damage': 5, 'river_damage': 9}",36000,,Personal improvements;Modest house renovations;Structual house changes;Flood insurance;Sandbags;Waterproofing walls & floors;Green garden;Rain barrel
2,a149,-24,-73000.0,"{'rain_damage': 5, 'river_damage': 9}",48000,,Personal improvements;Modest house renovations;Structual house changes;Flood insurance;Sandbags;Water pump
2,a150,-12,-39000.0,"{'rain_damage': 5, 'river_damage': 9}",28000,,Personal improvements;Modest house renovations;Structual house changes;Flood insurance;Sandbags;Waterproofing walls & floors;Green garden;Water pump;Self-activating wall
2,a151,-26,-92000.0,"{'rain_damage': 5, 'river_damage': 9}",52000,,Personal improvements;Modest house renovations;Structual house changes;Flood insurance;Sandbags
2,a152,-26,-82000.0,"{'rain_damage': 5, 'river_damage': 9}",52000,,Personal improvements;Modest house renovations;Structual house changes;Flood insurance;Sandbags
2,a153,-6,-21000.0,"{'rain_damage': 5, 'river_damage': 9}",24000,Personal improvements;Modest house renovations;Flood insurance,Personal improvements;Modest house renovations;Structual house changes;Flood insurance;Water pump;Sandbags;Waterproofing walls & floors;Green garden;Rain barrel;Self-activating wall;Personal improvements;Modest house renovations;Flood insurance
2,a154,-23,-76000.0,"{'rain_damage': 5, 'river_damage': 9}",48000,,Personal improvements;Modest house renovations;Structual house changes;Flood insurance;Green garden;Sandbags
2,a155,-27,-91000.0,"{'rain_damage': 5, 'river_damage': 9}",52000,,Personal improvements;Modest house renovations;Structual house changes;Sandbags
2,a156,-19,-59000.0,"{'rain_damage': 5, 'river_damage': 9}",40000,,Personal improvements;Modest house renovations;Structual house changes;Flood insurance;Sandbags;Waterproofing walls & floors;Water pump
2,a157,-6,-21000.0,"{'rain_damage': 5, 'river_damage': 9}",24000,Personal improvements;Modest house renovations;Flood insurance,Personal improvements;Modest house renovations;Structual house changes;Flood insurance;Water pump;Sandbags;Waterproofing walls & floors;Green garden;Rain barrel;Self-activating wall;Personal improvements;Modest house renovations;Flood insurance
2,a158,-29,-110000.0,"{'rain_damage': 5, 'river_damage': 9}",56000,,Personal improvements;Modest house renovations;Flood insurance
2,a159,-29,-108000.0,"{'rain_damage': 5, 'river_damage': 9}",56000,,Personal improvements;Modest house renovations;Flood insurance
2,a160,-16,-53000.0,"{'rain_damage': 5, 'river_damage': 9}",36000,,Personal improvements;Modest house renovations;Structual house changes;Flood insurance;Sandbags;Waterproofing walls & floors;Green garden;Water pump
2,a161,-12,-39000.0,"{'rain_damage': 5, 'river_damage': 9}",28000,,Personal improvements;Modest house renovations;Structual house changes;Flood insurance;Sandbags;Waterproofing walls & floors;Green garden;Water pump;Self-activating wall
2,a162,-24,-73000.0,"{'rain_damage': 5, 'river_damage': 9}",48000,,Personal improvements;Modest house renovations;Structual house changes;Flood insurance;Sandbags;Water pump
2,a163,-21,-81000.0,"{'rain_damage': 5, 'river_damage': 9}",44000,,Personal improvements;Modest house renovations;Structual house changes;Flood insurance;Waterproofing walls & floors;Sandbags
2,a164,-5,-3000.0,"{'rain_damage': 5, 'river_damage': 9}",24000,Personal improvements;Modest house renovations;Structual house changes;Flood insurance,Personal improvements;Modest house renovations;Structual house changes;Flood insurance;Water pump;Self-activating wall;Sandbags;Waterproofing walls & floors;Green garden;Rain barrel;Personal improvements;Modest house renovations;Structual house changes;Flood insurance
2,a165,-27,-100000.0,"{'rain_damage': 5, 'river_damage': 9}",52000,,Personal improvements;Modest house renovations;Flood insurance;Sandbags
2,a166,-26,-102000.0,"{'rain_damage': 5, 'river_damage': 9}",52000,,Personal improvements;Modest house renovations;Structual house changes;Flood insurance;Sandbags
2,a167,-6,-21000.0,"{'rain_damage': 5, 'river_damage': 9}",24000,Personal improvements;Modest house renovations;Flood insurance,Personal improvements;Modest house renovations;Structual house changes;Flood insurance;Water pump;Sandbags;Waterproofing walls & floors;Green garden;Rain barrel;Self-activating wall;Personal improvements;Modest house renovations;Flood insurance
2,a168,-26,-92000.0,"{'rain_damage': 5, 'river_damage': 9}",52000,,Personal improvements;Modest house renovations;Structual house changes;Flood insurance;Sandbags
2,a169,-13,-55000.0,"{'rain_damage': 5, 'river_damage': 9}",32000,,Personal improvements;Modest house renovations;Structual house changes;Flood insurance;Sandbags;Waterproofing walls & floors;Green garden;Rain barrel;Water pump
2,a170,-27,-96000.0,"{'rain_damage': 5, 'river_damage': 9}",52000,,Personal improvements;Modest house renovations;Structual house changes;Sandbags
2,a171,-23,-76000.0,"{'rain_damage': 5, 'river_damage': 9}",48000,,Personal improvements;Modest house renovations;Structual house changes;Flood insurance;Green garden;Sandbags
2,a172,-13,-55000.0,"{'rain_damage': 5, 'river_damage': 9}",32000,,Personal improvements;Modest house renovations;Structual house changes;Flood insurance;Sandbags;Waterproofing walls & floors;Green garden;Rain barrel;Water pump
2,a173,-16,-53000.0,"{'rain_damage': 5, 'river_damage': 9}",36000,,Personal improvements;Modest house renovations;Structual house changes;Flood insurance;Sandbags;Waterproofing walls & floors;Green garden;Water pump
2,a174,-12,-39000.0,"{'rain_damage': 5, 'river_damage': 9}",28000,,Personal improvements;Modest house renovations;Structual house changes;Flood insurance;Sandbags;Waterproofing walls & floors;Green garden;Water pump;Self-activating wall
2,a175,-26,-92000.0,"{'rain_damage': 5, 'river_damage': 9}",52000,,Personal improvements;Modest house renovations;Structual house changes;Flood insurance;Sandbags
2,a176,-23,-76000.0,"{'rain_damage': 5, 'river_damage': 9}",48000,,Personal improvements;Modest house renovations;Structual house changes;Flood insurance;Green garden;Sandbags
2,a177,-27,-91000.0,"{'rain_damage': 5, 'river_damage': 9}",52000,,Personal improvements;Modest house renovations;Structual house changes;Sandbags
2,a178,-25,-81000.0,"{'rain_damage': 5, 'river_damage': 9}",52000,,Personal improvements;Modest house renovations;Structual house changes;Flood insurance;Green garden
2,a179,-9,-31000.0,"{'rain_damage': 5, 'river_damage': 9}",24000,,Personal improvements;Modest house renovations;Structual house changes;Flood insurance;Water pump;Sandbags;Waterproofing walls & floors;Green garden;Rain barrel;Self-activating wall
2,a180,-9,-41000.0,"{'rain_damage': 5, 'river_damage': 9}",24000,,Personal improvements;Modest house renovations;Structual house changes;Flood insurance;Sandbags;Waterproofing walls & floors;Green garden;Rain barrel;Water pump;Self-activating wall
2,a181,-18,-55000.0,"{'rain_damage': 5, 'river_damage': 9}",40000,,Personal improvements;Modest house renovations;Structual house changes;Flood insurance;Sandbags;Waterproofing walls & floors;Green garden
2,a182,-26,-102000.0,"{'rain_damage': 5, 'river_damage': 9}",52000,,Personal improvements;Modest house renovations;Structual house changes;Flood insurance;Sandbags
2,a183,-26,-87000.0,"{'rain_damage': 5, 'river_damage': 9}",52000,,Personal improvements;Modest house renovations;Structual house changes;Flood insurance;Sandbags
2,a184,-21,-71000.0,"{'rain_damage': 5, 'river_damage': 9}",44000,,Personal improvements;Modest house renovations;Structual house changes;Flood insurance;Waterproofing walls & floors;Sandbags
2,a185,-16,-53000.0,"{'rain_damage': 5, 'river_damage': 9}",36000,,Personal improvements;Modest house renovations;Structual house changes;Flood insurance;Sandbags;Waterproofing walls & floors;Green garden;Water pump
2,a186,-15,-47000.0,"{'rain_damage': 5, 'river_damage': 9}",36000,,Personal improvements;Modest house renovations;Structual house changes;Flood insurance;Sandbags;Waterproofing walls & floors;Green garden;Rain barrel
2,a187,-16,-63000.0,"{'rain_damage': 5, 'river_damage': 9}",36000,,Personal improvements;Modest house renovations;Structual house changes;Flood insurance;Sandbags;Waterproofing walls & floors;Green garden;Water pump
2,a188,-26,-92000.0,"{'rain_damage': 5, 'river_damage': 9}",52000,,Personal improvements;Modest house renovations;Structual house changes;Flood insurance;Sandbags
2,a189,-17,-39000.0,"{'rain_damage': 5, 'river_damage': 9}",40000,Flood insurance,Personal improvements;Modest house renovations;Structual house changes;Flood insurance;Sandbags;Waterproofing walls & floors;Green garden;Flood insurance
2,a190,-25,-91000.0,"{'rain_damage': 5, 'river_damage': 9}",52000,,Personal improvements;Modest house renovations;Structual house changes;Flood insurance;Green garden
2,a191,-21,-81000.0,"{'rain_damage': 5, 'river_damage': 9}",44000,,Personal improvements;Modest house renovations;Structual house changes;Flood insurance;Waterproofing walls & floors;Sandbags
2,a192,-17,-39000.0,"{'rain_damage': 5, 'river_damage': 9}",40000,Flood insurance,Personal improvements;Modest house renovations;Structual house changes;Flood insurance;Sandbags;Waterproofing walls & floors;Green garden;Flood insurance
2,a193,-9,-31000.0,"{'rain_damage': 5, 'river_damage': 9}",24000,,Personal improvements;Modest house renovations;Structual house changes;Flood insurance;Water pump;Sandbags;Waterproofing walls & floors;Green garden;Rain barrel;Self-activating wall
2,a194,-21,-66000.0,"{'rain_damage': 5, 'river_damage': 9}",44000,,Personal improvements;Modest house renovations;Structual house changes;Flood insurance;Waterproofing walls & floors;Sandbags
2,a195,-12,-39000.0,"{'rain_damage': 5, 'river_damage': 9}",28000,,Personal improvements;Modest house renovations;Structual house changes;Flood insurance;Sandbags;Waterproofing walls & floors;Green garden;Water pump;Self-activating wall
2,a196,-21,-66000.0,"{'rain_damage': 5, 'river_damage': 9}",44000,,Personal improvements;Modest house renovations;Structual house changes;Flood insurance;Waterproofing walls & floors;Sandbags
2,a197,-17,-36000.0,"{'rain_damage': 5, 'river_damage': 9}",40000,Flood insurance,Personal improvements;Modest house renovations;Structual house changes;Flood insurance;Sandbags;Waterproofing walls & floors;Green garden;Flood insurance
2,a198,-27,-91000.0,"{'rain_damage': 5, 'river_damage': 9}",52000,,Personal improvements;Modest house renovations;Structual house changes;Sandbags
2,a199,-26,-102000.0,"{'rain_damage': 5, 'river_damage': 9}",52000,,Personal improvements;Modest house renovations;Structual house changes;Flood insurance;Sandbags
2,a200,-29,-108000.0,"{'rain_damage': 5, 'river_damage': 9}",56000,,Personal improvements;Modest house renovations;Flood insurance
2,a201,-18,-35000.0,"{'rain_damage': 5, 'river_damage': 9}",40000,Flood insurance,Personal improvements;Modest house renovations;Structual house changes;Flood insurance;Sandbags;Waterproofing walls & floors;Water pump;Flood insurance
2,a202,-29,-108000.0,"{'rain_damage': 5, 'river_damage': 9}",56000,,Personal improvements;Modest house renovations;Flood insurance
2,a203,-12,-39000.0,"{'rain_damage': 5, 'river_damage': 9}",28000,,Personal improvements;Modest house renovations;Structual house changes;Flood insurance;Sandbags;Waterproofing walls & floors;Green garden;Water pump;Self-activating wall
2,a204,-8,-17000.0,"{'rain_damage': 5, 'river_damage': 9}",24000,Flood insurance,Personal improvements;Modest house renovations;Structual house changes;Flood insurance;Water pump;Sandbags;Waterproofing walls & floors;Green garden;Rain barrel;Self-activating wall;Flood insurance
2,a205,-17,-39000.0,"{'rain_damage': 5, 'river_damage': 9}",40000,Flood insurance,Personal improvements;Modest house renovations;Structual house changes;Flood insurance;Sandbags;Waterproofing walls & floors;Green garden;Flood insurance
2,a206,-26,-82000.0,"{'rain_damage': 5, 'river_damage': 9}",52000,,Personal improvements;Modest house renovations;Structual house changes;Flood insurance;Sandbags
2,a207,-21,-71000.0,"{'rain_damage': 5, 'river_damage': 9}",44000,,Personal improvements;Modest house renovations;Structual house changes;Flood insurance;Waterproofing walls & floors;Sandbags
2,a208,-26,-92000.0,"{'rain_damage': 5, 'river_damage': 9}",52000,,Personal improvements;Modest house renovations;Structual house changes;Flood insurance;Sandbags
2,a209,-26,-82000.0,"{'rain_damage': 5, 'river_damage': 9}",52000,,Personal improvements;Modest house renovations;Structual house changes;Flood insurance;Sandbags
2,a210,-29,-110000.0,"{'rain_damage': 5, 'river_damage': 9}",56000,,Personal improvements;Modest house renovations;Flood insurance
2,a211,-26,-82000.0,"{'rain_damage': 5, 'river_damage': 9}",52000,,Personal improvements;Modest house renovations;Structual house changes;Flood insurance;Sandbags
2,a212,-19,-59000.0,"{'rain_damage': 5, 'river_damage': 9}",40000,,Personal improvements;Modest house renovations;Structual house changes;Flood insurance;Sandbags;Waterproofing walls & floors;Water pump
2,a213,-16,-53000.0,"{'rain_damage': 5, 'river_damage': 9}",36000,,Personal improvements;Modest house renovations;Structual house changes;Flood insurance;Sandbags;Waterproofing walls & floors;Green garden;Water pump
2,a214,-27,-95000.0,"{'rain_damage': 5, 'river_damage': 9}",52000,,Personal improvements;Modest house renovations;Flood insurance;Sandbags
2,a215,-29,-108000.0,"{'rain_damage': 5, 'river_damage': 9}",56000,,Personal improvements;Modest house renovations;Flood insurance
2,a216,-9,-21000.0,"{'rain_damage': 5, 'river_damage': 9}",24000,,Personal improvements;Modest house renovations;Structual house changes;Flood insurance;Water pump;Sandbags;Waterproofing walls & floors;Green garden;Rain barrel;Self-activating wall
2,a217,-23,-76000.0,"{'rain_damage': 5, 'river_damage': 9}",48000,,Personal improvements;Modest house renovations;Structual house changes;Flood insurance;Green garden;Sandbags
2,a218,-12,-39000.0,"{'rain_damage': 5, 'river_damage': 9}",28000,,Personal improvements;Modest house renovations;Structual house changes;Flood insurance;Sandbags;Waterproofing walls & floors;Green garden;Water pump;Self-activating wall
2,a219,-26,-82000.0,"{'rain_damage': 5, 'river_damage': 9}",52000,,Personal improvements;Modest house renovations;Structual house changes;Flood insurance;Sandbags
2,a220,-12,-39000.0,"{'rain_damage': 5, 'river_damage': 9}",28000,,Personal improvements;Modest house renovations;Structual house changes;Flood insurance;Sandbags;Waterproofing walls & floors;Green garden;Water pump;Self-activating wall
2,a221,-25,-81000.0,"{'rain_damage': 5, 'river_damage': 9}",52000,,Personal improvements;Modest house renovations;Structual house changes;Flood insurance;Green garden
2,a222,-17,-36000.0,"{'rain_damage': 5, 'river_damage': 9}",40000,Flood insurance,Personal improvements;Modest house renovations;Structual house changes;Flood insurance;Sandbags;Waterproofing walls & floors;Green garden;Flood insurance
2,a223,-27,-91000.0,"{'rain_damage': 5, 'river_damage': 9}",52000,,Personal improvements;Modest house renovations;Structual house changes;Sandbags
2,a224,-6,-21000.0,"{'rain_damage': 5, 'river_damage': 9}",24000,Personal improvements;Modest house renovations;Flood insurance,Personal improvements;Modest house renovations;Structual house changes;Flood insurance;Water pump;Sandbags;Waterproofing walls & floors;Green garden;Rain barrel;Self-activating wall;Personal improvements;Modest house renovations;Flood insurance
2,a225,-25,-81000.0,"{'rain_damage': 5, 'river_damage': 9}",52000,,Personal improvements;Modest house renovations;Structual house changes;Flood insurance;Green garden
2,a226,-29,-108000.0,"{'rain_damage': 5, 'river_damage': 9}",56000,,Personal improvements;Modest house renovations;Flood insurance
2,a227,-6,-21000.0,"{'rain_damage': 5, 'river_damage': 9}",24000,Personal improvements;Modest house renovations;Flood insurance,Personal improvements;Modest house renovations;Structual house changes;Flood insurance;Water pump;Sandbags;Waterproofing walls & floors;Green garden;Rain barrel;Self-activating wall;Personal improvements;Modest house renovations;Flood insurance
2,a228,-18,-35000.0,"{'rain_damage': 5, 'river_damage': 9}",40000,Flood insurance,Personal improvements;Modest house renovations;Structual house changes;Flood insurance;Sandbags;Waterproofing walls & floors;Water pump;Flood insurance
2,a229,-26,-87000.0,"{'rain_damage': 5, 'river_damage': 9}",52000,,Personal improvements;Modest house renovations;Structual house changes;Flood insurance;Sandbags
2,a230,-29,-104000.0,"{'rain_damage': 5, 'river_damage': 9}",56000,,Personal improvements;Modest house renovations;Structual house changes
2,a231,-27,-91000.0,"{'rain_damage': 5, 'river_damage': 9}",52000,,Personal improvements;Modest house renovations;Structual house changes;Sandbags
2,a232,-9,-31000.0,"{'rain_damage': 5, 'river_damage': 9}",24000,,Personal improvements;Modest house renovations;Structual house changes;Flood insurance;Water pump;Sandbags;Waterproofing walls & floors;Green garden;Rain barrel;Self-activating wall
2,a233,-18,-35000.0,"{'rain_damage': 5, 'river_damage': 9}",40000,Flood insurance,Personal improvements;Modest house renovations;Structual house changes;Flood insurance;Sandbags;Waterproofing walls & floors;Water pump;Flood insurance
2,a234,-24,-73000.0,"{'rain_damage': 5, 'river_damage': 9}",48000,,Personal improvements;Modest house renovations;Structual house changes;Flood insurance;Sandbags;Water pump
2,a235,-5,-3000.0,"{'rain_damage': 5, 'river_damage': 9}",24000,Personal improvements;Modest house renovations;Structual house changes;Flood insurance,Personal improvements;Modest house renovations;Structual house changes;Flood insurance;Water pump;Self-activating wall;Sandbags;Waterproofing walls & floors;Green garden;Rain barrel;Personal improvements;Modest house renovations;Structual house changes;Flood insurance
2,a236,-21,-81000.0,"{'rain_damage': 5, 'river_damage': 9}",44000,,Personal improvements;Modest house renovations;Structual house changes;Flood insurance;Waterproofing walls & floors;Sandbags
2,a237,-25,-91000.0,"{'rain_damage': 5, 'river_damage': 9}",52000,,Personal improvements;Modest house renovations;Structual house changes;Flood insurance;Green garden
2,a238,-27,-95000.0,"{'rain_damage': 5, 'river_damage': 9}",52000,,Personal improvements;Modest house renovations;Flood insurance;Sandbags
2,a239,-26,-92000.0,"{'rain_damage': 5, 'river_damage': 9}",52000,,Personal improvements;Modest house renovations;Structual house changes;Flood insurance;Sandbags
2,a240,-9,-31000.0,"{'rain_damage': 5, 'river_damage': 9}",24000,,Personal improvements;Modest house renovations;Structual house changes;Flood insurance;Water pump;Sandbags;Waterproofing walls & floors;Green garden;Rain barrel;Self-activating wall
2,a241,-26,-92000.0,"{'rain_damage': 5, 'river_damage': 9}",52000,,Personal improvements;Modest house renovations;Structual house changes;Flood insurance;Sandbags
2,a242,-16,-63000.0,"{'rain_damage': 5, 'river_damage': 9}",36000,,Personal improvements;Modest house renovations;Structual house changes;Flood insurance;Sandbags;Waterproofing walls & floors;Green garden;Water pump
2,a243,-29,-104000.0,"{'rain_damage': 5, 'river_damage': 9}",56000,,Personal improvements;Modest house renovations;Structual house changes
2,a244,-13,-55000.0,"{'rain_damage': 5, 'river_damage': 9}",32000,,Personal improvements;Modest house renovations;Structual house changes;Flood insurance;Sandbags;Waterproofing walls & floors;Green garden;Rain barrel;Water pump
2,a245,-25,-91000.0,"{'rain_damage': 5, 'river_damage': 9}",52000,,Personal improvements;Modest house renovations;Structual house changes;Flood insurance;Green garden
2,a246,-27,-95000.0,"{'rain_damage': 5, 'river_damage': 9}",52000,,Personal improvements;Modest house renovations;Flood insurance;Sandbags
2,a247,-21,-71000.0,"{'rain_damage': 5, 'river_damage': 9}",44000,,Personal improvements;Modest house renovations;Structual house changes;Flood insurance;Waterproofing walls & floors;Sandbags
2,a248,-27,-96000.0,"{'rain_damage': 5, 'river_damage': 9}",52000,,Personal improvements;Modest house renovations;Structual house changes;Sandbags
2,a249,-26,-102000.0,"{'rain_damage': 5, 'river_damage': 9}",52000,,Personal improvements;Modest house renovations;Structual house changes;Flood insurance;Sandbags
2,a250,-18,-55000.0,"{'rain_damage': 5, 'river_damage': 9}",40000,,Personal improvements;Modest house renovations;Structual house changes;Flood insurance;Sandbags;Waterproofing walls & floors;Green garden
2,a251,-18,-35000.0,"{'rain_damage': 5, 'river_damage': 9}",40000,Flood insurance,Personal improvements;Modest house renovations;Structual house changes;Flood insurance;Sandbags;Waterproofing walls & floors;Water pump;Flood insurance
2,a252,-17,-36000.0,"{'rain_damage': 5, 'river_damage': 9}",40000,Flood insurance,Personal improvements;Modest house renovations;Structual house changes;Flood insurance;Sandbags;Waterproofing walls & floors;Green garden;Flood insurance
2,a253,-21,-81000.0,"{'rain_damage': 5, 'river_damage': 9}",44000,,Personal improvements;Modest house renovations;Structual house changes;Flood insurance;Waterproofing walls & floors;Sandbags
2,a254,-23,-91000.0,"{'rain_damage': 5, 'river_damage': 9}",48000,,Personal improvements;Modest house renovations;Structual house changes;Flood insurance;Green garden;Sandbags
2,a255,-9,-21000.0,"{'rain_damage': 5, 'river_damage': 9}",24000,,Personal improvements;Modest house renovations;Structual house changes;Flood insurance;Water pump;Sandbags;Waterproofing walls & floors;Green garden;Rain barrel;Self-activating wall
2,a256,-16,-63000.0,"{'rain_damage': 5, 'river_damage': 9}",36000,,Personal improvements;Modest house renovations;Structual house changes;Flood insurance;Sandbags;Waterproofing walls & floors;Green garden;Water pump
2,a257,-27,-100000.0,"{'rain_damage': 5, 'river_damage': 9}",52000,,Personal improvements;Modest house renovations;Flood insurance;Sandbags
2,a258,-9,-31000.0,"{'rain_damage': 5, 'river_damage': 9}",24000,,Personal improvements;Modest house renovations;Structual house changes;Flood insurance;Water pump;Sandbags;Waterproofing walls & floors;Green garden;Rain barrel;Self-activating wall
2,a259,-9,-31000.0,"{'rain_damage': 5, 'river_damage': 9}",24000,,Personal improvements;Modest house renovations;Structual house changes;Flood insurance;Water pump;Sandbags;Waterproofing walls & floors;Green garden;Rain barrel;Self-activating wall
2,a260,-26,-87000.0,"{'rain_damage': 5, 'river_damage': 9}",52000,,Personal improvements;Modest house renovations;Structual house changes;Flood insurance;Sandbags
2,a261,-17,-36000.0,"{'rain_damage': 5, 'river_damage': 9}",40000,Flood insurance,Personal improvements;Modest house renovations;Structual house changes;Flood insurance;Sandbags;Waterproofing walls & floors;Green garden;Flood insurance
2,a262,-25,-91000.0,"{'rain_damage': 5, 'river_damage': 9}",52000,,Personal improvements;Modest house renovations;Structual house changes;Flood insurance;Green garden
2,a263,-18,-75000.0,"{'rain_damage': 5, 'river_damage': 9}",40000,,Personal improvements;Modest house renovations;Structual house changes;Flood insurance;Sandbags;Waterproofing walls & floors;Green garden
2,a264,-26,-102000.0,"{'rain_damage': 5, 'river_damage': 9}",52000,,Personal improvements;Modest house renovations;Structual house changes;Flood insurance;Sandbags
2,a265,-13,-55000.0,"{'rain_damage': 5, 'river_damage': 9}",32000,,Personal improvements;Modest house renovations;Structual house changes;Flood insurance;Sandbags;Waterproofing walls & floors;Green garden;Rain barrel;Water pump
2,a266,-29,-108000.0,"{'rain_damage': 5, 'river_damage': 9}",56000,,Personal improvements;Modest house renovations;Flood insurance
2,a267,-21,-71000.0,"{'rain_damage': 5, 'river_damage': 9}",44000,,Personal improvements;Modest house renovations;Structual house changes;Flood insurance;Waterproofing walls & floors;Sandbags
2,a268,-26,-92000.0,"{'rain_damage': 5, 'river_damage': 9}",52000,,Personal improvements;Modest house renovations;Structual house changes;Flood insurance;Sandbags
2,a269,-16,-63000.0,"{'rain_damage': 5, 'river_damage': 9}",36000,,Personal improvements;Modest house renovations;Structual house changes;Flood insurance;Sandbags;Waterproofing walls & floors;Green garden;Water pump
2,a270,-19,-59000.0,"{'rain_damage': 5, 'river_damage': 9}",40000,,Personal improvements;Modest house renovations;Structual house changes;Flood insurance;Sandbags;Waterproofing walls & floors;Water pump
2,a271,-16,-63000.0,"{'rain_damage': 5, 'river_damage': 9}",36000,,Personal improvements;Modest house renovations;Structual house changes;Flood insurance;Sandbags;Waterproofing walls & floors;Green garden;Water pump
2,a272,-9,-21000.0,"{'rain_damage': 5, 'river_damage': 9}",24000,,Personal improvements;Modest house renovations;Structual house changes;Flood insurance;Water pump;Sandbags;Waterproofing walls & floors;Green garden;Rain barrel;Self-activating wall
2,a273,-18,-55000.0,"{'rain_damage': 5, 'river_damage': 9}",40000,,Personal improvements;Modest house renovations;Structual house changes;Flood insurance;Sandbags;Waterproofing walls & floors;Green garden
2,a274,-26,-102000.0,"{'rain_damage': 5, 'river_damage': 9}",52000,,Personal improvements;Modest house renovations;Structual house changes;Flood insurance;Sandbags
2,a275,-26,-77000.0,"{'rain_damage': 5, 'river_damage': 9}",52000,,Personal improvements;Modest house renovations;Structual house changes;Flood insurance;Sandbags
2,a276,-12,-21000.0,"{'rain_damage': 5, 'river_damage': 9}",32000,Flood insurance,Personal improvements;Modest house renovations;Structual house changes;Flood insurance;Sandbags;Waterproofing walls & floors;Green garden;Rain barrel;Water pump;Flood insurance
2,a277,-29,-110000.0,"{'rain_damage': 5, 'river_damage': 9}",56000,,Personal improvements;Modest house renovations;Flood insurance
2,a278,-21,-66000.0,"{'rain_damage': 5, 'river_damage': 9}",44000,,Personal improvements;Modest house renovations;Structual house changes;Flood insurance;Waterproofing walls & floors;Sandbags
2,a279,-21,-71000.0,"{'rain_damage': 5, 'river_damage': 9}",44000,,Personal improvements;Modest house renovations;Structual house changes;Flood insurance;Waterproofing walls & floors;Sandbags
2,a280,-6,-21000.0,"{'rain_damage': 5, 'river_damage': 9}",24000,Personal improvements;Modest house renovations;Flood insurance,Personal improvements;Modest house renovations;Structual house changes;Flood insurance;Water pump;Sandbags;Waterproofing walls & floors;Green garden;Rain barrel;Self-activating wall;Personal improvements;Modest house renovations;Flood insurance
2,a281,-12,-21000.0,"{'rain_damage': 5, 'river_damage': 9}",32000,Flood insurance,Personal improvements;Modest house renovations;Structual house changes;Flood insurance;Sandbags;Waterproofing walls & floors;Green garden;Rain barrel;Water pump;Flood insurance
2,a282,-23,-76000.0,"{'rain_damage': 5, 'river_damage': 9}",48000,,Personal improvements;Modest house renovations;Structual house changes;Flood insurance;Green garden;Sandbags
2,a283,-17,-39000.0,"{'rain_damage': 5, 'river_damage': 9}",40000,Flood insurance,Personal improvements;Modest house renovations;Structual house changes;Flood insurance;Sandbags;Waterproofing walls & floors;Green garden;Flood insurance
2,a284,-19,-59000.0,"{'rain_damage': 5, 'river_damage': 9}",40000,,Personal improvements;Modest house renovations;Structual house changes;Flood insurance;Sandbags;Waterproofing walls & floors;Water pump
2,a285,-15,-47000.0,"{'rain_damage': 5, 'river_damage': 9}",36000,,Personal improvements;Modest house renovations;Structual house changes;Flood insurance;Sandbags;Waterproofing walls & floors;Green garden;Rain barrel
2,a286,-25,-91000.0,"{'rain_damage': 5, 'river_damage': 9}",52000,,Personal improvements;Modest house renovations;Structual house changes;Flood insurance;Green garden
2,a287,-24,-73000.0,"{'rain_damage': 5, 'river_damage': 9}",48000,,Personal improvements;Modest house renovations;Structual house changes;Flood insurance;Sandbags;Water pump
2,a288,-27,-100000.0,"{'rain_damage': 5, 'river_damage': 9}",52000,,Personal improvements;Modest house renovations;Flood insurance;Sandbags
2,a289,-21,-81000.0,"{'rain_damage': 5, 'river_damage': 9}",44000,,Personal improvements;Modest house renovations;Structual house changes;Flood insurance;Waterproofing walls & floors;Sandbags
2,a290,-12,-39000.0,"{'rain_damage': 5, 'river_damage': 9}",28000,,Personal improvements;Modest house renovations;Structual house changes;Flood insurance;Sandbags;Waterproofing walls & floors;Green garden;Water pump;Self-activating wall
2,a291,-21,-81000.0,"{'rain_damage': 5, 'river_damage': 9}",44000,,Personal improvements;Modest house renovations;Structual house changes;Flood insurance;Waterproofing walls & floors;Sandbags
2,a292,-26,-85000.0,"{'rain_damage': 5, 'river_damage': 9}",52000,,Personal improvements;Modest house renovations;Structual house changes;Flood insurance;Sandbags
2,a293,-13,-55000.0,"{'rain_damage': 5, 'river_damage': 9}",32000,,Personal improvements;Modest house renovations;Structual house changes;Flood insurance;Sandbags;Waterproofing walls & floors;Green garden;Rain barrel;Water pump
2,a294,-6,-21000.0,"{'rain_damage': 5, 'river_damage': 9}",24000,Personal improvements;Modest house renovations;Flood insurance,Personal improvements;Modest house renovations;Structual house changes;Flood insurance;Water pump;Sandbags;Waterproofing walls & floors;Green garden;Rain barrel;Self-activating wall;Personal improvements;Modest house renovations;Flood insurance
2,a295,-29,-110000.0,"{'rain_damage': 5, 'river_damage': 9}",56000,,Personal improvements;Modest house renovations;Flood insurance
2,a296,-29,-110000.0,"{'rain_damage': 5, 'river_damage': 9}",56000,,Personal improvements;Modest house renovations;Flood insurance
2,a297,-21,-81000.0,"{'rain_damage': 5, 'river_damage': 9}",44000,,Personal improvements;Modest house renovations;Structual house changes;Flood insurance;Waterproofing walls & floors;Sandbags
2,a298,-18,-75000.0,"{'rain_damage': 5, 'river_damage': 9}",40000,,Personal improvements;Modest house renovations;Structual house changes;Flood insurance;Sandbags;Waterproofing walls & floors;Green garden
2,a299,-24,-73000.0,"{'rain_damage': 5, 'river_damage': 9}",48000,,Personal improvements;Modest house renovations;Structual house changes;Flood insurance;Sandbags;Water pump
2,a300,-9,-21000.0,"{'rain_damage': 5, 'river_damage': 9}",24000,,Personal improvements;Modest house renovations;Structual house changes;Flood insurance;Water pump;Sandbags;Waterproofing walls & floors;Green garden;Rain barrel;Self-activating wall
2,a301,-13,-55000.0,"{'rain_damage': 5, 'river_damage': 9}",32000,,Personal improvements;Modest house renovations;Structual house changes;Flood insurance;Sandbags;Waterproofing walls & floors;Green garden;Rain barrel;Water pump
2,a302,-26,-92000.0,"{'rain_damage': 5, 'river_damage': 9}",52000,,Personal improvements;Modest house renovations;Structual house changes;Flood insurance;Sandbags
2,a303,-29,-108000.0,"{'rain_damage': 5, 'river_damage': 9}",56000,,Personal improvements;Modest house renovations;Flood insurance
2,a304,-27,-96000.0,"{'rain_damage': 5, 'river_damage': 9}",52000,,Personal improvements;Modest house renovations;Structual house changes;Sandbags
2,a305,-26,-92000.0,"{'rain_damage': 5, 'river_damage': 9}",52000,,Personal improvements;Modest house renovations;Structual house changes;Flood insurance;Sandbags
2,a306,-26,-92000.0,"{'rain_damage': 5, 'river_damage': 9}",52000,,Personal improvements;Modest house renovations;Structual house changes;Flood insurance;Sandbags
2,a307,-26,-92000.0,"{'rain_damage': 5, 'river_damage': 9}",52000,,Personal improvements;Modest house renovations;Structual house changes;Flood insurance;Sandbags
2,a308,-29,-104000.0,"{'rain_damage': 5, 'river_damage': 9}",56000,,Personal improvements;Modest house renovations;Structual house changes
2,a309,-12,-21000.0,"{'rain_damage': 5, 'river_damage': 9}",32000,Flood insurance,Personal improvements;Modest house renovations;Structual house changes;Flood insurance;Sandbags;Waterproofing walls & floors;Green garden;Rain barrel;Water pump;Flood insurance
2,a310,-12,-21000.0,"{'rain_damage': 5, 'river_damage': 9}",32000,Flood insurance,Personal improvements;Modest house renovations;Structual house changes;Flood insurance;Sandbags;Waterproofing walls & floors;Green garden;Rain barrel;Water pump;Flood insurance
2,a311,-27,-96000.0,"{'rain_damage': 5, 'river_damage': 9}",52000,,Personal improvements;Modest house renovations;Structual house changes;Sandbags
2,a312,-13,-55000.0,"{'rain_damage': 5, 'river_damage': 9}",32000,,Personal improvements;Modest house renovations;Structual house changes;Flood insurance;Sandbags;Waterproofing walls & floors;Green garden;Rain barrel;Water pump
2,a313,-9,-41000.0,"{'rain_damage': 5, 'river_damage': 9}",24000,,Personal improvements;Modest house renovations;Structual house changes;Flood insurance;Sandbags;Waterproofing walls & floors;Green garden;Rain barrel;Water pump;Self-activating wall
2,a314,-27,-95000.0,"{'rain_damage': 5, 'river_damage': 9}",52000,,Personal improvements;Modest house renovations;Flood insurance;Sandbags
2,a315,-18,-35000.0,"{'rain_damage': 5, 'river_damage': 9}",40000,Flood insurance,Personal improvements;Modest house renovations;Structual house changes;Flood insurance;Sandbags;Waterproofing walls & floors;Water pump;Flood insurance
2,a316,-29,-108000.0,"{'rain_damage': 5, 'river_damage': 9}",56000,,Personal improvements;Modest house renovations;Flood insurance
2,a317,-17,-39000.0,"{'rain_damage': 5, 'river_damage': 9}",40000,Flood insurance,Personal improvements;Modest house renovations;Structual house changes;Flood insurance;Sandbags;Waterproofing walls & floors;Green garden;Flood insurance
2,a318,-17,-39000.0,"{'rain_damage': 5, 'river_damage': 9}",40000,Flood insurance,Personal improvements;Modest house renovations;Structual house changes;Flood insurance;Sandbags;Waterproofing walls & floors;Green garden;Flood insurance
2,a319,-21,-71000.0,"{'rain_damage': 5, 'river_damage': 9}",44000,,Personal improvements;Modest house renovations;Structual house changes;Flood insurance;Waterproofing walls & floors;Sandbags
2,a320,-9,-41000.0,"{'rain_damage': 5, 'river_damage': 9}",24000,,Personal improvements;Modest house renovations;Structual house changes;Flood insurance;Sandbags;Waterproofing walls & floors;Green garden;Rain barrel;Water pump;Self-activating wall
2,a321,-27,-96000.0,"{'rain_damage': 5, 'river_damage': 9}",52000,,Personal improvements;Modest house renovations;Structual house changes;Sandbags
2,a322,-16,-63000.0,"{'rain_damage': 5, 'river_damage': 9}",36000,,Personal improvements;Modest house renovations;Structual house changes;Flood insurance;Sandbags;Waterproofing walls & floors;Green garden;Water pump
2,a323,-17,-39000.0,"{'rain_damage': 5, 'river_damage': 9}",40000,Flood insurance,Personal improvements;Modest house renovations;Structual house changes;Flood insurance;Sandbags;Waterproofing walls & floors;Green garden;Flood insurance
2,a324,-18,-75000.0,"{'rain_damage': 5, 'river_damage': 9}",40000,,Personal improvements;Modest house renovations;Structual house changes;Flood insurance;Sandbags;Waterproofing walls & floors;Green garden
2,a325,-26,-102000.0,"{'rain_damage': 5, 'river_damage': 9}",52000,,Personal improvements;Modest house renovations;Structual house changes;Flood insurance;Sandbags
2,a326,-15,-47000.0,"{'rain_damage': 5, 'river_damage': 9}",36000,,Personal improvements;Modest house renovations;Structual house changes;Flood insurance;Sandbags;Waterproofing walls & floors;Green garden;Rain barrel
2,a327,-15,-47000.0,"{'rain_damage': 5, 'river_damage': 9}",36000,,Personal improvements;Modest house renovations;Structual house changes;Flood insurance;Sandbags;Waterproofing walls & floors;Green garden;Rain barrel
2,a328,-23,-91000.0,"{'rain_damage': 5, 'river_damage': 9}",48000,,Personal improvements;Modest house renovations;Structual house changes;Flood insurance;Green garden;Sandbags
2,a329,-18,-55000.0,"{'rain_damage': 5, 'river_damage': 9}",40000,,Personal improvements;Modest house renovations;Structual house changes;Flood insurance;Sandbags;Waterproofing walls & floors;Green garden
2,a330,-13,-55000.0,"{'rain_damage': 5, 'river_damage': 9}",32000,,Personal improvements;Modest house renovations;Structual house changes;Flood insurance;Sandbags;Waterproofing walls & floors;Green garden;Rain barrel;Water pump
2,a331,-29,-104000.0,"{'rain_damage': 5, 'river_damage': 9}",56000,,Personal improvements;Modest house renovations;Structual house changes
2,a332,-27,-96000.0,"{'rain_damage': 5, 'river_damage': 9}",52000,,Personal improvements;Modest house renovations;Structual house changes;Sandbags
2,a333,-21,-66000.0,"{'rain_damage': 5, 'river_damage': 9}",44000,,Personal improvements;Modest house renovations;Structual house changes;Flood insurance;Waterproofing walls & floors;Sandbags
2,a334,-26,-102000.0,"{'rain_damage': 5, 'river_damage': 9}",52000,,Personal improvements;Modest house renovations;Structual house changes;Flood insurance;Sandbags
2,a335,-12,-21000.0,"{'rain_damage': 5, 'river_damage': 9}",32000,Flood insurance,Personal improvements;Modest house renovations;Structual house changes;Flood insurance;Sandbags;Waterproofing walls & floors;Green garden;Rain barrel;Water pump;Flood insurance
2,a336,-25,-81000.0,"{'rain_damage': 5, 'river_damage': 9}",52000,,Personal improvements;Modest house renovations;Structual house changes;Flood insurance;Green garden
2,a337,-21,-71000.0,"{'rain_damage': 5, 'river_damage': 9}",44000,,Personal improvements;Modest house renovations;Structual house changes;Flood insurance;Waterproofing walls & floors;Sandbags
2,a338,-12,-39000.0,"{'rain_damage': 5, 'river_damage': 9}",28000,,Personal improvements;Modest house renovations;Structual house changes;Flood insurance;Sandbags;Waterproofing walls & floors;Green garden;Water pump;Self-activating wall
2,a339,-23,-76000.0,"{'rain_damage': 5, 'river_damage': 9}",48000,,Personal improvements;Modest house renovations;Structual house changes;Flood insurance;Green garden;Sandbags
2,a340,-26,-77000.0,"{'rain_damage': 5, 'river_damage': 9}",52000,,Personal improvements;Modest house renovations;Structual house changes;Flood insurance;Sandbags
2,a341,-27,-100000.0,"{'rain_damage': 5, 'river_damage': 9}",52000,,Personal improvements;Modest house renovations;Flood insurance;Sandbags
2,a342,-6,-21000.0,"{'rain_damage': 5, 'river_damage': 9}",24000,Personal improvements;Modest house renovations;Flood insurance,Personal improvements;Modest house renovations;Structual house changes;Flood insurance;Water pump;Sandbags;Waterproofing walls & floors;Green garden;Rain barrel;Self-activating wall;Personal improvements;Modest house renovations;Flood insurance
2,a343,-29,-108000.0,"{'rain_damage': 5, 'river_damage': 9}",56000,,Personal improvements;Modest house renovations;Flood insurance
2,a344,-18,-35000.0,"{'rain_damage': 5, 'river_damage': 9}",40000,Flood insurance,Personal improvements;Modest house renovations;Structual house changes;Flood insurance;Sandbags;Waterproofing walls & floors;Water pump;Flood insurance
2,a345,-18,-75000.0,"{'rain_damage': 5, 'river_damage': 9}",40000,,Personal improvements;Modest house renovations;Structual house changes;Flood insurance;Sandbags;Waterproofing walls & floors;Green garden
2,a346,-26,-82000.0,"{'rain_damage': 5, 'river_damage': 9}",52000,,Personal improvements;Modest house renovations;Structual house changes;Flood insurance;Sandbags
2,a347,-26,-92000.0,"{'rain_damage': 5, 'river_damage': 9}",52000,,Personal improvements;Modest house renovations;Structual house changes;Flood insurance;Sandbags
2,a348,-26,-77000.0,"{'rain_damage': 5, 'river_damage': 9}",52000,,Personal improvements;Modest house renovations;Structual house changes;Flood insurance;Sandbags
2,a349,-24,-73000.0,"{'rain_damage': 5, 'river_damage': 9}",48000,,Personal improvements;Modest house renovations;Structual house changes;Flood insurance;Sandbags;Water pump
2,a350,-27,-96000.0,"{'rain_damage': 5, 'river_damage': 9}",52000,,Personal improvements;Modest house renovations;Structual house changes;Sandbags
2,a351,-26,-102000.0,"{'rain_damage': 5, 'river_damage': 9}",52000,,Personal improvements;Modest house renovations;Structual house changes;Flood insurance;Sandbags
2,a352,-21,-81000.0,"{'rain_damage': 5, 'river_damage': 9}",44000,,Personal improvements;Modest house renovations;Structual house changes;Flood insurance;Waterproofing walls & floors;Sandbags
2,a353,-21,-66000.0,"{'rain_damage': 5, 'river_damage': 9}",44000,,Personal improvements;Modest house renovations;Structual house changes;Flood insurance;Waterproofing walls & floors;Sandbags
2,a354,-5,-3000.0,"{'rain_damage': 5, 'river_damage': 9}",24000,Personal improvements;Modest house renovations;Structual house changes;Flood insurance,Personal improvements;Modest house renovations;Structual house changes;Flood insurance;Water pump;Self-activating wall;Sandbags;Waterproofing walls & floors;Green garden;Rain barrel;Personal improvements;Modest house renovations;Structual house changes;Flood insurance
2,a355,-24,-73000.0,"{'rain_damage': 5, 'river_damage': 9}",48000,,Personal improvements;Modest house renovations;Structual house changes;Flood insurance;Sandbags;Water pump
2,a356,-21,-66000.0,"{'rain_damage': 5, 'river_damage': 9}",44000,,Personal improvements;Modest house renovations;Structual house changes;Flood insurance;Waterproofing walls & floors;Sandbags
2,a357,-28,-100000.0,"{'rain_damage': 5, 'river_damage': 9}",56000,,Personal improvements;Modest house renovations;Structual house changes;Flood insurance
2,a358,-26,-92000.0,"{'rain_damage': 5, 'river_damage': 9}",52000,,Personal improvements;Modest house renovations;Structual house changes;Flood insurance;Sandbags
2,a359,-25,-81000.0,"{'rain_damage': 5, 'river_damage': 9}",52000,,Personal improvements;Modest house renovations;Structual house changes;Flood insurance;Green garden
2,a360,-25,-91000.0,"{'rain_damage': 5, 'river_damage': 9}",52000,,Personal improvements;Modest house renovations;Structual house changes;Flood insurance;Green garden
2,a361,-9,-41000.0,"{'rain_damage': 5, 'river_damage': 9}",24000,,Personal improvements;Modest house renovations;Structual house changes;Flood insurance;Sandbags;Waterproofing walls & floors;Green garden;Rain barrel;Water pump;Self-activating wall
2,a362,-21,-66000.0,"{'rain_damage': 5, 'river_damage': 9}",44000,,Personal improvements;Modest house renovations;Structual house changes;Flood insurance;Waterproofing walls & floors;Sandbags
2,a363,-24,-73000.0,"{'rain_damage': 5, 'river_damage': 9}",48000,,Personal improvements;Modest house renovations;Structual house changes;Flood insurance;Sandbags;Water pump
2,a364,-23,-76000.0,"{'rain_damage': 5, 'river_damage': 9}",48000,,Personal improvements;Modest house renovations;Structual house changes;Flood insurance;Green garden;Sandbags
2,a365,-26,-87000.0,"{'rain_damage': 5, 'river_damage': 9}",52000,,Personal improvements;Modest house renovations;Structual house changes;Flood insurance;Sandbags
2,a366,-26,-92000.0,"{'rain_damage': 5, 'river_damage': 9}",52000,,Personal improvements;Modest house renovations;Structual house changes;Flood insurance;Sandbags
2,a367,-8,-17000.0,"{'rain_damage': 5, 'river_damage': 9}",24000,Flood insurance,Personal improvements;Modest house renovations;Structual house changes;Flood insurance;Water pump;Sandbags;Waterproofing walls & floors;Green garden;Rain barrel;Self-activating wall;Flood insurance
2,a368,-26,-92000.0,"{'rain_damage': 5, 'river_damage': 9}",52000,,Personal improvements;Modest house renovations;Structual house changes;Flood insurance;Sandbags
2,a369,-26,-85000.0,"{'rain_damage': 5, 'river_damage': 9}",52000,,Personal improvements;Modest house renovations;Structual house changes;Flood insurance;Sandbags
2,a370,-18,-35000.0,"{'rain_damage': 5, 'river_damage': 9}",40000,Flood insurance,Personal improvements;Modest house renovations;Structual house changes;Flood insurance;Sandbags;Waterproofing walls & floors;Water pump;Flood insurance
2,a371,-21,-81000.0,"{'rain_damage': 5, 'river_damage': 9}",44000,,Personal improvements;Modest house renovations;Structual house changes;Flood insurance;Waterproofing walls & floors;Sandbags
2,a372,-25,-91000.0,"{'rain_damage': 5, 'river_damage': 9}",52000,,Personal improvements;Modest house renovations;Structual house changes;Flood insurance;Green garden
2,a373,-8,-17000.0,"{'rain_damage': 5, 'river_damage': 9}",24000,Flood insurance,Personal improvements;Modest house renovations;Structual house changes;Flood insurance;Water pump;Sandbags;Waterproofing walls & floors;Green garden;Rain barrel;Self-activating wall;Flood insurance
2,a374,-26,-77000.0,"{'rain_damage': 5, 'river_damage': 9}",52000,,Personal improvements;Modest house renovations;Structual house changes;Flood insurance;Sandbags
2,a375,-21,-66000.0,"{'rain_damage': 5, 'river_damage': 9}",44000,,Personal improvements;Modest house renovations;Structual house changes;Flood insurance;Waterproofing walls & floors;Sandbags
2,a376,-19,-59000.0,"{'rain_damage': 5, 'river_damage': 9}",40000,,Personal improvements;Modest house renovations;Structual house changes;Flood insurance;Sandbags;Waterproofing walls & floors;Water pump
2,a377,-26,-92000.0,"{'rain_damage': 5, 'river_damage': 9}",52000,,Personal improvements;Modest house renovations;Structual house changes;Flood insurance;Sandbags
2,a378,-18,-55000.0,"{'rain_damage': 5, 'river_damage': 9}",40000,,Personal improvements;Modest house renovations;Structual house changes;Flood insurance;Sandbags;Waterproofing walls & floors;Green garden
2,a379,-23,-91000.0,"{'rain_damage': 5, 'river_damage': 9}",48000,,Personal improvements;Modest house renovations;Structual house changes;Flood insurance;Green garden;Sandbags
2,a380,-12,-39000.0,"{'rain_damage': 5, 'river_damage': 9}",28000,,Personal improvements;Modest house renovations;Structual house changes;Flood insurance;Sandbags;Waterproofing walls & floors;Green garden;Water pump;Self-activating wall
2,a381,-25,-81000.0,"{'rain_damage': 5, 'river_damage': 9}",52000,,Personal improvements;Modest house renovations;Structual house changes;Flood insurance;Green garden
2,a382,-24,-73000.0,"{'rain_damage': 5, 'river_damage': 9}",48000,,Personal improvements;Modest house renovations;Structual house changes;Flood insurance;Sandbags;Water pump
2,a383,-17,-39000.0,"{'rain_damage': 5, 'river_damage': 9}",40000,Flood insurance,Personal improvements;Modest house renovations;Structual house changes;Flood insurance;Sandbags;Waterproofing walls & floors;Green garden;Flood insurance
2,a384,-17,-36000.0,"{'rain_damage': 5, 'river_damage': 9}",40000,Flood insurance,Personal improvements;Modest house renovations;Structual house changes;Flood insurance;Sandbags;Waterproofing walls & floors;Green garden;Flood insurance
2,a385,-18,-75000.0,"{'rain_damage': 5, 'river_damage': 9}",40000,,Personal improvements;Modest house renovations;Structual house changes;Flood insurance;Sandbags;Waterproofing walls & floors;Green garden
2,a386,-16,-53000.0,"{'rain_damage': 5, 'river_damage': 9}",36000,,Personal improvements;Modest house renovations;Structual house changes;Flood insurance;Sandbags;Waterproofing walls & floors;Green garden;Water pump
2,a387,-19,-59000.0,"{'rain_damage': 5, 'river_damage': 9}",40000,,Personal improvements;Modest house renovations;Structual house changes;Flood insurance;Sandbags;Waterproofing walls & floors;Water pump
2,a388,-6,-21000.0,"{'rain_damage': 5, 'river_damage': 9}",24000,Personal improvements;Modest house renovations;Flood insurance,Personal improvements;Modest house renovations;Structual house changes;Flood insurance;Water pump;Sandbags;Waterproofing walls & floors;Green garden;Rain barrel;Self-activating wall;Personal improvements;Modest house renovations;Flood insurance
2,a389,-26,-77000.0,"{'rain_damage': 5, 'river_damage': 9}",52000,,Personal improvements;Modest house renovations;Structual house changes;Flood insurance;Sandbags
2,a390,-26,-77000.0,"{'rain_damage': 5, 'river_damage': 9}",52000,,Personal improvements;Modest house renovations;Structual house changes;Flood insurance;Sandbags
2,a391,-26,-82000.0,"{'rain_damage': 5, 'river_damage': 9}",52000,,Personal improvements;Modest house renovations;Structual house changes;Flood insurance;Sandbags
2,a392,-8,-17000.0,"{'rain_damage': 5, 'river_damage': 9}",24000,Flood insurance,Personal improvements;Modest house renovations;Structual house changes;Flood insurance;Water pump;Sandbags;Waterproofing walls & floors;Green garden;Rain barrel;Self-activating wall;Flood insurance
2,a393,-5,-3000.0,"{'rain_damage': 5, 'river_damage': 9}",24000,Personal improvements;Modest house renovations;Structual house changes;Flood insurance,Personal improvements;Modest house renovations;Structual house changes;Flood insurance;Water pump;Self-activating wall;Sandbags;Waterproofing walls & floors;Green garden;Rain barrel;Personal improvements;Modest house renovations;Structual house changes;Flood insurance
2,a394,-19,-59000.0,"{'rain_damage': 5, 'river_damage': 9}",40000,,Personal improvements;Modest house renovations;Structual house changes;Flood insurance;Sandbags;Waterproofing walls & floors;Water pump
2,a395,-12,-39000.0,"{'rain_damage': 5, 'river_damage': 9}",28000,,Personal improvements;Modest house renovations;Structual house changes;Flood insurance;Sandbags;Waterproofing walls & floors;Green garden;Water pump;Self-activating wall
2,a396,-26,-92000.0,"{'rain_damage': 5, 'river_damage': 9}",52000,,Personal improvements;Modest house renovations;Structual house changes;Flood insurance;Sandbags
2,a397,-29,-108000.0,"{'rain_damage': 5, 'river_damage': 9}",56000,,Personal improvements;Modest house renovations;Flood insurance
2,a398,-26,-85000.0,"{'rain_damage': 5, 'river_damage': 9}",52000,,Personal improvements;Modest house renovations;Structual house changes;Flood insurance;Sandbags
2,a399,-29,-110000.0,"{'rain_damage': 5, 'river_damage': 9}",56000,,Personal improvements;Modest house renovations;Flood insurance
2,a400,-9,-31000.0,"{'rain_damage': 5, 'river_damage': 9}",24000,,Personal improvements;Modest house renovations;Structual house changes;Flood insurance;Water pump;Sandbags;Waterproofing walls & floors;Green garden;Rain barrel;Self-activating wall
2,a401,-18,-35000.0,"{'rain_damage': 5, 'river_damage': 9}",40000,Flood insurance,Personal improvements;Modest house renovations;Structual house changes;Flood insurance;Sandbags;Waterproofing walls & floors;Water pump;Flood insurance
2,a402,-18,-55000.0,"{'rain_damage': 5, 'river_damage': 9}",40000,,Personal improvements;Modest house renovations;Structual house changes;Flood insurance;Sandbags;Waterproofing walls & floors;Green garden
2,a403,-18,-75000.0,"{'rain_damage': 5, 'river_damage': 9}",40000,,Personal improvements;Modest house renovations;Structual house changes;Flood insurance;Sandbags;Waterproofing walls & floors;Green garden
2,a404,-26,-77000.0,"{'rain_damage': 5, 'river_damage': 9}",52000,,Personal improvements;Modest house renovations;Structual house changes;Flood insurance;Sandbags
2,a405,-18,-55000.0,"{'rain_damage': 5, 'river_damage': 9}",40000,,Personal improvements;Modest house renovations;Structual house changes;Flood insurance;Sandbags;Waterproofing walls & floors;Green garden
2,a406,-26,-102000.0,"{'rain_damage': 5, 'river_damage': 9}",52000,,Personal improvements;Modest house renovations;Structual house changes;Flood insurance;Sandbags
2,a407,-9,-41000.0,"{'rain_damage': 5, 'river_damage': 9}",24000,,Personal improvements;Modest house renovations;Structual house changes;Flood insurance;Sandbags;Waterproofing walls & floors;Green garden;Rain barrel;Water pump;Self-activating wall
2,a408,-21,-71000.0,"{'rain_damage': 5, 'river_damage': 9}",44000,,Personal improvements;Modest house renovations;Structual house changes;Flood insurance;Waterproofing walls & floors;Sandbags
2,a409,-19,-59000.0,"{'rain_damage': 5, 'river_damage': 9}",40000,,Personal improvements;Modest house renovations;Structual house changes;Flood insurance;Sandbags;Waterproofing walls & floors;Water pump
2,a410,-21,-71000.0,"{'rain_damage': 5, 'river_damage': 9}",44000,,Personal improvements;Modest house renovations;Structual house changes;Flood insurance;Waterproofing walls & floors;Sandbags
2,a411,-9,-41000.0,"{'rain_damage': 5, 'river_damage': 9}",24000,,Personal improvements;Modest house renovations;Structual house changes;Flood insurance;Sandbags;Waterproofing walls & floors;Green garden;Rain barrel;Water pump;Self-activating wall
2,a412,-9,-31000.0,"{'rain_damage': 5, 'river_damage': 9}",24000,,Personal improvements;Modest house renovations;Structual house changes;Flood insurance;Water pump;Sandbags;Waterproofing walls & floors;Green garden;Rain barrel;Self-activating wall
2,a413,-26,-102000.0,"{'rain_damage': 5, 'river_damage': 9}",52000,,Personal improvements;Modest house renovations;Structual house changes;Flood insurance;Sandbags
2,a414,-17,-36000.0,"{'rain_damage': 5, 'river_damage': 9}",40000,Flood insurance,Personal improvements;Modest house renovations;Structual house changes;Flood insurance;Sandbags;Waterproofing walls & floors;Green garden;Flood insurance
2,a415,-16,-53000.0,"{'rain_damage': 5, 'river_damage': 9}",36000,,Personal improvements;Modest house renovations;Structual house changes;Flood insurance;Sandbags;Waterproofing walls & floors;Green garden;Water pump
2,a416,-28,-100000.0,"{'rain_damage': 5, 'river_damage': 9}",56000,,Personal improvements;Modest house renovations;Structual house changes;Flood insurance
2,a417,-21,-81000.0,"{'rain_damage': 5, 'river_damage': 9}",44000,,Personal improvements;Modest house renovations;Structual house changes;Flood insurance;Waterproofing walls & floors;Sandbags
2,a418,-27,-96000.0,"{'rain_damage': 5, 'river_damage': 9}",52000,,Personal improvements;Modest house renovations;Structual house changes;Sandbags
2,a419,-28,-100000.0,"{'rain_damage': 5, 'river_damage': 9}",56000,,Personal improvements;Modest house renovations;Structual house changes;Flood insurance
2,a420,-25,-91000.0,"{'rain_damage': 5, 'river_damage': 9}",52000,,Personal improvements;Modest house renovations;Structual house changes;Flood insurance;Green garden
2,a421,-16,-63000.0,"{'rain_damage': 5, 'river_damage': 9}",36000,,Personal improvements;Modest house renovations;Structual house changes;Flood insurance;Sandbags;Waterproofing walls & floors;Green garden;Water pump
2,a422,-27,-95000.0,"{'rain_damage': 5, 'river_damage': 9}",52000,,Personal improvements;Modest house renovations;Flood insurance;Sandbags
2,a423,-26,-82000.0,"{'rain_damage': 5, 'river_damage': 9}",52000,,Personal improvements;Modest house renovations;Structual house changes;Flood insurance;Sandbags
2,a424,-26,-92000.0,"{'rain_damage': 5, 'river_damage': 9}",52000,,Personal improvements;Modest house renovations;Structual house changes;Flood insurance;Sandbags
2,a425,-26,-77000.0,"{'rain_damage': 5, 'river_damage': 9}",52000,,Personal improvements;Modest house renovations;Structual house changes;Flood insurance;Sandbags
2,a426,-12,-21000.0,"{'rain_damage': 5, 'river_damage': 9}",32000,Flood insurance,Personal improvements;Modest house renovations;Structual house changes;Flood insurance;Sandbags;Waterproofing walls & floors;Green garden;Rain barrel;Water pump;Flood insurance
2,a427,-5,-3000.0,"{'rain_damage': 5, 'river_damage': 9}",24000,Personal improvements;Modest house renovations;Structual house changes;Flood insurance,Personal improvements;Modest house renovations;Structual house changes;Flood insurance;Water pump;Self-activating wall;Sandbags;Waterproofing walls & floors;Green garden;Rain barrel;Personal improvements;Modest house renovations;Structual house changes;Flood insurance
2,a428,-27,-96000.0,"{'rain_damage': 5, 'river_damage': 9}",52000,,Personal improvements;Modest house renovations;Structual house changes;Sandbags
2,a429,-9,-31000.0,"{'rain_damage': 5, 'river_damage': 9}",24000,,Personal improvements;Modest house renovations;Structual house changes;Flood insurance;Water pump;Sandbags;Waterproofing walls & floors;Green garden;Rain barrel;Self-activating wall
2,a430,-26,-77000.0,"{'rain_damage': 5, 'river_damage': 9}",52000,,Personal improvements;Modest house renovations;Structual house changes;Flood insurance;Sandbags
2,a431,-25,-81000.0,"{'rain_damage': 5, 'river_damage': 9}",52000,,Personal improvements;Modest house renovations;Structual house changes;Flood insurance;Green garden
2,a432,-27,-100000.0,"{'rain_damage': 5, 'river_damage': 9}",52000,,Personal improvements;Modest house renovations;Flood insurance;Sandbags
2,a433,-21,-81000.0,"{'rain_damage': 5, 'river_damage': 9}",44000,,Personal improvements;Modest house renovations;Structual house changes;Flood insurance;Waterproofing walls & floors;Sandbags
2,a434,-15,-47000.0,"{'rain_damage': 5, 'river_damage': 9}",36000,,Personal improvements;Modest house renovations;Structual house changes;Flood insurance;Sandbags;Waterproofing walls & floors;Green garden;Rain barrel
2,a435,-21,-81000.0,"{'rain_damage': 5, 'river_damage': 9}",44000,,Personal improvements;Modest house renovations;Structual house changes;Flood insurance;Waterproofing walls & floors;Sandbags
2,a436,-9,-31000.0,"{'rain_damage': 5, 'river_damage': 9}",24000,,Personal improvements;Modest house renovations;Structual house changes;Flood insurance;Water pump;Sandbags;Waterproofing walls & floors;Green garden;Rain barrel;Self-activating wall
2,a437,-18,-55000.0,"{'rain_damage': 5, 'river_damage': 9}",40000,,Personal improvements;Modest house renovations;Structual house changes;Flood insurance;Sandbags;Waterproofing walls & floors;Green garden
2,a438,-27,-91000.0,"{'rain_damage': 5, 'river_damage': 9}",52000,,Personal improvements;Modest house renovations;Structual house changes;Sandbags
2,a439,-25,-81000.0,"{'rain_damage': 5, 'river_damage': 9}",52000,,Personal improvements;Modest house renovations;Structual house changes;Flood insurance;Green garden
2,a440,-27,-96000.0,"{'rain_damage': 5, 'river_damage': 9}",52000,,Personal improvements;Modest house renovations;Structual house changes;Sandbags
2,a441,-19,-59000.0,"{'rain_damage': 5, 'river_damage': 9}",40000,,Personal improvements;Modest house renovations;Structual house changes;Flood insurance;Sandbags;Waterproofing walls & floors;Water pump
2,a442,-16,-63000.0,"{'rain_damage': 5, 'river_damage': 9}",36000,,Personal improvements;Modest house renovations;Structual house changes;Flood insurance;Sandbags;Waterproofing walls & floors;Green garden;Water pump
2,a443,-29,-104000.0,"{'rain_damage': 5, 'river_damage': 9}",56000,,Personal improvements;Modest house renovations;Structual house changes
2,a444,-29,-108000.0,"{'rain_damage': 5, 'river_damage': 9}",56000,,Personal improvements;Modest house renovations;Flood insurance
2,a445,-5,-3000.0,"{'rain_damage': 5, 'river_damage': 9}",24000,Personal improvements;Modest house renovations;Structual house changes;Flood insurance,Personal improvements;Modest house renovations;Structual house changes;Flood insurance;Water pump;Self-activating wall;Sandbags;Waterproofing walls & floors;Green garden;Rain barrel;Personal improvements;Modest house renovations;Structual house changes;Flood insurance
2,a446,-18,-55000.0,"{'rain_damage': 5, 'river_damage': 9}",40000,,Personal improvements;Modest house renovations;Structual house changes;Flood insurance;Sandbags;Waterproofing walls & floors;Green garden
2,a447,-18,-75000.0,"{'rain_damage': 5, 'river_damage': 9}",40000,,Personal improvements;Modest house renovations;Structual house changes;Flood insurance;Sandbags;Waterproofing walls & floors;Green garden
2,a448,-8,-17000.0,"{'rain_damage': 5, 'river_damage': 9}",24000,Flood insurance,Personal improvements;Modest house renovations;Structual house changes;Flood insurance;Water pump;Sandbags;Waterproofing walls & floors;Green garden;Rain barrel;Self-activating wall;Flood insurance
2,a449,-26,-85000.0,"{'rain_damage': 5, 'river_damage': 9}",52000,,Personal improvements;Modest house renovations;Structual house changes;Flood insurance;Sandbags
2,a450,-26,-87000.0,"{'rain_damage': 5, 'river_damage': 9}",52000,,Personal improvements;Modest house renovations;Structual house changes;Flood insurance;Sandbags
2,a451,-26,-92000.0,"{'rain_damage': 5, 'river_damage': 9}",52000,,Personal improvements;Modest house renovations;Structual house changes;Flood insurance;Sandbags
2,a452,-18,-75000.0,"{'rain_damage': 5, 'river_damage': 9}",40000,,Personal improvements;Modest house renovations;Structual house changes;Flood insurance;Sandbags;Waterproofing walls & floors;Green garden
2,a453,-24,-73000.0,"{'rain_damage': 5, 'river_damage': 9}",48000,,Personal improvements;Modest house renovations;Structual house changes;Flood insurance;Sandbags;Water pump
2,a454,-29,-110000.0,"{'rain_damage': 5, 'river_damage': 9}",56000,,Personal improvements;Modest house renovations;Flood insurance
2,a455,-29,-104000.0,"{'rain_damage': 5, 'river_damage': 9}",56000,,Personal improvements;Modest house renovations;Structual house changes
2,a456,-16,-63000.0,"{'rain_damage': 5, 'river_damage': 9}",36000,,Personal improvements;Modest house renovations;Structual house changes;Flood insurance;Sandbags;Waterproofing walls & floors;Green garden;Water pump
2,a457,-27,-100000.0,"{'rain_damage': 5, 'river_damage': 9}",52000,,Personal improvements;Modest house renovations;Flood insurance;Sandbags
2,a458,-23,-91000.0,"{'rain_damage': 5, 'river_damage': 9}",48000,,Personal improvements;Modest house renovations;Structual house changes;Flood insurance;Green garden;Sandbags
2,a459,-17,-39000.0,"{'rain_damage': 5, 'river_damage': 9}",40000,Flood insurance,Personal improvements;Modest house renovations;Structual house changes;Flood insurance;Sandbags;Waterproofing walls & floors;Green garden;Flood insurance
2,a460,-23,-76000.0,"{'rain_damage': 5, 'river_damage': 9}",48000,,Personal improvements;Modest house renovations;Structual house changes;Flood insurance;Green garden;Sandbags
2,a461,-26,-82000.0,"{'rain_damage': 5, 'river_damage': 9}",52000,,Personal improvements;Modest house renovations;Structual house changes;Flood insurance;Sandbags
2,a462,-26,-92000.0,"{'rain_damage': 5, 'river_damage': 9}",52000,,Personal improvements;Modest house renovations;Structual house changes;Flood insurance;Sandbags
2,a463,-12,-39000.0,"{'rain_damage': 5, 'river_damage': 9}",28000,,Personal improvements;Modest house renovations;Structual house changes;Flood insurance;Sandbags;Waterproofing walls & floors;Green garden;Water pump;Self-activating wall
2,a464,-26,-82000.0,"{'rain_damage': 5, 'river_damage': 9}",52000,,Personal improvements;Modest house renovations;Structual house changes;Flood insurance;Sandbags
2,a465,-21,-81000.0,"{'rain_damage': 5, 'river_damage': 9}",44000,,Personal improvements;Modest house renovations;Structual house changes;Flood insurance;Waterproofing walls & floors;Sandbags
2,a466,-13,-55000.0,"{'rain_damage': 5, 'river_damage': 9}",32000,,Personal improvements;Modest house renovations;Structual house changes;Flood insurance;Sandbags;Waterproofing walls & floors;Green garden;Rain barrel;Water pump
2,a467,-25,-81000.0,"{'rain_damage': 5, 'river_damage': 9}",52000,,Personal improvements;Modest house renovations;Structual house changes;Flood insurance;Green garden
2,a468,-26,-102000.0,"{'rain_damage': 5, 'river_damage': 9}",52000,,Personal improvements;Modest house renovations;Structual house changes;Flood insurance;Sandbags
2,a469,-13,-55000.0,"{'rain_damage': 5, 'river_damage': 9}",32000,,Personal improvements;Modest house renovations;Structual house changes;Flood insurance;Sandbags;Waterproofing walls & floors;Green garden;Rain barrel;Water pump
2,a470,-21,-71000.0,"{'rain_damage': 5, 'river_damage': 9}",44000,,Personal improvements;Modest house renovations;Structual house changes;Flood insurance;Waterproofing walls & floors;Sandbags
2,a471,-8,-17000.0,"{'rain_damage': 5, 'river_damage': 9}",24000,Flood insurance,Personal improvements;Modest house renovations;Structual house changes;Flood insurance;Water pump;Sandbags;Waterproofing walls & floors;Green garden;Rain barrel;Self-activating wall;Flood insurance
2,a472,-21,-81000.0,"{'rain_damage': 5, 'river_damage': 9}",44000,,Personal improvements;Modest house renovations;Structual house changes;Flood insurance;Waterproofing walls & floors;Sandbags
2,a473,-17,-36000.0,"{'rain_damage': 5, 'river_damage': 9}",40000,Flood insurance,Personal improvements;Modest house renovations;Structual house changes;Flood insurance;Sandbags;Waterproofing walls & floors;Green garden;Flood insurance
2,a474,-12,-39000.0,"{'rain_damage': 5, 'river_damage': 9}",28000,,Personal improvements;Modest house renovations;Structual house changes;Flood insurance;Sandbags;Waterproofing walls & floors;Green garden;Water pump;Self-activating wall
2,a475,-26,-92000.0,"{'rain_damage': 5, 'river_damage': 9}",52000,,Personal improvements;Modest house renovations;Structual house changes;Flood insurance;Sandbags
2,a476,-28,-100000.0,"{'rain_damage': 5, 'river_damage': 9}",56000,,Personal improvements;Modest house renovations;Structual house changes;Flood insurance
2,a477,-26,-77000.0,"{'rain_damage': 5, 'river_damage': 9}",52000,,Personal improvements;Modest house renovations;Structual house changes;Flood insurance;Sandbags
2,a478,-27,-96000.0,"{'rain_damage': 5, 'river_damage': 9}",52000,,Personal improvements;Modest house renovations;Structual house changes;Sandbags
2,a479,-26,-82000.0,"{'rain_damage': 5, 'river_damage': 9}",52000,,Personal improvements;Modest house renovations;Structual house changes;Flood insurance;Sandbags
2,a480,-26,-87000.0,"{'rain_damage': 5, 'river_damage': 9}",52000,,Personal improvements;Modest house renovations;Structual house changes;Flood insurance;Sandbags
2,a481,-14,-36000.0,"{'rain_damage': 5, 'river_damage': 9}",36000,Flood insurance;Personal improvements,Personal improvements;Modest house renovations;Structual house changes;Flood insurance;Sandbags;Waterproofing walls & floors;Green garden;Water pump;Flood insurance;Personal improvements
2,a482,-29,-110000.0,"{'rain_damage': 5, 'river_damage': 9}",56000,,Personal improvements;Modest house renovations;Flood insurance
2,a483,-29,-104000.0,"{'rain_damage': 5, 'river_damage': 9}",56000,,Personal improvements;Modest house renovations;Structual house changes
2,a484,-17,-39000.0,"{'rain_damage': 5, 'river_damage': 9}",40000,Flood insurance,Personal improvements;Modest house renovations;Structual house changes;Flood insurance;Sandbags;Waterproofing walls & floors;Green garden;Flood insurance
2,a485,-9,-31000.0,"{'rain_damage': 5, 'river_damage': 9}",24000,,Personal improvements;Modest house renovations;Structual house changes;Flood insurance;Water pump;Sandbags;Waterproofing walls & floors;Green garden;Rain barrel;Self-activating wall
2,a486,-26,-92000.0,"{'rain_damage': 5, 'river_damage': 9}",52000,,Personal improvements;Modest house renovations;Structual house changes;Flood insurance;Sandbags
2,a487,-16,-53000.0,"{'rain_damage': 5, 'river_damage': 9}",36000,,Personal improvements;Modest house renovations;Structual house changes;Flood insurance;Sandbags;Waterproofing walls & floors;Green garden;Water pump
2,a488,-18,-75000.0,"{'rain_damage': 5, 'river_damage': 9}",40000,,Personal improvements;Modest house renovations;Structual house changes;Flood insurance;Sandbags;Waterproofing walls & floors;Green garden
2,a489,-29,-104000.0,"{'rain_damage': 5, 'river_damage': 9}",56000,,Personal improvements;Modest house renovations;Structual house changes
2,a490,-17,-39000.0,"{'rain_damage': 5, 'river_damage': 9}",40000,Flood insurance,Personal improvements;Modest house renovations;Structual house changes;Flood insurance;Sandbags;Waterproofing walls & floors;Green garden;Flood insurance
2,a491,-26,-87000.0,"{'rain_damage': 5, 'river_damage': 9}",52000,,Personal improvements;Modest house renovations;Structual house changes;Flood insurance;Sandbags
2,a492,-21,-81000.0,"{'rain_damage': 5, 'river_damage': 9}",44000,,Personal improvements;Modest house renovations;Structual house changes;Flood insurance;Waterproofing walls & floors;Sandbags
2,a493,-26,-77000.0,"{'rain_damage': 5, 'river_damage': 9}",52000,,Personal improvements;Modest house renovations;Structual house changes;Flood insurance;Sandbags
2,a494,-21,-81000.0,"{'rain_damage': 5, 'river_damage': 9}",44000,,Personal improvements;Modest house renovations;Structual house changes;Flood insurance;Waterproofing walls & floors;Sandbags
2,a495,-16,-53000.0,"{'rain_damage': 5, 'river_damage': 9}",36000,,Personal improvements;Modest house renovations;Structual house changes;Flood insurance;Sandbags;Waterproofing walls & floors;Green garden;Water pump
2,a496,-28,-100000.0,"{'rain_damage': 5, 'river_damage': 9}",56000,,Personal improvements;Modest house renovations;Structual house changes;Flood insurance
2,a497,-28,-100000.0,"{'rain_damage': 5, 'river_damage': 9}",56000,,Personal improvements;Modest house renovations;Structual house changes;Flood insurance
2,a498,-26,-92000.0,"{'rain_damage': 5, 'river_damage': 9}",52000,,Personal improvements;Modest house renovations;Structual house changes;Flood insurance;Sandbags
2,a499,-18,-35000.0,"{'rain_damage': 5, 'river_damage': 9}",40000,Flood insurance,Personal improvements;Modest house renovations;Structual house changes;Flood insurance;Sandbags;Waterproofing walls & floors;Water pump;Flood insurance
2,a500,-26,-87000.0,"{'rain_damage': 5, 'river_damage': 9}",52000,,Personal improvements;Modest house renovations;Structual house changes;Flood insurance;Sandbags
2,a501,-26,-82000.0,"{'rain_damage': 5, 'river_damage': 9}",52000,,Personal improvements;Modest house renovations;Structual house changes;Flood insurance;Sandbags
2,a502,-13,-55000.0,"{'rain_damage': 5, 'river_damage': 9}",32000,,Personal improvements;Modest house renovations;Structual house changes;Flood insurance;Sandbags;Waterproofing walls & floors;Green garden;Rain barrel;Water pump
2,a503,-21,-66000.0,"{'rain_damage': 5, 'river_damage': 9}",44000,,Personal improvements;Modest house renovations;Structual house changes;Flood insurance;Waterproofing walls & floors;Sandbags
2,a504,-25,-91000.0,"{'rain_damage': 5, 'river_damage': 9}",52000,,Personal improvements;Modest house renovations;Structual house changes;Flood insurance;Green garden
2,a505,-21,-71000.0,"{'rain_damage': 5, 'river_damage': 9}",44000,,Personal improvements;Modest house renovations;Structual house changes;Flood insurance;Waterproofing walls & floors;Sandbags
2,a506,-16,-53000.0,"{'rain_damage': 5, 'river_damage': 9}",36000,,Personal improvements;Modest house renovations;Structual house changes;Flood insurance;Sandbags;Waterproofing walls & floors;Green garden;Water pump
2,a507,-21,-66000.0,"{'rain_damage': 5, 'river_damage': 9}",44000,,Personal improvements;Modest house renovations;Structual house changes;Flood insurance;Waterproofing walls & floors;Sandbags
2,a508,-16,-63000.0,"{'rain_damage': 5, 'river_damage': 9}",36000,,Personal improvements;Modest house renovations;Structual house changes;Flood insurance;Sandbags;Waterproofing walls & floors;Green garden;Water pump
2,a509,-14,-36000.0,"{'rain_damage': 5, 'river_damage': 9}",36000,Flood insurance;Personal improvements,Personal improvements;Modest house renovations;Structual house changes;Flood insurance;Sandbags;Waterproofing walls & floors;Green garden;Water pump;Flood insurance;Personal improvements
2,a510,-26,-82000.0,"{'rain_damage': 5, 'river_damage': 9}",52000,,Personal improvements;Modest house renovations;Structual house changes;Flood insurance;Sandbags
2,a511,-9,-21000.0,"{'rain_damage': 5, 'river_damage': 9}",24000,,Personal improvements;Modest house renovations;Structual house changes;Flood insurance;Water pump;Sandbags;Waterproofing walls & floors;Green garden;Rain barrel;Self-activating wall
2,a512,-19,-59000.0,"{'rain_damage': 5, 'river_damage': 9}",40000,,Personal improvements;Modest house renovations;Structual house changes;Flood insurance;Sandbags;Waterproofing walls & floors;Water pump
2,a513,-21,-71000.0,"{'rain_damage': 5, 'river_damage': 9}",44000,,Personal improvements;Modest house renovations;Structual house changes;Flood insurance;Waterproofing walls & floors;Sandbags
2,a514,-16,-63000.0,"{'rain_damage': 5, 'river_damage': 9}",36000,,Personal improvements;Modest house renovations;Structual house changes;Flood insurance;Sandbags;Waterproofing walls & floors;Green garden;Water pump
2,a515,-5,-3000.0,"{'rain_damage': 5, 'river_damage': 9}",24000,Personal improvements;Modest house renovations;Structual house changes;Flood insurance,Personal improvements;Modest house renovations;Structual house changes;Flood insurance;Water pump;Self-activating wall;Sandbags;Waterproofing walls & floors;Green garden;Rain barrel;Personal improvements;Modest house renovations;Structual house changes;Flood insurance
2,a516,-27,-96000.0,"{'rain_damage': 5, 'river_damage': 9}",52000,,Personal improvements;Modest house renovations;Structual house changes;Sandbags
2,a517,-13,-55000.0,"{'rain_damage': 5, 'river_damage': 9}",32000,,Personal improvements;Modest house renovations;Structual house changes;Flood insurance;Sandbags;Waterproofing walls & floors;Green garden;Rain barrel;Water pump
2,a518,-29,-104000.0,"{'rain_damage': 5, 'river_damage': 9}",56000,,Personal improvements;Modest house renovations;Structual house changes
2,a519,-27,-91000.0,"{'rain_damage': 5, 'river_damage': 9}",52000,,Personal improvements;Modest house renovations;Structual house changes;Sandbags
2,a520,-21,-81000.0,"{'rain_damage': 5, 'river_damage': 9}",44000,,Personal improvements;Modest house renovations;Structual house changes;Flood insurance;Waterproofing walls & floors;Sandbags
2,a521,-26,-102000.0,"{'rain_damage': 5, 'river_damage': 9}",52000,,Personal improvements;Modest house renovations;Structual house changes;Flood insurance;Sandbags
2,a522,-9,-41000.0,"{'rain_damage': 5, 'river_damage': 9}",24000,,Personal improvements;Modest house renovations;Structual house changes;Flood insurance;Sandbags;Waterproofing walls & floors;Green garden;Rain barrel;Water pump;Self-activating wall
2,a523,-5,-3000.0,"{'rain_damage': 5, 'river_damage': 9}",24000,Personal improvements;Modest house renovations;Structual house changes;Flood insurance,Personal improvements;Modest house renovations;Structual house changes;Flood insurance;Water pump;Self-activating wall;Sandbags;Waterproofing walls & floors;Green garden;Rain barrel;Personal improvements;Modest house renovations;Structual house changes;Flood insurance
2,a524,-26,-77000.0,"{'rain_damage': 5, 'river_damage': 9}",52000,,Personal improvements;Modest house renovations;Structual house changes;Flood insurance;Sandbags
2,a525,-8,-17000.0,"{'rain_damage': 5, 'river_damage': 9}",24000,Flood insurance,Personal improvements;Modest house renovations;Structual house changes;Flood insurance;Water pump;Sandbags;Waterproofing walls & floors;Green garden;Rain barrel;Self-activating wall;Flood insurance
2,a526,-27,-96000.0,"{'rain_damage': 5, 'river_damage': 9}",52000,,Personal improvements;Modest house renovations;Structual house changes;Sandbags
2,a527,-9,-31000.0,"{'rain_damage': 5, 'river_damage': 9}",24000,,Personal improvements;Modest house renovations;Structual house changes;Flood insurance;Water pump;Sandbags;Waterproofing walls & floors;Green garden;Rain barrel;Self-activating wall
2,a528,-21,-81000.0,"{'rain_damage': 5, 'river_damage': 9}",44000,,Personal improvements;Modest house renovations;Structual house changes;Flood insurance;Waterproofing walls & floors;Sandbags
2,a529,-26,-77000.0,"{'rain_damage': 5, 'river_damage': 9}",52000,,Personal improvements;Modest house renovations;Structual house changes;Flood insurance;Sandbags
2,a530,-18,-35000.0,"{'rain_damage': 5, 'river_damage': 9}",40000,Flood insurance,Personal improvements;Modest house renovations;Structual house changes;Flood insurance;Sandbags;Waterproofing walls & floors;Water pump;Flood insurance
2,a531,-17,-39000.0,"{'rain_damage': 5, 'river_damage': 9}",40000,Flood insurance,Personal improvements;Modest house renovations;Structual house changes;Flood insurance;Sandbags;Waterproofing walls & floors;Green garden;Flood insurance
2,a532,-5,-3000.0,"{'rain_damage': 5, 'river_damage': 9}",24000,Personal improvements;Modest house renovations;Structual house changes;Flood insurance,Personal improvements;Modest house renovations;Structual house changes;Flood insurance;Water pump;Self-activating wall;Sandbags;Waterproofing walls & floors;Green garden;Rain barrel;Personal improvements;Modest house renovations;Structual house changes;Flood insurance
2,a533,-26,-77000.0,"{'rain_damage': 5, 'river_damage': 9}",52000,,Personal improvements;Modest house renovations;Structual house changes;Flood insurance;Sandbags
2,a534,-26,-82000.0,"{'rain_damage': 5, 'river_damage': 9}",52000,,Personal improvements;Modest house renovations;Structual house changes;Flood insurance;Sandbags
2,a535,-14,-36000.0,"{'rain_damage': 5, 'river_damage': 9}",36000,Flood insurance;Personal improvements,Personal improvements;Modest house renovations;Structual house changes;Flood insurance;Sandbags;Waterproofing walls & floors;Green garden;Water pump;Flood insurance;Personal improvements
2,a536,-12,-39000.0,"{'rain_damage': 5, 'river_damage': 9}",28000,,Personal improvements;Modest house renovations;Structual house changes;Flood insurance;Sandbags;Waterproofing walls & floors;Green garden;Water pump;Self-activating wall
2,a537,-21,-71000.0,"{'rain_damage': 5, 'river_damage': 9}",44000,,Personal improvements;Modest house renovations;Structual house changes;Flood insurance;Waterproofing walls & floors;Sandbags
2,a538,-15,-47000.0,"{'rain_damage': 5, 'river_damage': 9}",36000,,Personal improvements;Modest house renovations;Structual house changes;Flood insurance;Sandbags;Waterproofing walls & floors;Green garden;Rain barrel
2,a539,-13,-55000.0,"{'rain_damage': 5, 'river_damage': 9}",32000,,Personal improvements;Modest house renovations;Structual house changes;Flood insurance;Sandbags;Waterproofing walls & floors;Green garden;Rain barrel;Water pump
2,a540,-21,-71000.0,"{'rain_damage': 5, 'river_damage': 9}",44000,,Personal improvements;Modest house renovations;Structual house changes;Flood insurance;Waterproofing walls & floors;Sandbags
2,a541,-15,-47000.0,"{'rain_damage': 5, 'river_damage': 9}",36000,,Personal improvements;Modest house renovations;Structual house changes;Flood insurance;Sandbags;Waterproofing walls & floors;Green garden;Rain barrel
2,a542,-27,-100000.0,"{'rain_damage': 5, 'river_damage': 9}",52000,,Personal improvements;Modest house renovations;Flood insurance;Sandbags
2,a543,-23,-91000.0,"{'rain_damage': 5, 'river_damage': 9}",48000,,Personal improvements;Modest house renovations;Structual house changes;Flood insurance;Green garden;Sandbags
2,a544,-16,-53000.0,"{'rain_damage': 5, 'river_damage': 9}",36000,,Personal improvements;Modest house renovations;Structual house changes;Flood insurance;Sandbags;Waterproofing walls & floors;Green garden;Water pump
2,a545,-27,-91000.0,"{'rain_damage': 5, 'river_damage': 9}",52000,,Personal improvements;Modest house renovations;Structual house changes;Sandbags
2,a546,-26,-87000.0,"{'rain_damage': 5, 'river_damage': 9}",52000,,Personal improvements;Modest house renovations;Structual house changes;Flood insurance;Sandbags
2,a547,-19,-59000.0,"{'rain_damage': 5, 'river_damage': 9}",40000,,Personal improvements;Modest house renovations;Structual house changes;Flood insurance;Sandbags;Waterproofing walls & floors;Water pump
2,a548,-23,-91000.0,"{'rain_damage': 5, 'river_damage': 9}",48000,,Personal improvements;Modest house renovations;Structual house changes;Flood insurance;Green garden;Sandbags
2,a549,-28,-100000.0,"{'rain_damage': 5, 'river_damage': 9}",56000,,Personal improvements;Modest house renovations;Structual house changes;Flood insurance
2,a550,-21,-71000.0,"{'rain_damage': 5, 'river_damage': 9}",44000,,Personal improvements;Modest house renovations;Structual house changes;Flood insurance;Waterproofing walls & floors;Sandbags
2,a551,-21,-66000.0,"{'rain_damage': 5, 'river_damage': 9}",44000,,Personal improvements;Modest house renovations;Structual house changes;Flood insurance;Waterproofing walls & floors;Sandbags
2,a552,-13,-55000.0,"{'rain_damage': 5, 'river_damage': 9}",32000,,Personal improvements;Modest house renovations;Structual house changes;Flood insurance;Sandbags;Waterproofing walls & floors;Green garden;Rain barrel;Water pump
2,a553,-26,-92000.0,"{'rain_damage': 5, 'river_damage': 9}",52000,,Personal improvements;Modest house renovations;Structual house changes;Flood insurance;Sandbags
2,a554,-18,-75000.0,"{'rain_damage': 5, 'river_damage': 9}",40000,,Personal improvements;Modest house renovations;Structual house changes;Flood insurance;Sandbags;Waterproofing walls & floors;Green garden
2,a555,-26,-92000.0,"{'rain_damage': 5, 'river_damage': 9}",52000,,Personal improvements;Modest house renovations;Structual house changes;Flood insurance;Sandbags
2,a556,-25,-91000.0,"{'rain_damage': 5, 'river_damage': 9}",52000,,Personal improvements;Modest house renovations;Structual house changes;Flood insurance;Green garden
2,a557,-24,-73000.0,"{'rain_damage': 5, 'river_damage': 9}",48000,,Personal improvements;Modest house renovations;Structual house changes;Flood insurance;Sandbags;Water pump
2,a558,-24,-73000.0,"{'rain_damage': 5, 'river_damage': 9}",48000,,Personal improvements;Modest house renovations;Structual house changes;Flood insurance;Sandbags;Water pump
2,a559,-18,-55000.0,"{'rain_damage': 5, 'river_damage': 9}",40000,,Personal improvements;Modest house renovations;Structual house changes;Flood insurance;Sandbags;Waterproofing walls & floors;Green garden
2,a560,-12,-21000.0,"{'rain_damage': 5, 'river_damage': 9}",32000,Flood insurance,Personal improvements;Modest house renovations;Structual house changes;Flood insurance;Sandbags;Waterproofing walls & floors;Green garden;Rain barrel;Water pump;Flood insurance
2,a561,-9,-31000.0,"{'rain_damage': 5, 'river_damage': 9}",24000,,Personal improvements;Modest house renovations;Structual house changes;Flood insurance;Water pump;Sandbags;Waterproofing walls & floors;Green garden;Rain barrel;Self-activating wall
2,a562,-18,-55000.0,"{'rain_damage': 5, 'river_damage': 9}",40000,,Personal improvements;Modest house renovations;Structual house changes;Flood insurance;Sandbags;Waterproofing walls & floors;Green garden
2,a563,-27,-100000.0,"{'rain_damage': 5, 'river_damage': 9}",52000,,Personal improvements;Modest house renovations;Flood insurance;Sandbags
2,a564,-15,-47000.0,"{'rain_damage': 5, 'river_damage': 9}",36000,,Personal improvements;Modest house renovations;Structual house changes;Flood insurance;Sandbags;Waterproofing walls & floors;Green garden;Rain barrel
2,a565,-27,-96000.0,"{'rain_damage': 5, 'river_damage': 9}",52000,,Personal improvements;Modest house renovations;Structual house changes;Sandbags
2,a566,-25,-91000.0,"{'rain_damage': 5, 'river_damage': 9}",52000,,Personal improvements;Modest house renovations;Structual house changes;Flood insurance;Green garden
2,a567,-23,-91000.0,"{'rain_damage': 5, 'river_damage': 9}",48000,,Personal improvements;Modest house renovations;Structual house changes;Flood insurance;Green garden;Sandbags
2,a568,-21,-66000.0,"{'rain_damage': 5, 'river_damage': 9}",44000,,Personal improvements;Modest house renovations;Structual house changes;Flood insurance;Waterproofing walls & floors;Sandbags
2,a569,-21,-81000.0,"{'rain_damage': 5, 'river_damage': 9}",44000,,Personal improvements;Modest house renovations;Structual house changes;Flood insurance;Waterproofing walls & floors;Sandbags
2,a570,-28,-100000.0,"{'rain_damage': 5, 'river_damage': 9}",56000,,Personal improvements;Modest house renovations;Structual house changes;Flood insurance
2,a571,-27,-91000.0,"{'rain_damage': 5, 'river_damage': 9}",52000,,Personal improvements;Modest house renovations;Structual house changes;Sandbags
2,a572,-9,-21000.0,"{'rain_damage': 5, 'river_damage': 9}",24000,,Personal improvements;Modest house renovations;Structual house changes;Flood insurance;Water pump;Sandbags;Waterproofing walls & floors;Green garden;Rain barrel;Self-activating wall
2,a573,-27,-91000.0,"{'rain_damage': 5, 'river_damage': 9}",52000,,Personal improvements;Modest house renovations;Structual house changes;Sandbags
2,a574,-26,-87000.0,"{'rain_damage': 5, 'river_damage': 9}",52000,,Personal improvements;Modest house renovations;Structual house changes;Flood insurance;Sandbags
2,a575,-16,-63000.0,"{'rain_damage': 5, 'river_damage': 9}",36000,,Personal improvements;Modest house renovations;Structual house changes;Flood insurance;Sandbags;Waterproofing walls & floors;Green garden;Water pump
2,a576,-27,-95000.0,"{'rain_damage': 5, 'river_damage': 9}",52000,,Personal improvements;Modest house renovations;Flood insurance;Sandbags
2,a577,-27,-100000.0,"{'rain_damage': 5, 'river_damage': 9}",52000,,Personal improvements;Modest house renovations;Flood insurance;Sandbags
2,a578,-5,-3000.0,"{'rain_damage': 5, 'river_damage': 9}",24000,Personal improvements;Modest house renovations;Structual house changes;Flood insurance,Personal improvements;Modest house renovations;Structual house changes;Flood insurance;Water pump;Self-activating wall;Sandbags;Waterproofing walls & floors;Green garden;Rain barrel;Personal improvements;Modest house renovations;Structual house changes;Flood insurance
2,a579,-12,-21000.0,"{'rain_damage': 5, 'river_damage': 9}",32000,Flood insurance,Personal improvements;Modest house renovations;Structual house changes;Flood insurance;Sandbags;Waterproofing walls & floors;Green garden;Rain barrel;Water pump;Flood insurance
2,a580,-29,-110000.0,"{'rain_damage': 5, 'river_damage': 9}",56000,,Personal improvements;Modest house renovations;Flood insurance
2,a581,-15,-47000.0,"{'rain_damage': 5, 'river_damage': 9}",36000,,Personal improvements;Modest house renovations;Structual house changes;Flood insurance;Sandbags;Waterproofing walls & floors;Green garden;Rain barrel
2,a582,-16,-53000.0,"{'rain_damage': 5, 'river_damage': 9}",36000,,Personal improvements;Modest house renovations;Structual house changes;Flood insurance;Sandbags;Waterproofing walls & floors;Green garden;Water pump
2,a583,-26,-82000.0,"{'rain_damage': 5, 'river_damage': 9}",52000,,Personal improvements;Modest house renovations;Structual house changes;Flood insurance;Sandbags
2,a584,-18,-55000.0,"{'rain_damage': 5, 'river_damage': 9}",40000,,Personal improvements;Modest house renovations;Structual house changes;Flood insurance;Sandbags;Waterproofing walls & floors;Green garden
2,a585,-17,-39000.0,"{'rain_damage': 5, 'river_damage': 9}",40000,Flood insurance,Personal improvements;Modest house renovations;Structual house changes;Flood insurance;Sandbags;Waterproofing walls & floors;Green garden;Flood insurance
2,a586,-5,-3000.0,"{'rain_damage': 5, 'river_damage': 9}",24000,Personal improvements;Modest house renovations;Structual house changes;Flood insurance,Personal improvements;Modest house renovations;Structual house changes;Flood insurance;Water pump;Self-activating wall;Sandbags;Waterproofing walls & floors;Green garden;Rain barrel;Personal improvements;Modest house renovations;Structual house changes;Flood insurance
2,a587,-26,-102000.0,"{'rain_damage': 5, 'river_damage': 9}",52000,,Personal improvements;Modest house renovations;Structual house changes;Flood insurance;Sandbags
2,a588,-13,-55000.0,"{'rain_damage': 5, 'river_damage': 9}",32000,,Personal improvements;Modest house renovations;Structual house changes;Flood insurance;Sandbags;Waterproofing walls & floors;Green garden;Rain barrel;Water pump
2,a589,-23,-76000.0,"{'rain_damage': 5, 'river_damage': 9}",48000,,Personal improvements;Modest house renovations;Structual house changes;Flood insurance;Green garden;Sandbags
2,a590,-18,-35000.0,"{'rain_damage': 5, 'river_damage': 9}",40000,Flood insurance,Personal improvements;Modest house renovations;Structual house changes;Flood insurance;Sandbags;Waterproofing walls & floors;Water pump;Flood insurance
2,a591,-26,-82000.0,"{'rain_damage': 5, 'river_damage': 9}",52000,,Personal improvements;Modest house renovations;Structual house changes;Flood insurance;Sandbags
2,a592,-24,-73000.0,"{'rain_damage': 5, 'river_damage': 9}",48000,,Personal improvements;Modest house renovations;Structual house changes;Flood insurance;Sandbags;Water pump
2,a593,-23,-76000.0,"{'rain_damage': 5, 'river_damage': 9}",48000,,Personal improvements;Modest house renovations;Structual house changes;Flood insurance;Green garden;Sandbags
2,a594,-29,-104000.0,"{'rain_damage': 5, 'river_damage': 9}",56000,,Personal improvements;Modest house renovations;Structual house changes
2,a595,-29,-104000.0,"{'rain_damage': 5, 'river_damage': 9}",56000,,Personal improvements;Modest house renovations;Structual house changes
2,a596,-23,-76000.0,"{'rain_damage': 5, 'river_damage': 9}",48000,,Personal improvements;Modest house renovations;Structual house changes;Flood insurance;Green garden;Sandbags
2,a597,-17,-39000.0,"{'rain_damage': 5, 'river_damage': 9}",40000,Flood insurance,Personal improvements;Modest house renovations;Structual house changes;Flood insurance;Sandbags;Waterproofing walls & floors;Green garden;Flood insurance
2,a598,-29,-110000.0,"{'rain_damage': 5, 'river_damage': 9}",56000,,Personal improvements;Modest house renovations;Flood insurance
2,a599,-6,-21000.0,"{'rain_damage': 5, 'river_damage': 9}",24000,Personal improvements;Modest house renovations;Flood insurance,Personal improvements;Modest house renovations;Structual house changes;Flood insurance;Water pump;Sandbags;Waterproofing walls & floors;Green garden;Rain barrel;Self-activating wall;Personal improvements;Modest house renovations;Flood insurance
2,a600,-17,-39000.0,"{'rain_damage': 5, 'river_damage': 9}",40000,Flood insurance,Personal improvements;Modest house renovations;Structual house changes;Flood insurance;Sandbags;Waterproofing walls & floors;Green garden;Flood insurance
2,a601,-5,-3000.0,"{'rain_damage': 5, 'river_damage': 9}",24000,Personal improvements;Modest house renovations;Structual house changes;Flood insurance,Personal improvements;Modest house renovations;Structual house changes;Flood insurance;Water pump;Self-activating wall;Sandbags;Waterproofing walls & floors;Green garden;Rain barrel;Personal improvements;Modest house renovations;Structual house changes;Flood insurance
2,a602,-19,-59000.0,"{'rain_damage': 5, 'river_damage': 9}",40000,,Personal improvements;Modest house renovations;Structual house changes;Flood insurance;Sandbags;Waterproofing walls & floors;Water pump
2,a603,-27,-100000.0,"{'rain_damage': 5, 'river_damage': 9}",52000,,Personal improvements;Modest house renovations;Flood insurance;Sandbags
2,a604,-18,-35000.0,"{'rain_damage': 5, 'river_damage': 9}",40000,Flood insurance,Personal improvements;Modest house renovations;Structual house changes;Flood insurance;Sandbags;Waterproofing walls & floors;Water pump;Flood insurance
2,a605,-26,-82000.0,"{'rain_damage': 5, 'river_damage': 9}",52000,,Personal improvements;Modest house renovations;Structual house changes;Flood insurance;Sandbags
2,a606,-27,-91000.0,"{'rain_damage': 5, 'river_damage': 9}",52000,,Personal improvements;Modest house renovations;Structual house changes;Sandbags
2,a607,-26,-82000.0,"{'rain_damage': 5, 'river_damage': 9}",52000,,Personal improvements;Modest house renovations;Structual house changes;Flood insurance;Sandbags
2,a608,-17,-36000.0,"{'rain_damage': 5, 'river_damage': 9}",40000,Flood insurance,Personal improvements;Modest house renovations;Structual house changes;Flood insurance;Sandbags;Waterproofing walls & floors;Green garden;Flood insurance
2,a609,-12,-39000.0,"{'rain_damage': 5, 'river_damage': 9}",28000,,Personal improvements;Modest house renovations;Structual house changes;Flood insurance;Sandbags;Waterproofing walls & floors;Green garden;Water pump;Self-activating wall
2,a610,-26,-82000.0,"{'rain_damage': 5, 'river_damage': 9}",52000,,Personal improvements;Modest house renovations;Structual house changes;Flood insurance;Sandbags
2,a611,-27,-95000.0,"{'rain_damage': 5, 'river_damage': 9}",52000,,Personal improvements;Modest house renovations;Flood insurance;Sandbags
2,a612,-25,-91000.0,"{'rain_damage': 5, 'river_damage': 9}",52000,,Personal improvements;Modest house renovations;Structual house changes;Flood insurance;Green garden
2,a613,-26,-87000.0,"{'rain_damage': 5, 'river_damage': 9}",52000,,Personal improvements;Modest house renovations;Structual house changes;Flood insurance;Sandbags
2,a614,-19,-59000.0,"{'rain_damage': 5, 'river_damage': 9}",40000,,Personal improvements;Modest house renovations;Structual house changes;Flood insurance;Sandbags;Waterproofing walls & floors;Water pump
2,a615,-13,-55000.0,"{'rain_damage': 5, 'river_damage': 9}",32000,,Personal improvements;Modest house renovations;Structual house changes;Flood insurance;Sandbags;Waterproofing walls & floors;Green garden;Rain barrel;Water pump
2,a616,-16,-53000.0,"{'rain_damage': 5, 'river_damage': 9}",36000,,Personal improvements;Modest house renovations;Structual house changes;Flood insurance;Sandbags;Waterproofing walls & floors;Green garden;Water pump
2,a617,-16,-63000.0,"{'rain_damage': 5, 'river_damage': 9}",36000,,Personal improvements;Modest house renovations;Structual house changes;Flood insurance;Sandbags;Waterproofing walls & floors;Green garden;Water pump
2,a618,-29,-108000.0,"{'rain_damage': 5, 'river_damage': 9}",56000,,Personal improvements;Modest house renovations;Flood insurance
2,a619,-28,-100000.0,"{'rain_damage': 5, 'river_damage': 9}",56000,,Personal improvements;Modest house renovations;Structual house changes;Flood insurance
2,a620,-21,-66000.0,"{'rain_damage': 5, 'river_damage': 9}",44000,,Personal improvements;Modest house renovations;Structual house changes;Flood insurance;Waterproofing walls & floors;Sandbags
2,a621,-26,-92000.0,"{'rain_damage': 5, 'river_damage': 9}",52000,,Personal improvements;Modest house renovations;Structual house changes;Flood insurance;Sandbags
2,a622,-25,-81000.0,"{'rain_damage': 5, 'river_damage': 9}",52000,,Personal improvements;Modest house renovations;Structual house changes;Flood insurance;Green garden
2,a623,-26,-77000.0,"{'rain_damage': 5, 'river_damage': 9}",52000,,Personal improvements;Modest house renovations;Structual house changes;Flood insurance;Sandbags
2,a624,-9,-41000.0,"{'rain_damage': 5, 'river_damage': 9}",24000,,Personal improvements;Modest house renovations;Structual house changes;Flood insurance;Sandbags;Waterproofing walls & floors;Green garden;Rain barrel;Water pump;Self-activating wall
2,a625,-26,-92000.0,"{'rain_damage': 5, 'river_damage': 9}",52000,,Personal improvements;Modest house renovations;Structual house changes;Flood insurance;Sandbags
2,a626,-27,-95000.0,"{'rain_damage': 5, 'river_damage': 9}",52000,,Personal improvements;Modest house renovations;Flood insurance;Sandbags
2,a627,-16,-63000.0,"{'rain_damage': 5, 'river_damage': 9}",36000,,Personal improvements;Modest house renovations;Structual house changes;Flood insurance;Sandbags;Waterproofing walls & floors;Green garden;Water pump
2,a628,-15,-47000.0,"{'rain_damage': 5, 'river_damage': 9}",36000,,Personal improvements;Modest house renovations;Structual house changes;Flood insurance;Sandbags;Waterproofing walls & floors;Green garden;Rain barrel
2,a629,-12,-39000.0,"{'rain_damage': 5, 'river_damage': 9}",28000,,Personal improvements;Modest house renovations;Structual house changes;Flood insurance;Sandbags;Waterproofing walls & floors;Green garden;Water pump;Self-activating wall
2,a630,-28,-100000.0,"{'rain_damage': 5, 'river_damage': 9}",56000,,Personal improvements;Modest house renovations;Structual house changes;Flood insurance
2,a631,-29,-110000.0,"{'rain_damage': 5, 'river_damage': 9}",56000,,Personal improvements;Modest house renovations;Flood insurance
2,a632,-9,-41000.0,"{'rain_damage': 5, 'river_damage': 9}",24000,,Personal improvements;Modest house renovations;Structual house changes;Flood insurance;Sandbags;Waterproofing walls & floors;Green garden;Rain barrel;Water pump;Self-activating wall
2,a633,-17,-39000.0,"{'rain_damage': 5, 'river_damage': 9}",40000,Flood insurance,Personal improvements;Modest house renovations;Structual house changes;Flood insurance;Sandbags;Waterproofing walls & floors;Green garden;Flood insurance
2,a634,-18,-55000.0,"{'rain_damage': 5, 'river_damage': 9}",40000,,Personal improvements;Modest house renovations;Structual house changes;Flood insurance;Sandbags;Waterproofing walls & floors;Green garden
2,a635,-26,-77000.0,"{'rain_damage': 5, 'river_damage': 9}",52000,,Personal improvements;Modest house renovations;Structual house changes;Flood insurance;Sandbags
2,a636,-12,-21000.0,"{'rain_damage': 5, 'river_damage': 9}",32000,Flood insurance,Personal improvements;Modest house renovations;Structual house changes;Flood insurance;Sandbags;Waterproofing walls & floors;Green garden;Rain barrel;Water pump;Flood insurance
2,a637,-13,-55000.0,"{'rain_damage': 5, 'river_damage': 9}",32000,,Personal improvements;Modest house renovations;Structual house changes;Flood insurance;Sandbags;Waterproofing walls & floors;Green garden;Rain barrel;Water pump
2,a638,-12,-21000.0,"{'rain_damage': 5, 'river_damage': 9}",32000,Flood insurance,Personal improvements;Modest house renovations;Structual house changes;Flood insurance;Sandbags;Waterproofing walls & floors;Green garden;Rain barrel;Water pump;Flood insurance
2,a639,-27,-100000.0,"{'rain_damage': 5, 'river_damage': 9}",52000,,Personal improvements;Modest house renovations;Flood insurance;Sandbags
2,a640,-17,-36000.0,"{'rain_damage': 5, 'river_damage': 9}",40000,Flood insurance,Personal improvements;Modest house renovations;Structual house changes;Flood insurance;Sandbags;Waterproofing walls & floors;Green garden;Flood insurance
2,a641,-21,-71000.0,"{'rain_damage': 5, 'river_damage': 9}",44000,,Personal improvements;Modest house renovations;Structual house changes;Flood insurance;Waterproofing walls & floors;Sandbags
2,a642,-24,-73000.0,"{'rain_damage': 5, 'river_damage': 9}",48000,,Personal improvements;Modest house renovations;Structual house changes;Flood insurance;Sandbags;Water pump
2,a643,-29,-108000.0,"{'rain_damage': 5, 'river_damage': 9}",56000,,Personal improvements;Modest house renovations;Flood insurance
2,a644,-26,-92000.0,"{'rain_damage': 5, 'river_damage': 9}",52000,,Personal improvements;Modest house renovations;Structual house changes;Flood insurance;Sandbags
2,a645,-26,-82000.0,"{'rain_damage': 5, 'river_damage': 9}",52000,,Personal improvements;Modest house renovations;Structual house changes;Flood insurance;Sandbags
2,a646,-26,-82000.0,"{'rain_damage': 5, 'river_damage': 9}",52000,,Personal improvements;Modest house renovations;Structual house changes;Flood insurance;Sandbags
2,a647,-14,-36000.0,"{'rain_damage': 5, 'river_damage': 9}",36000,Flood insurance;Personal improvements,Personal improvements;Modest house renovations;Structual house changes;Flood insurance;Sandbags;Waterproofing walls & floors;Green garden;Water pump;Flood insurance;Personal improvements
2,a648,-14,-36000.0,"{'rain_damage': 5, 'river_damage': 9}",36000,Flood insurance;Personal improvements,Personal improvements;Modest house renovations;Structual house changes;Flood insurance;Sandbags;Waterproofing walls & floors;Green garden;Water pump;Flood insurance;Personal improvements
2,a649,-27,-91000.0,"{'rain_damage': 5, 'river_damage': 9}",52000,,Personal improvements;Modest house renovations;Structual house changes;Sandbags
2,a650,-26,-92000.0,"{'rain_damage': 5, 'river_damage': 9}",52000,,Personal improvements;Modest house renovations;Structual house changes;Flood insurance;Sandbags
2,a651,-27,-91000.0,"{'rain_damage': 5, 'river_damage': 9}",52000,,Personal improvements;Modest house renovations;Structual house changes;Sandbags
2,a652,-27,-95000.0,"{'rain_damage': 5, 'river_damage': 9}",52000,,Personal improvements;Modest house renovations;Flood insurance;Sandbags
2,a653,-25,-91000.0,"{'rain_damage': 5, 'river_damage': 9}",52000,,Personal improvements;Modest house renovations;Structual house changes;Flood insurance;Green garden
2,a654,-17,-39000.0,"{'rain_damage': 5, 'river_damage': 9}",40000,Flood insurance,Personal improvements;Modest house renovations;Structual house changes;Flood insurance;Sandbags;Waterproofing walls & floors;Green garden;Flood insurance
2,a655,-23,-76000.0,"{'rain_damage': 5, 'river_damage': 9}",48000,,Personal improvements;Modest house renovations;Structual house changes;Flood insurance;Green garden;Sandbags
2,a656,-14,-36000.0,"{'rain_damage': 5, 'river_damage': 9}",36000,Flood insurance;Personal improvements,Personal improvements;Modest house renovations;Structual house changes;Flood insurance;Sandbags;Waterproofing walls & floors;Green garden;Water pump;Flood insurance;Personal improvements
2,a657,-6,-21000.0,"{'rain_damage': 5, 'river_damage': 9}",24000,Personal improvements;Modest house renovations;Flood insurance,Personal improvements;Modest house renovations;Structual house changes;Flood insurance;Water pump;Sandbags;Waterproofing walls & floors;Green garden;Rain barrel;Self-activating wall;Personal improvements;Modest house renovations;Flood insurance
2,a658,-21,-66000.0,"{'rain_damage': 5, 'river_damage': 9}",44000,,Personal improvements;Modest house renovations;Structual house changes;Flood insurance;Waterproofing walls & floors;Sandbags
2,a659,-26,-87000.0,"{'rain_damage': 5, 'river_damage': 9}",52000,,Personal improvements;Modest house renovations;Structual house changes;Flood insurance;Sandbags
2,a660,-26,-77000.0,"{'rain_damage': 5, 'river_damage': 9}",52000,,Personal improvements;Modest house renovations;Structual house changes;Flood insurance;Sandbags
2,a661,-16,-53000.0,"{'rain_damage': 5, 'river_damage': 9}",36000,,Personal improvements;Modest house renovations;Structual house changes;Flood insurance;Sandbags;Waterproofing walls & floors;Green garden;Water pump
2,a662,-15,-47000.0,"{'rain_damage': 5, 'river_damage': 9}",36000,,Personal improvements;Modest house renovations;Structual house changes;Flood insurance;Sandbags;Waterproofing walls & floors;Green garden;Rain barrel
2,a663,-21,-71000.0,"{'rain_damage': 5, 'river_damage': 9}",44000,,Personal improvements;Modest house renovations;Structual house changes;Flood insurance;Waterproofing walls & floors;Sandbags
2,a664,-26,-92000.0,"{'rain_damage': 5, 'river_damage': 9}",52000,,Personal improvements;Modest house renovations;Structual house changes;Flood insurance;Sandbags
2,a665,-27,-95000.0,"{'rain_damage': 5, 'river_damage': 9}",52000,,Personal improvements;Modest house renovations;Flood insurance;Sandbags
2,a666,-9,-31000.0,"{'rain_damage': 5, 'river_damage': 9}",24000,,Personal improvements;Modest house renovations;Structual house changes;Flood insurance;Water pump;Sandbags;Waterproofing walls & floors;Green garden;Rain barrel;Self-activating wall
2,a667,-26,-92000.0,"{'rain_damage': 5, 'river_damage': 9}",52000,,Personal improvements;Modest house renovations;Structual house changes;Flood insurance;Sandbags
2,a668,-26,-87000.0,"{'rain_damage': 5, 'river_damage': 9}",52000,,Personal improvements;Modest house renovations;Structual house changes;Flood insurance;Sandbags
2,a669,-12,-39000.0,"{'rain_damage': 5, 'river_damage': 9}",28000,,Personal improvements;Modest house renovations;Structual house changes;Flood insurance;Sandbags;Waterproofing walls & floors;Green garden;Water pump;Self-activating wall
2,a670,-23,-76000.0,"{'rain_damage': 5, 'river_damage': 9}",48000,,Personal improvements;Modest house renovations;Structual house changes;Flood insurance;Green garden;Sandbags
2,a671,-25,-91000.0,"{'rain_damage': 5, 'river_damage': 9}",52000,,Personal improvements;Modest house renovations;Structual house changes;Flood insurance;Green garden
2,a672,-26,-82000.0,"{'rain_damage': 5, 'river_damage': 9}",52000,,Personal improvements;Modest house renovations;Structual house changes;Flood insurance;Sandbags
2,a673,-25,-91000.0,"{'rain_damage': 5, 'river_damage': 9}",52000,,Personal improvements;Modest house renovations;Structual house changes;Flood insurance;Green garden
2,a674,-26,-92000.0,"{'rain_damage': 5, 'river_damage': 9}",52000,,Personal improvements;Modest house renovations;Structual house changes;Flood insurance;Sandbags
2,a675,-24,-73000.0,"{'rain_damage': 5, 'river_damage': 9}",48000,,Personal improvements;Modest house renovations;Structual house changes;Flood insurance;Sandbags;Water pump
2,a676,-15,-47000.0,"{'rain_damage': 5, 'river_damage': 9}",36000,,Personal improvements;Modest house renovations;Structual house changes;Flood insurance;Sandbags;Waterproofing walls & floors;Green garden;Rain barrel
2,a677,-17,-36000.0,"{'rain_damage': 5, 'river_damage': 9}",40000,Flood insurance,Personal improvements;Modest house renovations;Structual house changes;Flood insurance;Sandbags;Waterproofing walls & floors;Green garden;Flood insurance
2,a678,-28,-100000.0,"{'rain_damage': 5, 'river_damage': 9}",56000,,Personal improvements;Modest house renovations;Structual house changes;Flood insurance
2,a679,-19,-59000.0,"{'rain_damage': 5, 'river_damage': 9}",40000,,Personal improvements;Modest house renovations;Structual house changes;Flood insurance;Sandbags;Waterproofing walls & floors;Water pump
2,a680,-25,-81000.0,"{'rain_damage': 5, 'river_damage': 9}",52000,,Personal improvements;Modest house renovations;Structual house changes;Flood insurance;Green garden
2,a681,-18,-75000.0,"{'rain_damage': 5, 'river_damage': 9}",40000,,Personal improvements;Modest house renovations;Structual house changes;Flood insurance;Sandbags;Waterproofing walls & floors;Green garden
2,a682,-9,-31000.0,"{'rain_damage': 5, 'river_damage': 9}",24000,,Personal improvements;Modest house renovations;Structual house changes;Flood insurance;Water pump;Sandbags;Waterproofing walls & floors;Green garden;Rain barrel;Self-activating wall
2,a683,-14,-36000.0,"{'rain_damage': 5, 'river_damage': 9}",36000,Flood insurance;Personal improvements,Personal improvements;Modest house renovations;Structual house changes;Flood insurance;Sandbags;Waterproofing walls & floors;Green garden;Water pump;Flood insurance;Personal improvements
2,a684,-9,-41000.0,"{'rain_damage': 5, 'river_damage': 9}",24000,,Personal improvements;Modest house renovations;Structual house changes;Flood insurance;Sandbags;Waterproofing walls & floors;Green garden;Rain barrel;Water pump;Self-activating wall
2,a685,-19,-59000.0,"{'rain_damage': 5, 'river_damage': 9}",40000,,Personal improvements;Modest house renovations;Structual house changes;Flood insurance;Sandbags;Waterproofing walls & floors;Water pump
2,a686,-29,-110000.0,"{'rain_damage': 5, 'river_damage': 9}",56000,,Personal improvements;Modest house renovations;Flood insurance
2,a687,-26,-82000.0,"{'rain_damage': 5, 'river_damage': 9}",52000,,Personal improvements;Modest house renovations;Structual house changes;Flood insurance;Sandbags
2,a688,-25,-81000.0,"{'rain_damage': 5, 'river_damage': 9}",52000,,Personal improvements;Modest house renovations;Structual house changes;Flood insurance;Green garden
2,a689,-6,-21000.0,"{'rain_damage': 5, 'river_damage': 9}",24000,Personal improvements;Modest house renovations;Flood insurance,Personal improvements;Modest house renovations;Structual house changes;Flood insurance;Water pump;Sandbags;Waterproofing walls & floors;Green garden;Rain barrel;Self-activating wall;Personal improvements;Modest house renovations;Flood insurance
2,a690,-17,-36000.0,"{'rain_damage': 5, 'river_damage': 9}",40000,Flood insurance,Personal improvements;Modest house renovations;Structual house changes;Flood insurance;Sandbags;Waterproofing walls & floors;Green garden;Flood insurance
2,a691,-12,-21000.0,"{'rain_damage': 5, 'river_damage': 9}",32000,Flood insurance,Personal improvements;Modest house renovations;Structual house changes;Flood insurance;Sandbags;Waterproofing walls & floors;Green garden;Rain barrel;Water pump;Flood insurance
2,a692,-26,-87000.0,"{'rain_damage': 5, 'river_damage': 9}",52000,,Personal improvements;Modest house renovations;Structual house changes;Flood insurance;Sandbags
2,a693,-26,-102000.0,"{'rain_damage': 5, 'river_damage': 9}",52000,,Personal improvements;Modest house renovations;Structual house changes;Flood insurance;Sandbags
2,a694,-12,-39000.0,"{'rain_damage': 5, 'river_damage': 9}",28000,,Personal improvements;Modest house renovations;Structual house changes;Flood insurance;Sandbags;Waterproofing walls & floors;Green garden;Water pump;Self-activating wall
2,a695,-26,-92000.0,"{'rain_damage': 5, 'river_damage': 9}",52000,,Personal improvements;Modest house renovations;Structual house changes;Flood insurance;Sandbags
2,a696,-26,-77000.0,"{'rain_damage': 5, 'river_damage': 9}",52000,,Personal improvements;Modest house renovations;Structual house changes;Flood insurance;Sandbags
2,a697,-24,-73000.0,"{'rain_damage': 5, 'river_damage': 9}",48000,,Personal improvements;Modest house renovations;Structual house changes;Flood insurance;Sandbags;Water pump
2,a698,-27,-95000.0,"{'rain_damage': 5, 'river_damage': 9}",52000,,Personal improvements;Modest house renovations;Flood insurance;Sandbags
2,a699,-29,-108000.0,"{'rain_damage': 5, 'river_damage': 9}",56000,,Personal improvements;Modest house renovations;Flood insurance
2,a700,-26,-87000.0,"{'rain_damage': 5, 'river_damage': 9}",52000,,Personal improvements;Modest house renovations;Structual house changes;Flood insurance;Sandbags
2,a701,-6,-21000.0,"{'rain_damage': 5, 'river_damage': 9}",24000,Personal improvements;Modest house renovations;Flood insurance,Personal improvements;Modest house renovations;Structual house changes;Flood insurance;Water pump;Sandbags;Waterproofing walls & floors;Green garden;Rain barrel;Self-activating wall;Personal improvements;Modest house renovations;Flood insurance
2,a702,-25,-91000.0,"{'rain_damage': 5, 'river_damage': 9}",52000,,Personal improvements;Modest house renovations;Structual house changes;Flood insurance;Green garden
2,a703,-12,-21000.0,"{'rain_damage': 5, 'river_damage': 9}",32000,Flood insurance,Personal improvements;Modest house renovations;Structual house changes;Flood insurance;Sandbags;Waterproofing walls & floors;Green garden;Rain barrel;Water pump;Flood insurance
2,a704,-26,-77000.0,"{'rain_damage': 5, 'river_damage': 9}",52000,,Personal improvements;Modest house renovations;Structual house changes;Flood insurance;Sandbags
2,a705,-26,-92000.0,"{'rain_damage': 5, 'river_damage': 9}",52000,,Personal improvements;Modest house renovations;Structual house changes;Flood insurance;Sandbags
2,a706,-9,-21000.0,"{'rain_damage': 5, 'river_damage': 9}",24000,,Personal improvements;Modest house renovations;Structual house changes;Flood insurance;Water pump;Sandbags;Waterproofing walls & floors;Green garden;Rain barrel;Self-activating wall
2,a707,-29,-110000.0,"{'rain_damage': 5, 'river_damage': 9}",56000,,Personal improvements;Modest house renovations;Flood insurance
2,a708,-25,-81000.0,"{'rain_damage': 5, 'river_damage': 9}",52000,,Personal improvements;Modest house renovations;Structual house changes;Flood insurance;Green garden
2,a709,-26,-102000.0,"{'rain_damage': 5, 'river_damage': 9}",52000,,Personal improvements;Modest house renovations;Structual house changes;Flood insurance;Sandbags
2,a710,-5,-3000.0,"{'rain_damage': 5, 'river_damage': 9}",24000,Personal improvements;Modest house renovations;Structual house changes;Flood insurance,Personal improvements;Modest house renovations;Structual house changes;Flood insurance;Water pump;Self-activating wall;Sandbags;Waterproofing walls & floors;Green garden;Rain barrel;Personal improvements;Modest house renovations;Structual house changes;Flood insurance
2,a711,-18,-75000.0,"{'rain_damage': 5, 'river_damage': 9}",40000,,Personal improvements;Modest house renovations;Structual house changes;Flood insurance;Sandbags;Waterproofing walls & floors;Green garden
2,a712,-26,-92000.0,"{'rain_damage': 5, 'river_damage': 9}",52000,,Personal improvements;Modest house renovations;Structual house changes;Flood insurance;Sandbags
2,a713,-8,-17000.0,"{'rain_damage': 5, 'river_damage': 9}",24000,Flood insurance,Personal improvements;Modest house renovations;Structual house changes;Flood insurance;Water pump;Sandbags;Waterproofing walls & floors;Green garden;Rain barrel;Self-activating wall;Flood insurance
2,a714,-26,-77000.0,"{'rain_damage': 5, 'river_damage': 9}",52000,,Personal improvements;Modest house renovations;Structual house changes;Flood insurance;Sandbags
2,a715,-28,-100000.0,"{'rain_damage': 5, 'river_damage': 9}",56000,,Personal improvements;Modest house renovations;Structual house changes;Flood insurance
2,a716,-26,-87000.0,"{'rain_damage': 5, 'river_damage': 9}",52000,,Personal improvements;Modest house renovations;Structual house changes;Flood insurance;Sandbags
2,a717,-5,-3000.0,"{'rain_damage': 5, 'river_damage': 9}",24000,Personal improvements;Modest house renovations;Structual house changes;Flood insurance,Personal improvements;Modest house renovations;Structual house changes;Flood insurance;Water pump;Self-activating wall;Sandbags;Waterproofing walls & floors;Green garden;Rain barrel;Personal improvements;Modest house renovations;Structual house changes;Flood insurance
2,a718,-9,-21000.0,"{'rain_damage': 5, 'river_damage': 9}",24000,,Personal improvements;Modest house renovations;Structual house changes;Flood insurance;Water pump;Sandbags;Waterproofing walls & floors;Green garden;Rain barrel;Self-activating wall
2,a719,-23,-76000.0,"{'rain_damage': 5, 'river_damage': 9}",48000,,Personal improvements;Modest house renovations;Structual house changes;Flood insurance;Green garden;Sandbags
2,a720,-23,-91000.0,"{'rain_damage': 5, 'river_damage': 9}",48000,,Personal improvements;Modest house renovations;Structual house changes;Flood insurance;Green garden;Sandbags
2,a721,-14,-36000.0,"{'rain_damage': 5, 'river_damage': 9}",36000,Flood insurance;Personal improvements,Personal improvements;Modest house renovations;Structual house changes;Flood insurance;Sandbags;Waterproofing walls & floors;Green garden;Water pump;Flood insurance;Personal improvements
2,a722,-27,-95000.0,"{'rain_damage': 5, 'river_damage': 9}",52000,,Personal improvements;Modest house renovations;Flood insurance;Sandbags
2,a723,-27,-100000.0,"{'rain_damage': 5, 'river_damage': 9}",52000,,Personal improvements;Modest house renovations;Flood insurance;Sandbags
2,a724,-26,-87000.0,"{'rain_damage': 5, 'river_damage': 9}",52000,,Personal improvements;Modest house renovations;Structual house changes;Flood insurance;Sandbags
2,a725,-21,-81000.0,"{'rain_damage': 5, 'river_damage': 9}",44000,,Personal improvements;Modest house renovations;Structual house changes;Flood insurance;Waterproofing walls & floors;Sandbags
2,a726,-26,-102000.0,"{'rain_damage': 5, 'river_damage': 9}",52000,,Personal improvements;Modest house renovations;Structual house changes;Flood insurance;Sandbags
2,a727,-26,-77000.0,"{'rain_damage': 5, 'river_damage': 9}",52000,,Personal improvements;Modest house renovations;Structual house changes;Flood insurance;Sandbags
2,a728,-9,-31000.0,"{'rain_damage': 5, 'river_damage': 9}",24000,,Personal improvements;Modest house renovations;Structual house changes;Flood insurance;Water pump;Sandbags;Waterproofing walls & floors;Green garden;Rain barrel;Self-activating wall
2,a729,-18,-55000.0,"{'rain_damage': 5, 'river_damage': 9}",40000,,Personal improvements;Modest house renovations;Structual house changes;Flood insurance;Sandbags;Waterproofing walls & floors;Green garden
2,a730,-14,-36000.0,"{'rain_damage': 5, 'river_damage': 9}",36000,Flood insurance;Personal improvements,Personal improvements;Modest house renovations;Structual house changes;Flood insurance;Sandbags;Waterproofing walls & floors;Green garden;Water pump;Flood insurance;Personal improvements
2,a731,-26,-82000.0,"{'rain_damage': 5, 'river_damage': 9}",52000,,Personal improvements;Modest house renovations;Structual house changes;Flood insurance;Sandbags
2,a732,-21,-71000.0,"{'rain_damage': 5, 'river_damage': 9}",44000,,Personal improvements;Modest house renovations;Structual house changes;Flood insurance;Waterproofing walls & floors;Sandbags
2,a733,-29,-110000.0,"{'rain_damage': 5, 'river_damage': 9}",56000,,Personal improvements;Modest house renovations;Flood insurance
2,a734,-26,-77000.0,"{'rain_damage': 5, 'river_damage': 9}",52000,,Personal improvements;Modest house renovations;Structual house changes;Flood insurance;Sandbags
2,a735,-25,-81000.0,"{'rain_damage': 5, 'river_damage': 9}",52000,,Personal improvements;Modest house renovations;Structual house changes;Flood insurance;Green garden
2,a736,-21,-66000.0,"{'rain_damage': 5, 'river_damage': 9}",44000,,Personal improvements;Modest house renovations;Structual house changes;Flood insurance;Waterproofing walls & floors;Sandbags
2,a737,-8,-17000.0,"{'rain_damage': 5, 'river_damage': 9}",24000,Flood insurance,Personal improvements;Modest house renovations;Structual house changes;Flood insurance;Water pump;Sandbags;Waterproofing walls & floors;Green garden;Rain barrel;Self-activating wall;Flood insurance
2,a738,-26,-85000.0,"{'rain_damage': 5, 'river_damage': 9}",52000,,Personal improvements;Modest house renovations;Structual house changes;Flood insurance;Sandbags
2,a739,-5,-3000.0,"{'rain_damage': 5, 'river_damage': 9}",24000,Personal improvements;Modest house renovations;Structual house changes;Flood insurance,Personal improvements;Modest house renovations;Structual house changes;Flood insurance;Water pump;Self-activating wall;Sandbags;Waterproofing walls & floors;Green garden;Rain barrel;Personal improvements;Modest house renovations;Structual house changes;Flood insurance
2,a740,-17,-39000.0,"{'rain_damage': 5, 'river_damage': 9}",40000,Flood insurance,Personal improvements;Modest house renovations;Structual house changes;Flood insurance;Sandbags;Waterproofing walls & floors;Green garden;Flood insurance
2,a741,-19,-59000.0,"{'rain_damage': 5, 'river_damage': 9}",40000,,Personal improvements;Modest house renovations;Structual house changes;Flood insurance;Sandbags;Waterproofing walls & floors;Water pump
2,a742,-21,-81000.0,"{'rain_damage': 5, 'river_damage': 9}",44000,,Personal improvements;Modest house renovations;Structual house changes;Flood insurance;Waterproofing walls & floors;Sandbags
2,a743,-24,-73000.0,"{'rain_damage': 5, 'river_damage': 9}",48000,,Personal improvements;Modest house renovations;Structual house changes;Flood insurance;Sandbags;Water pump
2,a744,-24,-73000.0,"{'rain_damage': 5, 'river_damage': 9}",48000,,Personal improvements;Modest house renovations;Structual house changes;Flood insurance;Sandbags;Water pump
2,a745,-25,-91000.0,"{'rain_damage': 5, 'river_damage': 9}",52000,,Personal improvements;Modest house renovations;Structual house changes;Flood insurance;Green garden
2,a746,-14,-36000.0,"{'rain_damage': 5, 'river_damage': 9}",36000,Flood insurance;Personal improvements,Personal improvements;Modest house renovations;Structual house changes;Flood insurance;Sandbags;Waterproofing walls & floors;Green garden;Water pump;Flood insurance;Personal improvements
2,a747,-26,-102000.0,"{'rain_damage': 5, 'river_damage': 9}",52000,,Personal improvements;Modest house renovations;Structual house changes;Flood insurance;Sandbags
2,a748,-13,-55000.0,"{'rain_damage': 5, 'river_damage': 9}",32000,,Personal improvements;Modest house renovations;Structual house changes;Flood insurance;Sandbags;Waterproofing walls & floors;Green garden;Rain barrel;Water pump
2,a749,-23,-76000.0,"{'rain_damage': 5, 'river_damage': 9}",48000,,Personal improvements;Modest house renovations;Structual house changes;Flood insurance;Green garden;Sandbags
2,a750,-23,-76000.0,"{'rain_damage': 5, 'river_damage': 9}",48000,,Personal improvements;Modest house renovations;Structual house changes;Flood insurance;Green garden;Sandbags
2,a751,-26,-92000.0,"{'rain_damage': 5, 'river_damage': 9}",52000,,Personal improvements;Modest house renovations;Structual house changes;Flood insurance;Sandbags
2,a752,-26,-92000.0,"{'rain_damage': 5, 'river_damage': 9}",52000,,Personal improvements;Modest house renovations;Structual house changes;Flood insurance;Sandbags
2,a753,-18,-55000.0,"{'rain_damage': 5, 'river_damage': 9}",40000,,Personal improvements;Modest house renovations;Structual house changes;Flood insurance;Sandbags;Waterproofing walls & floors;Green garden
2,a754,-27,-95000.0,"{'rain_damage': 5, 'river_damage': 9}",52000,,Personal improvements;Modest house renovations;Flood insurance;Sandbags
2,a755,-29,-108000.0,"{'rain_damage': 5, 'river_damage': 9}",56000,,Personal improvements;Modest house renovations;Flood insurance
2,a756,-12,-21000.0,"{'rain_damage': 5, 'river_damage': 9}",32000,Flood insurance,Personal improvements;Modest house renovations;Structual house changes;Flood insurance;Sandbags;Waterproofing walls & floors;Green garden;Rain barrel;Water pump;Flood insurance
2,a757,-26,-87000.0,"{'rain_damage': 5, 'river_damage': 9}",52000,,Personal improvements;Modest house renovations;Structual house changes;Flood insurance;Sandbags
2,a758,-18,-35000.0,"{'rain_damage': 5, 'river_damage': 9}",40000,Flood insurance,Personal improvements;Modest house renovations;Structual house changes;Flood insurance;Sandbags;Waterproofing walls & floors;Water pump;Flood insurance
2,a759,-29,-104000.0,"{'rain_damage': 5, 'river_damage': 9}",56000,,Personal improvements;Modest house renovations;Structual house changes
2,a760,-21,-81000.0,"{'rain_damage': 5, 'river_damage': 9}",44000,,Personal improvements;Modest house renovations;Structual house changes;Flood insurance;Waterproofing walls & floors;Sandbags
2,a761,-8,-17000.0,"{'rain_damage': 5, 'river_damage': 9}",24000,Flood insurance,Personal improvements;Modest house renovations;Structual house changes;Flood insurance;Water pump;Sandbags;Waterproofing walls & floors;Green garden;Rain barrel;Self-activating wall;Flood insurance
2,a762,-17,-36000.0,"{'rain_damage': 5, 'river_damage': 9}",40000,Flood insurance,Personal improvements;Modest house renovations;Structual house changes;Flood insurance;Sandbags;Waterproofing walls & floors;Green garden;Flood insurance
2,a763,-23,-91000.0,"{'rain_damage': 5, 'river_damage': 9}",48000,,Personal improvements;Modest house renovations;Structual house changes;Flood insurance;Green garden;Sandbags
2,a764,-18,-35000.0,"{'rain_damage': 5, 'river_damage': 9}",40000,Flood insurance,Personal improvements;Modest house renovations;Structual house changes;Flood insurance;Sandbags;Waterproofing walls & floors;Water pump;Flood insurance
2,a765,-16,-63000.0,"{'rain_damage': 5, 'river_damage': 9}",36000,,Personal improvements;Modest house renovations;Structual house changes;Flood insurance;Sandbags;Waterproofing walls & floors;Green garden;Water pump
2,a766,-16,-53000.0,"{'rain_damage': 5, 'river_damage': 9}",36000,,Personal improvements;Modest house renovations;Structual house changes;Flood insurance;Sandbags;Waterproofing walls & floors;Green garden;Water pump
2,a767,-9,-41000.0,"{'rain_damage': 5, 'river_damage': 9}",24000,,Personal improvements;Modest house renovations;Structual house changes;Flood insurance;Sandbags;Waterproofing walls & floors;Green garden;Rain barrel;Water pump;Self-activating wall
2,a768,-12,-21000.0,"{'rain_damage': 5, 'river_damage': 9}",32000,Flood insurance,Personal improvements;Modest house renovations;Structual house changes;Flood insurance;Sandbags;Waterproofing walls & floors;Green garden;Rain barrel;Water pump;Flood insurance
2,a769,-12,-39000.0,"{'rain_damage': 5, 'river_damage': 9}",28000,,Personal improvements;Modest house renovations;Structual house changes;Flood insurance;Sandbags;Waterproofing walls & floors;Green garden;Water pump;Self-activating wall
2,a770,-8,-17000.0,"{'rain_damage': 5, 'river_damage': 9}",24000,Flood insurance,Personal improvements;Modest house renovations;Structual house changes;Flood insurance;Water pump;Sandbags;Waterproofing walls & floors;Green garden;Rain barrel;Self-activating wall;Flood insurance
2,a771,-25,-91000.0,"{'rain_damage': 5, 'river_damage': 9}",52000,,Personal improvements;Modest house renovations;Structual house changes;Flood insurance;Green garden
2,a772,-25,-91000.0,"{'rain_damage': 5, 'river_damage': 9}",52000,,Personal improvements;Modest house renovations;Structual house changes;Flood insurance;Green garden
2,a773,-21,-71000.0,"{'rain_damage': 5, 'river_damage': 9}",44000,,Personal improvements;Modest house renovations;Structual house changes;Flood insurance;Waterproofing walls & floors;Sandbags
2,a774,-23,-91000.0,"{'rain_damage': 5, 'river_damage': 9}",48000,,Personal improvements;Modest house renovations;Structual house changes;Flood insurance;Green garden;Sandbags
2,a775,-28,-100000.0,"{'rain_damage': 5, 'river_damage': 9}",56000,,Personal improvements;Modest house renovations;Structual house changes;Flood insurance
2,a776,-19,-59000.0,"{'rain_damage': 5, 'river_damage': 9}",40000,,Personal improvements;Modest house renovations;Structual house changes;Flood insurance;Sandbags;Waterproofing walls & floors;Water pump
2,a777,-27,-91000.0,"{'rain_damage': 5, 'river_damage': 9}",52000,,Personal improvements;Modest house renovations;Structual house changes;Sandbags
2,a778,-25,-81000.0,"{'rain_damage': 5, 'river_damage': 9}",52000,,Personal improvements;Modest house renovations;Structual house changes;Flood insurance;Green garden
2,a779,-6,-21000.0,"{'rain_damage': 5, 'river_damage': 9}",24000,Personal improvements;Modest house renovations;Flood insurance,Personal improvements;Modest house renovations;Structual house changes;Flood insurance;Water pump;Sandbags;Waterproofing walls & floors;Green garden;Rain barrel;Self-activating wall;Personal improvements;Modest house renovations;Flood insurance
2,a780,-21,-71000.0,"{'rain_damage': 5, 'river_damage': 9}",44000,,Personal improvements;Modest house renovations;Structual house changes;Flood insurance;Waterproofing walls & floors;Sandbags
2,a781,-27,-91000.0,"{'rain_damage': 5, 'river_damage': 9}",52000,,Personal improvements;Modest house renovations;Structual house changes;Sandbags
2,a782,-29,-110000.0,"{'rain_damage': 5, 'river_damage': 9}",56000,,Personal improvements;Modest house renovations;Flood insurance
2,a783,-23,-91000.0,"{'rain_damage': 5, 'river_damage': 9}",48000,,Personal improvements;Modest house renovations;Structual house changes;Flood insurance;Green garden;Sandbags
2,a784,-9,-41000.0,"{'rain_damage': 5, 'river_damage': 9}",24000,,Personal improvements;Modest house renovations;Structual house changes;Flood insurance;Sandbags;Waterproofing walls & floors;Green garden;Rain barrel;Water pump;Self-activating wall
2,a785,-12,-39000.0,"{'rain_damage': 5, 'river_damage': 9}",28000,,Personal improvements;Modest house renovations;Structual house changes;Flood insurance;Sandbags;Waterproofing walls & floors;Green garden;Water pump;Self-activating wall
2,a786,-28,-100000.0,"{'rain_damage': 5, 'river_damage': 9}",56000,,Personal improvements;Modest house renovations;Structual house changes;Flood insurance
2,a787,-18,-55000.0,"{'rain_damage': 5, 'river_damage': 9}",40000,,Personal improvements;Modest house renovations;Structual house changes;Flood insurance;Sandbags;Waterproofing walls & floors;Green garden
2,a788,-29,-108000.0,"{'rain_damage': 5, 'river_damage': 9}",56000,,Personal improvements;Modest house renovations;Flood insurance
2,a789,-5,-3000.0,"{'rain_damage': 5, 'river_damage': 9}",24000,Personal improvements;Modest house renovations;Structual house changes;Flood insurance,Personal improvements;Modest house renovations;Structual house changes;Flood insurance;Water pump;Self-activating wall;Sandbags;Waterproofing walls & floors;Green garden;Rain barrel;Personal improvements;Modest house renovations;Structual house changes;Flood insurance
2,a790,-14,-36000.0,"{'rain_damage': 5, 'river_damage': 9}",36000,Flood insurance;Personal improvements,Personal improvements;Modest house renovations;Structual house changes;Flood insurance;Sandbags;Waterproofing walls & floors;Green garden;Water pump;Flood insurance;Personal improvements
2,a791,-5,-3000.0,"{'rain_damage': 5, 'river_damage': 9}",24000,Personal improvements;Modest house renovations;Structual house changes;Flood insurance,Personal improvements;Modest house renovations;Structual house changes;Flood insurance;Water pump;Self-activating wall;Sandbags;Waterproofing walls & floors;Green garden;Rain barrel;Personal improvements;Modest house renovations;Structual house changes;Flood insurance
2,a792,-25,-81000.0,"{'rain_damage': 5, 'river_damage': 9}",52000,,Personal improvements;Modest house renovations;Structual house changes;Flood insurance;Green garden
2,a793,-18,-75000.0,"{'rain_damage': 5, 'river_damage': 9}",40000,,Personal improvements;Modest house renovations;Structual house changes;Flood insurance;Sandbags;Waterproofing walls & floors;Green garden
2,a794,-18,-55000.0,"{'rain_damage': 5, 'river_damage': 9}",40000,,Personal improvements;Modest house renovations;Structual house changes;Flood insurance;Sandbags;Waterproofing walls & floors;Green garden
2,a795,-27,-96000.0,"{'rain_damage': 5, 'river_damage': 9}",52000,,Personal improvements;Modest house renovations;Structual house changes;Sandbags
2,a796,-26,-77000.0,"{'rain_damage': 5, 'river_damage': 9}",52000,,Personal improvements;Modest house renovations;Structual house changes;Flood insurance;Sandbags
2,a797,-16,-63000.0,"{'rain_damage': 5, 'river_damage': 9}",36000,,Personal improvements;Modest house renovations;Structual house changes;Flood insurance;Sandbags;Waterproofing walls & floors;Green garden;Water pump
2,a798,-19,-59000.0,"{'rain_damage': 5, 'river_damage': 9}",40000,,Personal improvements;Modest house renovations;Structual house changes;Flood insurance;Sandbags;Waterproofing walls & floors;Water pump
2,a799,-18,-55000.0,"{'rain_damage': 5, 'river_damage': 9}",40000,,Personal improvements;Modest house renovations;Structual house changes;Flood insurance;Sandbags;Waterproofing walls & floors;Green garden
2,a800,-26,-87000.0,"{'rain_damage': 5, 'river_damage': 9}",52000,,Personal improvements;Modest house renovations;Structual house changes;Flood insurance;Sandbags
2,a801,-19,-59000.0,"{'rain_damage': 5, 'river_damage': 9}",40000,,Personal improvements;Modest house renovations;Structual house changes;Flood insurance;Sandbags;Waterproofing walls & floors;Water pump
2,a802,-26,-82000.0,"{'rain_damage': 5, 'river_damage': 9}",52000,,Personal improvements;Modest house renovations;Structual house changes;Flood insurance;Sandbags
2,a803,-26,-92000.0,"{'rain_damage': 5, 'river_damage': 9}",52000,,Personal improvements;Modest house renovations;Structual house changes;Flood insurance;Sandbags
2,a804,-18,-55000.0,"{'rain_damage': 5, 'river_damage': 9}",40000,,Personal improvements;Modest house renovations;Structual house changes;Flood insurance;Sandbags;Waterproofing walls & floors;Green garden
2,a805,-19,-59000.0,"{'rain_damage': 5, 'river_damage': 9}",40000,,Personal improvements;Modest house renovations;Structual house changes;Flood insurance;Sandbags;Waterproofing walls & floors;Water pump
2,a806,-16,-63000.0,"{'rain_damage': 5, 'river_damage': 9}",36000,,Personal improvements;Modest house renovations;Structual house changes;Flood insurance;Sandbags;Waterproofing walls & floors;Green garden;Water pump
2,a807,-27,-96000.0,"{'rain_damage': 5, 'river_damage': 9}",52000,,Personal improvements;Modest house renovations;Structual house changes;Sandbags
2,a808,-27,-91000.0,"{'rain_damage': 5, 'river_damage': 9}",52000,,Personal improvements;Modest house renovations;Structual house changes;Sandbags
2,a809,-26,-92000.0,"{'rain_damage': 5, 'river_damage': 9}",52000,,Personal improvements;Modest house renovations;Structual house changes;Flood insurance;Sandbags
2,a810,-26,-102000.0,"{'rain_damage': 5, 'river_damage': 9}",52000,,Personal improvements;Modest house renovations;Structual house changes;Flood insurance;Sandbags
2,a811,-26,-92000.0,"{'rain_damage': 5, 'river_damage': 9}",52000,,Personal improvements;Modest house renovations;Structual house changes;Flood insurance;Sandbags
2,a812,-29,-104000.0,"{'rain_damage': 5, 'river_damage': 9}",56000,,Personal improvements;Modest house renovations;Structual house changes
2,a813,-26,-87000.0,"{'rain_damage': 5, 'river_damage': 9}",52000,,Personal improvements;Modest house renovations;Structual house changes;Flood insurance;Sandbags
2,a814,-29,-108000.0,"{'rain_damage': 5, 'river_damage': 9}",56000,,Personal improvements;Modest house renovations;Flood insurance
2,a815,-23,-76000.0,"{'rain_damage': 5, 'river_damage': 9}",48000,,Personal improvements;Modest house renovations;Structual house changes;Flood insurance;Green garden;Sandbags
2,a816,-26,-77000.0,"{'rain_damage': 5, 'river_damage': 9}",52000,,Personal improvements;Modest house renovations;Structual house changes;Flood insurance;Sandbags
2,a817,-16,-53000.0,"{'rain_damage': 5, 'river_damage': 9}",36000,,Personal improvements;Modest house renovations;Structual house changes;Flood insurance;Sandbags;Waterproofing walls & floors;Green garden;Water pump
2,a818,-29,-104000.0,"{'rain_damage': 5, 'river_damage': 9}",56000,,Personal improvements;Modest house renovations;Structual house changes
2,a819,-21,-71000.0,"{'rain_damage': 5, 'river_damage': 9}",44000,,Personal improvements;Modest house renovations;Structual house changes;Flood insurance;Waterproofing walls & floors;Sandbags
2,a820,-6,-21000.0,"{'rain_damage': 5, 'river_damage': 9}",24000,Personal improvements;Modest house renovations;Flood insurance,Personal improvements;Modest house renovations;Structual house changes;Flood insurance;Water pump;Sandbags;Waterproofing walls & floors;Green garden;Rain barrel;Self-activating wall;Personal improvements;Modest house renovations;Flood insurance
2,a821,-23,-76000.0,"{'rain_damage': 5, 'river_damage': 9}",48000,,Personal improvements;Modest house renovations;Structual house changes;Flood insurance;Green garden;Sandbags
2,a822,-26,-77000.0,"{'rain_damage': 5, 'river_damage': 9}",52000,,Personal improvements;Modest house renovations;Structual house changes;Flood insurance;Sandbags
2,a823,-8,-17000.0,"{'rain_damage': 5, 'river_damage': 9}",24000,Flood insurance,Personal improvements;Modest house renovations;Structual house changes;Flood insurance;Water pump;Sandbags;Waterproofing walls & floors;Green garden;Rain barrel;Self-activating wall;Flood insurance
2,a824,-21,-71000.0,"{'rain_damage': 5, 'river_damage': 9}",44000,,Personal improvements;Modest house renovations;Structual house changes;Flood insurance;Waterproofing walls & floors;Sandbags
2,a825,-19,-59000.0,"{'rain_damage': 5, 'river_damage': 9}",40000,,Personal improvements;Modest house renovations;Structual house changes;Flood insurance;Sandbags;Waterproofing walls & floors;Water pump
2,a826,-9,-41000.0,"{'rain_damage': 5, 'river_damage': 9}",24000,,Personal improvements;Modest house renovations;Structual house changes;Flood insurance;Sandbags;Waterproofing walls & floors;Green garden;Rain barrel;Water pump;Self-activating wall
2,a827,-23,-91000.0,"{'rain_damage': 5, 'river_damage': 9}",48000,,Personal improvements;Modest house renovations;Structual house changes;Flood insurance;Green garden;Sandbags
2,a828,-26,-87000.0,"{'rain_damage': 5, 'river_damage': 9}",52000,,Personal improvements;Modest house renovations;Structual house changes;Flood insurance;Sandbags
2,a829,-6,-21000.0,"{'rain_damage': 5, 'river_damage': 9}",24000,Personal improvements;Modest house renovations;Flood insurance,Personal improvements;Modest house renovations;Structual house changes;Flood insurance;Water pump;Sandbags;Waterproofing walls & floors;Green garden;Rain barrel;Self-activating wall;Personal improvements;Modest house renovations;Flood insurance
2,a830,-17,-39000.0,"{'rain_damage': 5, 'river_damage': 9}",40000,Flood insurance,Personal improvements;Modest house renovations;Structual house changes;Flood insurance;Sandbags;Waterproofing walls & floors;Green garden;Flood insurance
2,a831,-26,-92000.0,"{'rain_damage': 5, 'river_damage': 9}",52000,,Personal improvements;Modest house renovations;Structual house changes;Flood insurance;Sandbags
2,a832,-26,-92000.0,"{'rain_damage': 5, 'river_damage': 9}",52000,,Personal improvements;Modest house renovations;Structual house changes;Flood insurance;Sandbags
2,a833,-9,-31000.0,"{'rain_damage': 5, 'river_damage': 9}",24000,,Personal improvements;Modest house renovations;Structual house changes;Flood insurance;Water pump;Sandbags;Waterproofing walls & floors;Green garden;Rain barrel;Self-activating wall
2,a834,-27,-100000.0,"{'rain_damage': 5, 'river_damage': 9}",52000,,Personal improvements;Modest house renovations;Flood insurance;Sandbags
2,a835,-25,-81000.0,"{'rain_damage': 5, 'river_damage': 9}",52000,,Personal improvements;Modest house renovations;Structual house changes;Flood insurance;Green garden
2,a836,-18,-75000.0,"{'rain_damage': 5, 'river_damage': 9}",40000,,Personal improvements;Modest house renovations;Structual house changes;Flood insurance;Sandbags;Waterproofing walls & floors;Green garden
2,a837,-27,-91000.0,"{'rain_damage': 5, 'river_damage': 9}",52000,,Personal improvements;Modest house renovations;Structual house changes;Sandbags
2,a838,-18,-55000.0,"{'rain_damage': 5, 'river_damage': 9}",40000,,Personal improvements;Modest house renovations;Structual house changes;Flood insurance;Sandbags;Waterproofing walls & floors;Green garden
2,a839,-26,-77000.0,"{'rain_damage': 5, 'river_damage': 9}",52000,,Personal improvements;Modest house renovations;Structual house changes;Flood insurance;Sandbags
2,a840,-26,-102000.0,"{'rain_damage': 5, 'river_damage': 9}",52000,,Personal improvements;Modest house renovations;Structual house changes;Flood insurance;Sandbags
2,a841,-9,-31000.0,"{'rain_damage': 5, 'river_damage': 9}",24000,,Personal improvements;Modest house renovations;Structual house changes;Flood insurance;Water pump;Sandbags;Waterproofing walls & floors;Green garden;Rain barrel;Self-activating wall
2,a842,-29,-110000.0,"{'rain_damage': 5, 'river_damage': 9}",56000,,Personal improvements;Modest house renovations;Flood insurance
2,a843,-18,-35000.0,"{'rain_damage': 5, 'river_damage': 9}",40000,Flood insurance,Personal improvements;Modest house renovations;Structual house changes;Flood insurance;Sandbags;Waterproofing walls & floors;Water pump;Flood insurance
2,a844,-16,-53000.0,"{'rain_damage': 5, 'river_damage': 9}",36000,,Personal improvements;Modest house renovations;Structual house changes;Flood insurance;Sandbags;Waterproofing walls & floors;Green garden;Water pump
2,a845,-26,-77000.0,"{'rain_damage': 5, 'river_damage': 9}",52000,,Personal improvements;Modest house renovations;Structual house changes;Flood insurance;Sandbags
2,a846,-16,-63000.0,"{'rain_damage': 5, 'river_damage': 9}",36000,,Personal improvements;Modest house renovations;Structual house changes;Flood insurance;Sandbags;Waterproofing walls & floors;Green garden;Water pump
2,a847,-27,-96000.0,"{'rain_damage': 5, 'river_damage': 9}",52000,,Personal improvements;Modest house renovations;Structual house changes;Sandbags
2,a848,-23,-76000.0,"{'rain_damage': 5, 'river_damage': 9}",48000,,Personal improvements;Modest house renovations;Structual house changes;Flood insurance;Green garden;Sandbags
2,a849,-29,-104000.0,"{'rain_damage': 5, 'river_damage': 9}",56000,,Personal improvements;Modest house renovations;Structual house changes
2,a850,-24,-73000.0,"{'rain_damage': 5, 'river_damage': 9}",48000,,Personal improvements;Modest house renovations;Structual house changes;Flood insurance;Sandbags;Water pump
2,a851,-14,-36000.0,"{'rain_damage': 5, 'river_damage': 9}",36000,Flood insurance;Personal improvements,Personal improvements;Modest house renovations;Structual house changes;Flood insurance;Sandbags;Waterproofing walls & floors;Green garden;Water pump;Flood insurance;Personal improvements
2,a852,-12,-21000.0,"{'rain_damage': 5, 'river_damage': 9}",32000,Flood insurance,Personal improvements;Modest house renovations;Structual house changes;Flood insurance;Sandbags;Waterproofing walls & floors;Green garden;Rain barrel;Water pump;Flood insurance
2,a853,-25,-81000.0,"{'rain_damage': 5, 'river_damage': 9}",52000,,Personal improvements;Modest house renovations;Structual house changes;Flood insurance;Green garden
2,a854,-24,-73000.0,"{'rain_damage': 5, 'river_damage': 9}",48000,,Personal improvements;Modest house renovations;Structual house changes;Flood insurance;Sandbags;Water pump
2,a855,-18,-75000.0,"{'rain_damage': 5, 'river_damage': 9}",40000,,Personal improvements;Modest house renovations;Structual house changes;Flood insurance;Sandbags;Waterproofing walls & floors;Green garden
2,a856,-28,-100000.0,"{'rain_damage': 5, 'river_damage': 9}",56000,,Personal improvements;Modest house renovations;Structual house changes;Flood insurance
2,a857,-23,-76000.0,"{'rain_damage': 5, 'river_damage': 9}",48000,,Personal improvements;Modest house renovations;Structual house changes;Flood insurance;Green garden;Sandbags
2,a858,-18,-35000.0,"{'rain_damage': 5, 'river_damage': 9}",40000,Flood insurance,Personal improvements;Modest house renovations;Structual house changes;Flood insurance;Sandbags;Waterproofing walls & floors;Water pump;Flood insurance
2,a859,-23,-91000.0,"{'rain_damage': 5, 'river_damage': 9}",48000,,Personal improvements;Modest house renovations;Structual house changes;Flood insurance;Green garden;Sandbags
2,a860,-16,-63000.0,"{'rain_damage': 5, 'river_damage': 9}",36000,,Personal improvements;Modest house renovations;Structual house changes;Flood insurance;Sandbags;Waterproofing walls & floors;Green garden;Water pump
2,a861,-26,-87000.0,"{'rain_damage': 5, 'river_damage': 9}",52000,,Personal improvements;Modest house renovations;Structual house changes;Flood insurance;Sandbags
2,a862,-29,-104000.0,"{'rain_damage': 5, 'river_damage': 9}",56000,,Personal improvements;Modest house renovations;Structual house changes
2,a863,-26,-82000.0,"{'rain_damage': 5, 'river_damage': 9}",52000,,Personal improvements;Modest house renovations;Structual house changes;Flood insurance;Sandbags
2,a864,-14,-36000.0,"{'rain_damage': 5, 'river_damage': 9}",36000,Flood insurance;Personal improvements,Personal improvements;Modest house renovations;Structual house changes;Flood insurance;Sandbags;Waterproofing walls & floors;Green garden;Water pump;Flood insurance;Personal improvements
2,a865,-18,-55000.0,"{'rain_damage': 5, 'river_damage': 9}",40000,,Personal improvements;Modest house renovations;Structual house changes;Flood insurance;Sandbags;Waterproofing walls & floors;Green garden
2,a866,-26,-92000.0,"{'rain_damage': 5, 'river_damage': 9}",52000,,Personal improvements;Modest house renovations;Structual house changes;Flood insurance;Sandbags
2,a867,-12,-39000.0,"{'rain_damage': 5, 'river_damage': 9}",28000,,Personal improvements;Modest house renovations;Structual house changes;Flood insurance;Sandbags;Waterproofing walls & floors;Green garden;Water pump;Self-activating wall
2,a868,-9,-31000.0,"{'rain_damage': 5, 'river_damage': 9}",24000,,Personal improvements;Modest house renovations;Structual house changes;Flood insurance;Water pump;Sandbags;Waterproofing walls & floors;Green garden;Rain barrel;Self-activating wall
2,a869,-26,-102000.0,"{'rain_damage': 5, 'river_damage': 9}",52000,,Personal improvements;Modest house renovations;Structual house changes;Flood insurance;Sandbags
2,a870,-19,-59000.0,"{'rain_damage': 5, 'river_damage': 9}",40000,,Personal improvements;Modest house renovations;Structual house changes;Flood insurance;Sandbags;Waterproofing walls & floors;Water pump
2,a871,-27,-100000.0,"{'rain_damage': 5, 'river_damage': 9}",52000,,Personal improvements;Modest house renovations;Flood insurance;Sandbags
2,a872,-26,-82000.0,"{'rain_damage': 5, 'river_damage': 9}",52000,,Personal improvements;Modest house renovations;Structual house changes;Flood insurance;Sandbags
2,a873,-27,-91000.0,"{'rain_damage': 5, 'river_damage': 9}",52000,,Personal improvements;Modest house renovations;Structual house changes;Sandbags
2,a874,-26,-92000.0,"{'rain_damage': 5, 'river_damage': 9}",52000,,Personal improvements;Modest house renovations;Structual house changes;Flood insurance;Sandbags
2,a875,-21,-71000.0,"{'rain_damage': 5, 'river_damage': 9}",44000,,Personal improvements;Modest house renovations;Structual house changes;Flood insurance;Waterproofing walls & floors;Sandbags
2,a876,-28,-100000.0,"{'rain_damage': 5, 'river_damage': 9}",56000,,Personal improvements;Modest house renovations;Structual house changes;Flood insurance
2,a877,-16,-53000.0,"{'rain_damage': 5, 'river_damage': 9}",36000,,Personal improvements;Modest house renovations;Structual house changes;Flood insurance;Sandbags;Waterproofing walls & floors;Green garden;Water pump
2,a878,-21,-71000.0,"{'rain_damage': 5, 'river_damage': 9}",44000,,Personal improvements;Modest house renovations;Structual house changes;Flood insurance;Waterproofing walls & floors;Sandbags
2,a879,-28,-100000.0,"{'rain_damage': 5, 'river_damage': 9}",56000,,Personal improvements;Modest house renovations;Structual house changes;Flood insurance
2,a880,-18,-55000.0,"{'rain_damage': 5, 'river_damage': 9}",40000,,Personal improvements;Modest house renovations;Structual house changes;Flood insurance;Sandbags;Waterproofing walls & floors;Green garden
2,a881,-9,-21000.0,"{'rain_damage': 5, 'river_damage': 9}",24000,,Personal improvements;Modest house renovations;Structual house changes;Flood insurance;Water pump;Sandbags;Waterproofing walls & floors;Green garden;Rain barrel;Self-activating wall
2,a882,-17,-36000.0,"{'rain_damage': 5, 'river_damage': 9}",40000,Flood insurance,Personal improvements;Modest house renovations;Structual house changes;Flood insurance;Sandbags;Waterproofing walls & floors;Green garden;Flood insurance
2,a883,-16,-63000.0,"{'rain_damage': 5, 'river_damage': 9}",36000,,Personal improvements;Modest house renovations;Structual house changes;Flood insurance;Sandbags;Waterproofing walls & floors;Green garden;Water pump
2,a884,-27,-95000.0,"{'rain_damage': 5, 'river_damage': 9}",52000,,Personal improvements;Modest house renovations;Flood insurance;Sandbags
2,a885,-17,-36000.0,"{'rain_damage': 5, 'river_damage': 9}",40000,Flood insurance,Personal improvements;Modest house renovations;Structual house changes;Flood insurance;Sandbags;Waterproofing walls & floors;Green garden;Flood insurance
2,a886,-9,-41000.0,"{'rain_damage': 5, 'river_damage': 9}",24000,,Personal improvements;Modest house renovations;Structual house changes;Flood insurance;Sandbags;Waterproofing walls & floors;Green garden;Rain barrel;Water pump;Self-activating wall
2,a887,-9,-21000.0,"{'rain_damage': 5, 'river_damage': 9}",24000,,Personal improvements;Modest house renovations;Structual house changes;Flood insurance;Water pump;Sandbags;Waterproofing walls & floors;Green garden;Rain barrel;Self-activating wall
2,a888,-26,-92000.0,"{'rain_damage': 5, 'river_damage': 9}",52000,,Personal improvements;Modest house renovations;Structual house changes;Flood insurance;Sandbags
2,a889,-13,-55000.0,"{'rain_damage': 5, 'river_damage': 9}",32000,,Personal improvements;Modest house renovations;Structual house changes;Flood insurance;Sandbags;Waterproofing walls & floors;Green garden;Rain barrel;Water pump
2,a890,-18,-35000.0,"{'rain_damage': 5, 'river_damage': 9}",40000,Flood insurance,Personal improvements;Modest house renovations;Structual house changes;Flood insurance;Sandbags;Waterproofing walls & floors;Water pump;Flood insurance
2,a891,-23,-76000.0,"{'rain_damage': 5, 'river_damage': 9}",48000,,Personal improvements;Modest house renovations;Structual house changes;Flood insurance;Green garden;Sandbags
2,a892,-26,-85000.0,"{'rain_damage': 5, 'river_damage': 9}",52000,,Personal improvements;Modest house renovations;Structual house changes;Flood insurance;Sandbags
2,a893,-13,-55000.0,"{'rain_damage': 5, 'river_damage': 9}",32000,,Personal improvements;Modest house renovations;Structual house changes;Flood insurance;Sandbags;Waterproofing walls & floors;Green garden;Rain barrel;Water pump
2,a894,-24,-73000.0,"{'rain_damage': 5, 'river_damage': 9}",48000,,Personal improvements;Modest house renovations;Structual house changes;Flood insurance;Sandbags;Water pump
2,a895,-12,-21000.0,"{'rain_damage': 5, 'river_damage': 9}",32000,Flood insurance,Personal improvements;Modest house renovations;Structual house changes;Flood insurance;Sandbags;Waterproofing walls & floors;Green garden;Rain barrel;Water pump;Flood insurance
2,a896,-9,-41000.0,"{'rain_damage': 5, 'river_damage': 9}",24000,,Personal improvements;Modest house renovations;Structual house changes;Flood insurance;Sandbags;Waterproofing walls & floors;Green garden;Rain barrel;Water pump;Self-activating wall
2,a897,-12,-21000.0,"{'rain_damage': 5, 'river_damage': 9}",32000,Flood insurance,Personal improvements;Modest house renovations;Structual house changes;Flood insurance;Sandbags;Waterproofing walls & floors;Green garden;Rain barrel;Water pump;Flood insurance
2,a898,-28,-100000.0,"{'rain_damage': 5, 'river_damage': 9}",56000,,Personal improvements;Modest house renovations;Structual house changes;Flood insurance
2,a899,-25,-91000.0,"{'rain_damage': 5, 'river_damage': 9}",52000,,Personal improvements;Modest house renovations;Structual house changes;Flood insurance;Green garden
2,a900,-27,-91000.0,"{'rain_damage': 5, 'river_damage': 9}",52000,,Personal improvements;Modest house renovations;Structual house changes;Sandbags
2,a901,-27,-100000.0,"{'rain_damage': 5, 'river_damage': 9}",52000,,Personal improvements;Modest house renovations;Flood insurance;Sandbags
2,a902,-21,-71000.0,"{'rain_damage': 5, 'river_damage': 9}",44000,,Personal improvements;Modest house renovations;Structual house changes;Flood insurance;Waterproofing walls & floors;Sandbags
2,a903,-23,-91000.0,"{'rain_damage': 5, 'river_damage': 9}",48000,,Personal improvements;Modest house renovations;Structual house changes;Flood insurance;Green garden;Sandbags
2,a904,-5,-3000.0,"{'rain_damage': 5, 'river_damage': 9}",24000,Personal improvements;Modest house renovations;Structual house changes;Flood insurance,Personal improvements;Modest house renovations;Structual house changes;Flood insurance;Water pump;Self-activating wall;Sandbags;Waterproofing walls & floors;Green garden;Rain barrel;Personal improvements;Modest house renovations;Structual house changes;Flood insurance
2,a905,-29,-108000.0,"{'rain_damage': 5, 'river_damage': 9}",56000,,Personal improvements;Modest house renovations;Flood insurance
2,a906,-24,-73000.0,"{'rain_damage': 5, 'river_damage': 9}",48000,,Personal improvements;Modest house renovations;Structual house changes;Flood insurance;Sandbags;Water pump
2,a907,-25,-81000.0,"{'rain_damage': 5, 'river_damage': 9}",52000,,Personal improvements;Modest house renovations;Structual house changes;Flood insurance;Green garden
2,a908,-9,-41000.0,"{'rain_damage': 5, 'river_damage': 9}",24000,,Personal improvements;Modest house renovations;Structual house changes;Flood insurance;Sandbags;Waterproofing walls & floors;Green garden;Rain barrel;Water pump;Self-activating wall
2,a909,-5,-3000.0,"{'rain_damage': 5, 'river_damage': 9}",24000,Personal improvements;Modest house renovations;Structual house changes;Flood insurance,Personal improvements;Modest house renovations;Structual house changes;Flood insurance;Water pump;Self-activating wall;Sandbags;Waterproofing walls & floors;Green garden;Rain barrel;Personal improvements;Modest house renovations;Structual house changes;Flood insurance
2,a910,-9,-31000.0,"{'rain_damage': 5, 'river_damage': 9}",24000,,Personal improvements;Modest house renovations;Structual house changes;Flood insurance;Water pump;Sandbags;Waterproofing walls & floors;Green garden;Rain barrel;Self-activating wall
2,a911,-26,-87000.0,"{'rain_damage': 5, 'river_damage': 9}",52000,,Personal improvements;Modest house renovations;Structual house changes;Flood insurance;Sandbags
2,a912,-25,-81000.0,"{'rain_damage': 5, 'river_damage': 9}",52000,,Personal improvements;Modest house renovations;Structual house changes;Flood insurance;Green garden
2,a913,-6,-21000.0,"{'rain_damage': 5, 'river_damage': 9}",24000,Personal improvements;Modest house renovations;Flood insurance,Personal improvements;Modest house renovations;Structual house changes;Flood insurance;Water pump;Sandbags;Waterproofing walls & floors;Green garden;Rain barrel;Self-activating wall;Personal improvements;Modest house renovations;Flood insurance
2,a914,-19,-59000.0,"{'rain_damage': 5, 'river_damage': 9}",40000,,Personal improvements;Modest house renovations;Structual house changes;Flood insurance;Sandbags;Waterproofing walls & floors;Water pump
2,a915,-29,-108000.0,"{'rain_damage': 5, 'river_damage': 9}",56000,,Personal improvements;Modest house renovations;Flood insurance
2,a916,-27,-96000.0,"{'rain_damage': 5, 'river_damage': 9}",52000,,Personal improvements;Modest house renovations;Structual house changes;Sandbags
2,a917,-8,-17000.0,"{'rain_damage': 5, 'river_damage': 9}",24000,Flood insurance,Personal improvements;Modest house renovations;Structual house changes;Flood insurance;Water pump;Sandbags;Waterproofing walls & floors;Green garden;Rain barrel;Self-activating wall;Flood insurance
2,a918,-29,-110000.0,"{'rain_damage': 5, 'river_damage': 9}",56000,,Personal improvements;Modest house renovations;Flood insurance
2,a919,-19,-59000.0,"{'rain_damage': 5, 'river_damage': 9}",40000,,Personal improvements;Modest house renovations;Structual house changes;Flood insurance;Sandbags;Waterproofing walls & floors;Water pump
2,a920,-14,-36000.0,"{'rain_damage': 5, 'river_damage': 9}",36000,Flood insurance;Personal improvements,Personal improvements;Modest house renovations;Structual house changes;Flood insurance;Sandbags;Waterproofing walls & floors;Green garden;Water pump;Flood insurance;Personal improvements
2,a921,-13,-55000.0,"{'rain_damage': 5, 'river_damage': 9}",32000,,Personal improvements;Modest house renovations;Structual house changes;Flood insurance;Sandbags;Waterproofing walls & floors;Green garden;Rain barrel;Water pump
2,a922,-9,-21000.0,"{'rain_damage': 5, 'river_damage': 9}",24000,,Personal improvements;Modest house renovations;Structual house changes;Flood insurance;Water pump;Sandbags;Waterproofing walls & floors;Green garden;Rain barrel;Self-activating wall
2,a923,-26,-82000.0,"{'rain_damage': 5, 'river_damage': 9}",52000,,Personal improvements;Modest house renovations;Structual house changes;Flood insurance;Sandbags
2,a924,-27,-96000.0,"{'rain_damage': 5, 'river_damage': 9}",52000,,Personal improvements;Modest house renovations;Structual house changes;Sandbags
2,a925,-9,-31000.0,"{'rain_damage': 5, 'river_damage': 9}",24000,,Personal improvements;Modest house renovations;Structual house changes;Flood insurance;Water pump;Sandbags;Waterproofing walls & floors;Green garden;Rain barrel;Self-activating wall
2,a926,-23,-91000.0,"{'rain_damage': 5, 'river_damage': 9}",48000,,Personal improvements;Modest house renovations;Structual house changes;Flood insurance;Green garden;Sandbags
2,a927,-21,-71000.0,"{'rain_damage': 5, 'river_damage': 9}",44000,,Personal improvements;Modest house renovations;Structual house changes;Flood insurance;Waterproofing walls & floors;Sandbags
2,a928,-29,-108000.0,"{'rain_damage': 5, 'river_damage': 9}",56000,,Personal improvements;Modest house renovations;Flood insurance
2,a929,-9,-41000.0,"{'rain_damage': 5, 'river_damage': 9}",24000,,Personal improvements;Modest house renovations;Structual house changes;Flood insurance;Sandbags;Waterproofing walls & floors;Green garden;Rain barrel;Water pump;Self-activating wall
2,a930,-12,-39000.0,"{'rain_damage': 5, 'river_damage': 9}",28000,,Personal improvements;Modest house renovations;Structual house changes;Flood insurance;Sandbags;Waterproofing walls & floors;Green garden;Water pump;Self-activating wall
2,a931,-26,-87000.0,"{'rain_damage': 5, 'river_damage': 9}",52000,,Personal improvements;Modest house renovations;Structual house changes;Flood insurance;Sandbags
2,a932,-18,-35000.0,"{'rain_damage': 5, 'river_damage': 9}",40000,Flood insurance,Personal improvements;Modest house renovations;Structual house changes;Flood insurance;Sandbags;Waterproofing walls & floors;Water pump;Flood insurance
2,a933,-29,-108000.0,"{'rain_damage': 5, 'river_damage': 9}",56000,,Personal improvements;Modest house renovations;Flood insurance
2,a934,-16,-63000.0,"{'rain_damage': 5, 'river_damage': 9}",36000,,Personal improvements;Modest house renovations;Structual house changes;Flood insurance;Sandbags;Waterproofing walls & floors;Green garden;Water pump
2,a935,-21,-66000.0,"{'rain_damage': 5, 'river_damage': 9}",44000,,Personal improvements;Modest house renovations;Structual house changes;Flood insurance;Waterproofing walls & floors;Sandbags
2,a936,-26,-92000.0,"{'rain_damage': 5, 'river_damage': 9}",52000,,Personal improvements;Modest house renovations;Structual house changes;Flood insurance;Sandbags
2,a937,-16,-53000.0,"{'rain_damage': 5, 'river_damage': 9}",36000,,Personal improvements;Modest house renovations;Structual house changes;Flood insurance;Sandbags;Waterproofing walls & floors;Green garden;Water pump
2,a938,-6,-21000.0,"{'rain_damage': 5, 'river_damage': 9}",24000,Personal improvements;Modest house renovations;Flood insurance,Personal improvements;Modest house renovations;Structual house changes;Flood insurance;Water pump;Sandbags;Waterproofing walls & floors;Green garden;Rain barrel;Self-activating wall;Personal improvements;Modest house renovations;Flood insurance
2,a939,-24,-73000.0,"{'rain_damage': 5, 'river_damage': 9}",48000,,Personal improvements;Modest house renovations;Structual house changes;Flood insurance;Sandbags;Water pump
2,a940,-13,-55000.0,"{'rain_damage': 5, 'river_damage': 9}",32000,,Personal improvements;Modest house renovations;Structual house changes;Flood insurance;Sandbags;Waterproofing walls & floors;Green garden;Rain barrel;Water pump
2,a941,-15,-47000.0,"{'rain_damage': 5, 'river_damage': 9}",36000,,Personal improvements;Modest house renovations;Structual house changes;Flood insurance;Sandbags;Waterproofing walls & floors;Green garden;Rain barrel
2,a942,-21,-71000.0,"{'rain_damage': 5, 'river_damage': 9}",44000,,Personal improvements;Modest house renovations;Structual house changes;Flood insurance;Waterproofing walls & floors;Sandbags
2,a943,-27,-91000.0,"{'rain_damage': 5, 'river_damage': 9}",52000,,Personal improvements;Modest house renovations;Structual house changes;Sandbags
2,a944,-8,-17000.0,"{'rain_damage': 5, 'river_damage': 9}",24000,Flood insurance,Personal improvements;Modest house renovations;Structual house changes;Flood insurance;Water pump;Sandbags;Waterproofing walls & floors;Green garden;Rain barrel;Self-activating wall;Flood insurance
2,a945,-27,-100000.0,"{'rain_damage': 5, 'river_damage': 9}",52000,,Personal improvements;Modest house renovations;Flood insurance;Sandbags
2,a946,-29,-108000.0,"{'rain_damage': 5, 'river_damage': 9}",56000,,Personal improvements;Modest house renovations;Flood insurance
2,a947,-17,-36000.0,"{'rain_damage': 5, 'river_damage': 9}",40000,Flood insurance,Personal improvements;Modest house renovations;Structual house changes;Flood insurance;Sandbags;Waterproofing walls & floors;Green garden;Flood insurance
2,a948,-26,-92000.0,"{'rain_damage': 5, 'river_damage': 9}",52000,,Personal improvements;Modest house renovations;Structual house changes;Flood insurance;Sandbags
2,a949,-21,-81000.0,"{'rain_damage': 5, 'river_damage': 9}",44000,,Personal improvements;Modest house renovations;Structual house changes;Flood insurance;Waterproofing walls & floors;Sandbags
2,a950,-9,-41000.0,"{'rain_damage': 5, 'river_damage': 9}",24000,,Personal improvements;Modest house renovations;Structual house changes;Flood insurance;Sandbags;Waterproofing walls & floors;Green garden;Rain barrel;Water pump;Self-activating wall
2,a951,-26,-92000.0,"{'rain_damage': 5, 'river_damage': 9}",52000,,Personal improvements;Modest house renovations;Structual house changes;Flood insurance;Sandbags
2,a952,-26,-77000.0,"{'rain_damage': 5, 'river_damage': 9}",52000,,Personal improvements;Modest house renovations;Structual house changes;Flood insurance;Sandbags
2,a953,-12,-21000.0,"{'rain_damage': 5, 'river_damage': 9}",32000,Flood insurance,Personal improvements;Modest house renovations;Structual house changes;Flood insurance;Sandbags;Waterproofing walls & floors;Green garden;Rain barrel;Water pump;Flood insurance
2,a954,-27,-100000.0,"{'rain_damage': 5, 'river_damage': 9}",52000,,Personal improvements;Modest house renovations;Flood insurance;Sandbags
2,a955,-26,-82000.0,"{'rain_damage': 5, 'river_damage': 9}",52000,,Personal improvements;Modest house renovations;Structual house changes;Flood insurance;Sandbags
2,a956,-27,-96000.0,"{'rain_damage': 5, 'river_damage': 9}",52000,,Personal improvements;Modest house renovations;Structual house changes;Sandbags
2,a957,-27,-91000.0,"{'rain_damage': 5, 'river_damage': 9}",52000,,Personal improvements;Modest house renovations;Structual house changes;Sandbags
2,a958,-29,-110000.0,"{'rain_damage': 5, 'river_damage': 9}",56000,,Personal improvements;Modest house renovations;Flood insurance
2,a959,-15,-47000.0,"{'rain_damage': 5, 'river_damage': 9}",36000,,Personal improvements;Modest house renovations;Structual house changes;Flood insurance;Sandbags;Waterproofing walls & floors;Green garden;Rain barrel
2,a960,-16,-63000.0,"{'rain_damage': 5, 'river_damage': 9}",36000,,Personal improvements;Modest house renovations;Structual house changes;Flood insurance;Sandbags;Waterproofing walls & floors;Green garden;Water pump
2,a961,-19,-59000.0,"{'rain_damage': 5, 'river_damage': 9}",40000,,Personal improvements;Modest house renovations;Structual house changes;Flood insurance;Sandbags;Waterproofing walls & floors;Water pump
2,a962,-27,-95000.0,"{'rain_damage': 5, 'river_damage': 9}",52000,,Personal improvements;Modest house renovations;Flood insurance;Sandbags
2,a963,-16,-63000.0,"{'rain_damage': 5, 'river_damage': 9}",36000,,Personal improvements;Modest house renovations;Structual house changes;Flood insurance;Sandbags;Waterproofing walls & floors;Green garden;Water pump
2,a964,-29,-108000.0,"{'rain_damage': 5, 'river_damage': 9}",56000,,Personal improvements;Modest house renovations;Flood insurance
2,a965,-9,-21000.0,"{'rain_damage': 5, 'river_damage': 9}",24000,,Personal improvements;Modest house renovations;Structual house changes;Flood insurance;Water pump;Sandbags;Waterproofing walls & floors;Green garden;Rain barrel;Self-activating wall
2,a966,-18,-35000.0,"{'rain_damage': 5, 'river_damage': 9}",40000,Flood insurance,Personal improvements;Modest house renovations;Structual house changes;Flood insurance;Sandbags;Waterproofing walls & floors;Water pump;Flood insurance
2,a967,-12,-39000.0,"{'rain_damage': 5, 'river_damage': 9}",28000,,Personal improvements;Modest house renovations;Structual house changes;Flood insurance;Sandbags;Waterproofing walls & floors;Green garden;Water pump;Self-activating wall
2,a968,-8,-17000.0,"{'rain_damage': 5, 'river_damage': 9}",24000,Flood insurance,Personal improvements;Modest house renovations;Structual house changes;Flood insurance;Water pump;Sandbags;Waterproofing walls & floors;Green garden;Rain barrel;Self-activating wall;Flood insurance
2,a969,-19,-59000.0,"{'rain_damage': 5, 'river_damage': 9}",40000,,Personal improvements;Modest house renovations;Structual house changes;Flood insurance;Sandbags;Waterproofing walls & floors;Water pump
2,a970,-21,-71000.0,"{'rain_damage': 5, 'river_damage': 9}",44000,,Personal improvements;Modest house renovations;Structual house changes;Flood insurance;Waterproofing walls & floors;Sandbags
2,a971,-25,-91000.0,"{'rain_damage': 5, 'river_damage': 9}",52000,,Personal improvements;Modest house renovations;Structual house changes;Flood insurance;Green garden
2,a972,-17,-36000.0,"{'rain_damage': 5, 'river_damage': 9}",40000,Flood insurance,Personal improvements;Modest house renovations;Structual house changes;Flood insurance;Sandbags;Waterproofing walls & floors;Green garden;Flood insurance
2,a973,-9,-21000.0,"{'rain_damage': 5, 'river_damage': 9}",24000,,Personal improvements;Modest house renovations;Structual house changes;Flood insurance;Water pump;Sandbags;Waterproofing walls & floors;Green garden;Rain barrel;Self-activating wall
2,a974,-29,-110000.0,"{'rain_damage': 5, 'river_damage': 9}",56000,,Personal improvements;Modest house renovations;Flood insurance
2,a975,-29,-110000.0,"{'rain_damage': 5, 'river_damage': 9}",56000,,Personal improvements;Modest house renovations;Flood insurance
2,a976,-12,-21000.0,"{'rain_damage': 5, 'river_damage': 9}",32000,Flood insurance,Personal improvements;Modest house renovations;Structual house changes;Flood insurance;Sandbags;Waterproofing walls & floors;Green garden;Rain barrel;Water pump;Flood insurance
2,a977,-26,-77000.0,"{'rain_damage': 5, 'river_damage': 9}",52000,,Personal improvements;Modest house renovations;Structual house changes;Flood insurance;Sandbags
2,a978,-29,-104000.0,"{'rain_damage': 5, 'river_damage': 9}",56000,,Personal improvements;Modest house renovations;Structual house changes
2,a979,-26,-82000.0,"{'rain_damage': 5, 'river_damage': 9}",52000,,Personal improvements;Modest house renovations;Structual house changes;Flood insurance;Sandbags
2,a980,-26,-92000.0,"{'rain_damage': 5, 'river_damage': 9}",52000,,Personal improvements;Modest house renovations;Structual house changes;Flood insurance;Sandbags
2,a981,-26,-82000.0,"{'rain_damage': 5, 'river_damage': 9}",52000,,Personal improvements;Modest house renovations;Structual house changes;Flood insurance;Sandbags
2,a982,-12,-39000.0,"{'rain_damage': 5, 'river_damage': 9}",28000,,Personal improvements;Modest house renovations;Structual house changes;Flood insurance;Sandbags;Waterproofing walls & floors;Green garden;Water pump;Self-activating wall
2,a983,-26,-92000.0,"{'rain_damage': 5, 'river_damage': 9}",52000,,Personal improvements;Modest house renovations;Structual house changes;Flood insurance;Sandbags
2,a984,-25,-91000.0,"{'rain_damage': 5, 'river_damage': 9}",52000,,Personal improvements;Modest house renovations;Structual house changes;Flood insurance;Green garden
2,a985,-26,-92000.0,"{'rain_damage': 5, 'river_damage': 9}",52000,,Personal improvements;Modest house renovations;Structual house changes;Flood insurance;Sandbags
2,a986,-23,-91000.0,"{'rain_damage': 5, 'river_damage': 9}",48000,,Personal improvements;Modest house renovations;Structual house changes;Flood insurance;Green garden;Sandbags
2,a987,-27,-95000.0,"{'rain_damage': 5, 'river_damage': 9}",52000,,Personal improvements;Modest house renovations;Flood insurance;Sandbags
2,a988,-16,-63000.0,"{'rain_damage': 5, 'river_damage': 9}",36000,,Personal improvements;Modest house renovations;Structual house changes;Flood insurance;Sandbags;Waterproofing walls & floors;Green garden;Water pump
2,a989,-14,-36000.0,"{'rain_damage': 5, 'river_damage': 9}",36000,Flood insurance;Personal improvements,Personal improvements;Modest house renovations;Structual house changes;Flood insurance;Sandbags;Waterproofing walls & floors;Green garden;Water pump;Flood insurance;Personal improvements
2,a990,-15,-47000.0,"{'rain_damage': 5, 'river_damage': 9}",36000,,Personal improvements;Modest house renovations;Structual house changes;Flood insurance;Sandbags;Waterproofing walls & floors;Green garden;Rain barrel
2,a991,-29,-110000.0,"{'rain_damage': 5, 'river_damage': 9}",56000,,Personal improvements;Modest house renovations;Flood insurance
2,a992,-26,-77000.0,"{'rain_damage': 5, 'river_damage': 9}",52000,,Personal improvements;Modest house renovations;Structual house changes;Flood insurance;Sandbags
2,a993,-12,-21000.0,"{'rain_damage': 5, 'river_damage': 9}",32000,Flood insurance,Personal improvements;Modest house renovations;Structual house changes;Flood insurance;Sandbags;Waterproofing walls & floors;Green garden;Rain barrel;Water pump;Flood insurance
2,a994,-18,-75000.0,"{'rain_damage': 5, 'river_damage': 9}",40000,,Personal improvements;Modest house renovations;Structual house changes;Flood insurance;Sandbags;Waterproofing walls & floors;Green garden
2,a995,-21,-66000.0,"{'rain_damage': 5, 'river_damage': 9}",44000,,Personal improvements;Modest house renovations;Structual house changes;Flood insurance;Waterproofing walls & floors;Sandbags
2,a996,-26,-85000.0,"{'rain_damage': 5, 'river_damage': 9}",52000,,Personal improvements;Modest house renovations;Structual house changes;Flood insurance;Sandbags
2,a997,-26,-77000.0,"{'rain_damage': 5, 'river_damage': 9}",52000,,Personal improvements;Modest house renovations;Structual house changes;Flood insurance;Sandbags
2,a998,-12,-21000.0,"{'rain_damage': 5, 'river_damage': 9}",32000,Flood insurance,Personal improvements;Modest house renovations;Structual house changes;Flood insurance;Sandbags;Waterproofing walls & floors;Green garden;Rain barrel;Water pump;Flood insurance
2,a999,-25,-81000.0,"{'rain_damage': 5, 'river_damage': 9}",52000,,Personal improvements;Modest house renovations;Structual house changes;Flood insurance;Green garden
2,a1000,-27,-96000.0,"{'rain_damage': 5, 'river_damage': 9}",52000,,Personal improvements;Modest house renovations;Structual house changes;Sandbags
3,a1,-36,-83000.0,"{'rain_damage': 5, 'river_damage': 4}",32000,,Personal improvements;Modest house renovations;Structual house changes;Sandbags
3,a2,-32,-51000.0,"{'rain_damage': 5, 'river_damage': 4}",28000,,Personal improvements;Modest house renovations;Structual house changes;Flood insurance;Sandbags;Water pump
3,a3,-35,-59000.0,"{'rain_damage': 5, 'river_damage': 4}",32000,,Personal improvements;Modest house renovations;Structual house changes;Flood insurance;Sandbags
3,a4,-24,-25000.0,"{'rain_damage': 5, 'river_damage': 4}",20000,,Personal improvements;Modest house renovations;Structual house changes;Flood insurance;Sandbags;Waterproofing walls & floors;Green garden
3,a5,-39,-116000.0,"{'rain_damage': 5, 'river_damage': 4}",36000,,Personal improvements;Modest house renovations;Flood insurance
3,a6,-35,-104000.0,"{'rain_damage': 5, 'river_damage': 4}",32000,,Personal improvements;Modest house renovations;Structual house changes;Flood insurance;Sandbags
3,a7,-31,-59000.0,"{'rain_damage': 5, 'river_damage': 4}",28000,,Personal improvements;Modest house renovations;Structual house changes;Flood insurance;Green garden;Sandbags
3,a8,-11,-10000.0,"{'rain_damage': 5, 'river_damage': 4}",4000,,Personal improvements;Modest house renovations;Structual house changes;Flood insurance;Sandbags;Waterproofing walls & floors;Green garden;Rain barrel;Water pump;Self-activating wall
3,a9,-24,-25000.0,"{'rain_damage': 5, 'river_damage': 4}",20000,,Personal improvements;Modest house renovations;Structual house changes;Flood insurance;Sandbags;Waterproofing walls & floors;Green garden
3,a10,-35,-104000.0,"{'rain_damage': 5, 'river_damage': 4}",32000,,Personal improvements;Modest house renovations;Structual house changes;Flood insurance;Sandbags
3,a11,-38,-96000.0,"{'rain_damage': 5, 'river_damage': 4}",36000,,Personal improvements;Modest house renovations;Structual house changes;Flood insurance
3,a12,-11,-10000.0,"{'rain_damage': 5, 'river_damage': 4}",4000,,Personal improvements;Modest house renovations;Structual house changes;Flood insurance;Sandbags;Waterproofing walls & floors;Green garden;Rain barrel;Water pump;Self-activating wall
3,a13,-21,-16000.0,"{'rain_damage': 5, 'river_damage': 4}",20000,Personal improvements;Modest house renovations;Structual house changes,Personal improvements;Modest house renovations;Structual house changes;Flood insurance;Sandbags;Waterproofing walls & floors;Water pump;Flood insurance;Personal improvements;Modest house renovations;Structual house changes
3,a14,-28,-70000.0,"{'rain_damage': 5, 'river_damage': 4}",24000,,Personal improvements;Modest house renovations;Structual house changes;Flood insurance;Waterproofing walls & floors;Sandbags
3,a15,-17,-37000.0,"{'rain_damage': 5, 'river_damage': 4}",12000,,Personal improvements;Modest house renovations;Structual house changes;Flood insurance;Sandbags;Waterproofing walls & floors;Green garden;Rain barrel;Water pump
3,a16,-20,-20000.0,"{'rain_damage': 5, 'river_damage': 4}",20000,Personal improvements;Modest house renovations;Structual house changes,Personal improvements;Modest house renovations;Structual house changes;Flood insurance;Sandbags;Waterproofing walls & floors;Green garden;Flood insurance;Personal improvements;Modest house renovations;Structual house changes
3,a17,-35,-89000.0,"{'rain_damage': 5, 'river_damage': 4}",32000,,Personal improvements;Modest house renovations;Structual house changes;Flood insurance;Sandbags
3,a18,-10,-4000.0,"{'rain_damage': 5, 'river_damage': 4}",4000,Personal improvements;Modest house renovations;Structual house changes;Flood insurance;Self-activating wall,Personal improvements;Modest house renovations;Structual house changes;Flood insurance;Sandbags;Waterproofing walls & floors;Green garden;Rain barrel;Water pump;Flood insurance;Personal improvements;Modest house renovations;Structual house changes;Flood insurance;Self-activating wall
3,a19,-38,-96000.0,"{'rain_damage': 5, 'river_damage': 4}",36000,,Personal improvements;Modest house renovations;Structual house changes;Flood insurance
3,a20,-17,-37000.0,"{'rain_damage': 5, 'river_damage': 4}",12000,,Personal improvements;Modest house renovations;Structual house changes;Flood insurance;Sandbags;Waterproofing walls & floors;Green garden;Rain barrel;Water pump
3,a21,-24,-65000.0,"{'rain_damage': 5, 'river_damage': 4}",20000,,Personal improvements;Modest house renovations;Structual house changes;Flood insurance;Sandbags;Waterproofing walls & floors;Green garden
3,a22,-34,-83000.0,"{'rain_damage': 5, 'river_damage': 4}",32000,,Personal improvements;Modest house renovations;Structual house changes;Flood insurance;Green garden
3,a23,-35,-74000.0,"{'rain_damage': 5, 'river_damage': 4}",32000,,Personal improvements;Modest house renovations;Structual house changes;Flood insurance;Sandbags
3,a24,-17,-37000.0,"{'rain_damage': 5, 'river_damage': 4}",12000,,Personal improvements;Modest house renovations;Structual house changes;Flood insurance;Sandbags;Waterproofing walls & floors;Green garden;Rain barrel;Water pump
3,a25,-31,-59000.0,"{'rain_damage': 5, 'river_damage': 4}",28000,,Personal improvements;Modest house renovations;Structual house changes;Flood insurance;Green garden;Sandbags
3,a26,-35,-74000.0,"{'rain_damage': 5, 'river_damage': 4}",32000,,Personal improvements;Modest house renovations;Structual house changes;Flood insurance;Sandbags
3,a27,-2,26000.0,"{'rain_damage': 5, 'river_damage': 4}",4000,Personal improvements;Modest house renovations;Structual house changes;Flood insurance,Personal improvements;Modest house renovations;Structual house changes;Flood insurance;Water pump;Self-activating wall;Sandbags;Waterproofing walls & floors;Green garden;Rain barrel;Personal improvements;Modest house renovations;Structual house changes;Flood insurance;Personal improvements;Modest house renovations;Structual house changes;Flood insurance
3,a28,-20,-17000.0,"{'rain_damage': 5, 'river_damage': 4}",20000,Personal improvements;Modest house renovations;Structual house changes,Personal improvements;Modest house renovations;Structual house changes;Flood insurance;Sandbags;Waterproofing walls & floors;Green garden;Flood insurance;Personal improvements;Modest house renovations;Structual house changes
3,a29,-35,-59000.0,"{'rain_damage': 5, 'river_damage': 4}",32000,,Personal improvements;Modest house renovations;Structual house changes;Flood insurance;Sandbags
3,a30,-36,-83000.0,"{'rain_damage': 5, 'river_damage': 4}",32000,,Personal improvements;Modest house renovations;Structual house changes;Sandbags
3,a31,-24,-65000.0,"{'rain_damage': 5, 'river_damage': 4}",20000,,Personal improvements;Modest house renovations;Structual house changes;Flood insurance;Sandbags;Waterproofing walls & floors;Green garden
3,a32,-2,26000.0,"{'rain_damage': 5, 'river_damage': 4}",4000,Personal improvements;Modest house renovations;Structual house changes;Flood insurance,Personal improvements;Modest house renovations;Structual house changes;Flood insurance;Water pump;Self-activating wall;Sandbags;Waterproofing walls & floors;Green garden;Rain barrel;Personal improvements;Modest house renovations;Structual house changes;Flood insurance;Personal improvements;Modest house renovations;Structual house changes;Flood insurance
3,a33,-24,-65000.0,"{'rain_damage': 5, 'river_damage': 4}",20000,,Personal improvements;Modest house renovations;Structual house changes;Flood insurance;Sandbags;Waterproofing walls & floors;Green garden
3,a34,-28,-40000.0,"{'rain_damage': 5, 'river_damage': 4}",24000,,Personal improvements;Modest house renovations;Structual house changes;Flood insurance;Waterproofing walls & floors;Sandbags
3,a35,-3,8000.0,"{'rain_damage': 5, 'river_damage': 4}",4000,Personal improvements;Modest house renovations;Structual house changes;Flood insurance,Personal improvements;Modest house renovations;Structual house changes;Flood insurance;Water pump;Sandbags;Waterproofing walls & floors;Green garden;Rain barrel;Self-activating wall;Personal improvements;Modest house renovations;Flood insurance;Personal improvements;Modest house renovations;Structual house changes;Flood insurance
3,a36,-11,-10000.0,"{'rain_damage': 5, 'river_damage': 4}",4000,,Personal improvements;Modest house renovations;Structual house changes;Flood insurance;Sandbags;Waterproofing walls & floors;Green garden;Rain barrel;Water pump;Self-activating wall
3,a37,-11,-10000.0,"{'rain_damage': 5, 'river_damage': 4}",4000,,Personal improvements;Modest house renovations;Structual house changes;Flood insurance;Sandbags;Waterproofing walls & floors;Green garden;Rain barrel;Water pump;Self-activating wall
3,a38,-11,-10000.0,"{'rain_damage': 5, 'river_damage': 4}",4000,,Personal improvements;Modest house renovations;Structual house changes;Flood insurance;Sandbags;Waterproofing walls & floors;Green garden;Rain barrel;Water pump;Self-activating wall
3,a39,-31,-89000.0,"{'rain_damage': 5, 'river_damage': 4}",28000,,Personal improvements;Modest house renovations;Structual house changes;Flood insurance;Green garden;Sandbags
3,a40,-28,-40000.0,"{'rain_damage': 5, 'river_damage': 4}",24000,,Personal improvements;Modest house renovations;Structual house changes;Flood insurance;Waterproofing walls & floors;Sandbags
3,a41,-10,-1000.0,"{'rain_damage': 5, 'river_damage': 4}",4000,Flood insurance,Personal improvements;Modest house renovations;Structual house changes;Flood insurance;Water pump;Sandbags;Waterproofing walls & floors;Green garden;Rain barrel;Self-activating wall;Flood insurance
3,a42,-35,-89000.0,"{'rain_damage': 5, 'river_damage': 4}",32000,,Personal improvements;Modest house renovations;Structual house changes;Flood insurance;Sandbags
3,a43,-35,-72000.0,"{'rain_damage': 5, 'river_damage': 4}",32000,,Personal improvements;Modest house renovations;Structual house changes;Flood insurance;Sandbags
3,a44,-28,-55000.0,"{'rain_damage': 5, 'river_damage': 4}",24000,,Personal improvements;Modest house renovations;Structual house changes;Flood insurance;Waterproofing walls & floors;Sandbags
3,a45,-36,-102000.0,"{'rain_damage': 5, 'river_damage': 4}",32000,,Personal improvements;Modest house renovations;Flood insurance;Sandbags
3,a46,-39,-116000.0,"{'rain_damage': 5, 'river_damage': 4}",36000,,Personal improvements;Modest house renovations;Flood insurance
3,a47,-25,-34000.0,"{'rain_damage': 5, 'river_damage': 4}",20000,,Personal improvements;Modest house renovations;Structual house changes;Flood insurance;Sandbags;Waterproofing walls & floors;Water pump
3,a48,-28,-55000.0,"{'rain_damage': 5, 'river_damage': 4}",24000,,Personal improvements;Modest house renovations;Structual house changes;Flood insurance;Waterproofing walls & floors;Sandbags
3,a49,-10,-1000.0,"{'rain_damage': 5, 'river_damage': 4}",4000,Flood insurance,Personal improvements;Modest house renovations;Structual house changes;Flood insurance;Water pump;Sandbags;Waterproofing walls & floors;Green garden;Rain barrel;Self-activating wall;Flood insurance
3,a50,-16,-13000.0,"{'rain_damage': 5, 'river_damage': 4}",16000,Personal improvements;Modest house renovations;Structual house changes,Personal improvements;Modest house renovations;Structual house changes;Flood insurance;Sandbags;Waterproofing walls & floors;Green garden;Water pump;Flood insurance;Personal improvements;Personal improvements;Modest house renovations;Structual house changes
3,a51,-39,-116000.0,"{'rain_damage': 5, 'river_damage': 4}",36000,,Personal improvements;Modest house renovations;Flood insurance
3,a52,-20,-13000.0,"{'rain_damage': 5, 'river_damage': 4}",16000,,Personal improvements;Modest house renovations;Structual house changes;Flood insurance;Sandbags;Waterproofing walls & floors;Green garden;Rain barrel
3,a53,-38,-96000.0,"{'rain_damage': 5, 'river_damage': 4}",36000,,Personal improvements;Modest house renovations;Structual house changes;Flood insurance
3,a54,-7,-1000.0,"{'rain_damage': 5, 'river_damage': 4}",4000,Personal improvements;Modest house renovations;Flood insurance,Personal improvements;Modest house renovations;Structual house changes;Flood insurance;Water pump;Sandbags;Waterproofing walls & floors;Green garden;Rain barrel;Self-activating wall;Flood insurance;Personal improvements;Modest house renovations;Flood insurance
3,a55,-39,-116000.0,"{'rain_damage': 5, 'river_damage': 4}",36000,,Personal improvements;Modest house renovations;Flood insurance
3,a56,-10,-1000.0,"{'rain_damage': 5, 'river_damage': 4}",4000,Flood insurance,Personal improvements;Modest house renovations;Structual house changes;Flood insurance;Water pump;Sandbags;Waterproofing walls & floors;Green garden;Rain barrel;Self-activating wall;Flood insurance
3,a57,-36,-83000.0,"{'rain_damage': 5, 'river_damage': 4}",32000,,Personal improvements;Modest house renovations;Structual house changes;Sandbags
3,a58,-20,-13000.0,"{'rain_damage': 5, 'river_damage': 4}",16000,,Personal improvements;Modest house renovations;Structual house changes;Flood insurance;Sandbags;Waterproofing walls & floors;Green garden;Rain barrel
3,a59,-3,8000.0,"{'rain_damage': 5, 'river_damage': 4}",4000,Personal improvements;Modest house renovations;Structual house changes;Flood insurance,Personal improvements;Modest house renovations;Structual house changes;Flood insurance;Water pump;Sandbags;Waterproofing walls & floors;Green garden;Rain barrel;Self-activating wall;Personal improvements;Modest house renovations;Flood insurance;Personal improvements;Modest house renovations;Structual house changes;Flood insurance
3,a60,-7,-1000.0,"{'rain_damage': 5, 'river_damage': 4}",4000,Personal improvements;Modest house renovations;Flood insurance,Personal improvements;Modest house renovations;Structual house changes;Flood insurance;Water pump;Sandbags;Waterproofing walls & floors;Green garden;Rain barrel;Self-activating wall;Flood insurance;Personal improvements;Modest house renovations;Flood insurance
3,a61,-35,-72000.0,"{'rain_damage': 5, 'river_damage': 4}",32000,,Personal improvements;Modest house renovations;Structual house changes;Flood insurance;Sandbags
3,a62,-35,-59000.0,"{'rain_damage': 5, 'river_damage': 4}",32000,,Personal improvements;Modest house renovations;Structual house changes;Flood insurance;Sandbags
3,a63,-35,-59000.0,"{'rain_damage': 5, 'river_damage': 4}",32000,,Personal improvements;Modest house renovations;Structual house changes;Flood insurance;Sandbags
3,a64,-36,-92000.0,"{'rain_damage': 5, 'river_damage': 4}",32000,,Personal improvements;Modest house renovations;Flood insurance;Sandbags
3,a65,-35,-104000.0,"{'rain_damage': 5, 'river_damage': 4}",32000,,Personal improvements;Modest house renovations;Structual house changes;Flood insurance;Sandbags
3,a66,-9,-4000.0,"{'rain_damage': 5, 'river_damage': 4}",4000,Personal improvements;Modest house renovations,Personal improvements;Modest house renovations;Structual house changes;Flood insurance;Water pump;Sandbags;Waterproofing walls & floors;Green garden;Rain barrel;Self-activating wall;Personal improvements;Modest house renovations
3,a67,-20,-20000.0,"{'rain_damage': 5, 'river_damage': 4}",20000,Personal improvements;Modest house renovations;Structual house changes,Personal improvements;Modest house renovations;Structual house changes;Flood insurance;Sandbags;Waterproofing walls & floors;Green garden;Flood insurance;Personal improvements;Modest house renovations;Structual house changes
3,a68,-7,-1000.0,"{'rain_damage': 5, 'river_damage': 4}",4000,Personal improvements;Modest house renovations;Flood insurance,Personal improvements;Modest house renovations;Structual house changes;Flood insurance;Water pump;Sandbags;Waterproofing walls & floors;Green garden;Rain barrel;Self-activating wall;Flood insurance;Personal improvements;Modest house renovations;Flood insurance
3,a69,-36,-93000.0,"{'rain_damage': 5, 'river_damage': 4}",32000,,Personal improvements;Modest house renovations;Structual house changes;Sandbags
3,a70,-28,-40000.0,"{'rain_damage': 5, 'river_damage': 4}",24000,,Personal improvements;Modest house renovations;Structual house changes;Flood insurance;Waterproofing walls & floors;Sandbags
3,a71,-14,-8000.0,"{'rain_damage': 5, 'river_damage': 4}",8000,Flood insurance,Personal improvements;Modest house renovations;Structual house changes;Flood insurance;Sandbags;Waterproofing walls & floors;Green garden;Water pump;Self-activating wall;Flood insurance
3,a72,-35,-89000.0,"{'rain_damage': 5, 'river_damage': 4}",32000,,Personal improvements;Modest house renovations;Structual house changes;Flood insurance;Sandbags
3,a73,-21,-44000.0,"{'rain_damage': 5, 'river_damage': 4}",16000,,Personal improvements;Modest house renovations;Structual house changes;Flood insurance;Sandbags;Waterproofing walls & floors;Green garden;Water pump
3,a74,-39,-116000.0,"{'rain_damage': 5, 'river_damage': 4}",36000,,Personal improvements;Modest house renovations;Flood insurance
3,a75,-36,-92000.0,"{'rain_damage': 5, 'river_damage': 4}",32000,,Personal improvements;Modest house renovations;Flood insurance;Sandbags
3,a76,-21,-44000.0,"{'rain_damage': 5, 'river_damage': 4}",16000,,Personal improvements;Modest house renovations;Structual house changes;Flood insurance;Sandbags;Waterproofing walls & floors;Green garden;Water pump
3,a77,-10,-1000.0,"{'rain_damage': 5, 'river_damage': 4}",4000,Flood insurance,Personal improvements;Modest house renovations;Structual house changes;Flood insurance;Water pump;Sandbags;Waterproofing walls & floors;Green garden;Rain barrel;Self-activating wall;Flood insurance
3,a78,-21,-44000.0,"{'rain_damage': 5, 'river_damage': 4}",16000,,Personal improvements;Modest house renovations;Structual house changes;Flood insurance;Sandbags;Waterproofing walls & floors;Green garden;Water pump
3,a79,-20,-17000.0,"{'rain_damage': 5, 'river_damage': 4}",20000,Personal improvements;Modest house renovations;Structual house changes,Personal improvements;Modest house renovations;Structual house changes;Flood insurance;Sandbags;Waterproofing walls & floors;Green garden;Flood insurance;Personal improvements;Modest house renovations;Structual house changes
3,a80,-32,-51000.0,"{'rain_damage': 5, 'river_damage': 4}",28000,,Personal improvements;Modest house renovations;Structual house changes;Flood insurance;Sandbags;Water pump
3,a81,-35,-84000.0,"{'rain_damage': 5, 'river_damage': 4}",32000,,Personal improvements;Modest house renovations;Structual house changes;Flood insurance;Sandbags
3,a82,-39,-105000.0,"{'rain_damage': 5, 'river_damage': 4}",36000,,Personal improvements;Modest house renovations;Structual house changes
3,a83,-39,-114000.0,"{'rain_damage': 5, 'river_damage': 4}",36000,,Personal improvements;Modest house renovations;Flood insurance
3,a84,-10,-4000.0,"{'rain_damage': 5, 'river_damage': 4}",4000,Personal improvements;Modest house renovations;Structual house changes;Flood insurance;Self-activating wall,Personal improvements;Modest house renovations;Structual house changes;Flood insurance;Sandbags;Waterproofing walls & floors;Green garden;Rain barrel;Water pump;Flood insurance;Personal improvements;Modest house renovations;Structual house changes;Flood insurance;Self-activating wall
3,a85,-36,-92000.0,"{'rain_damage': 5, 'river_damage': 4}",32000,,Personal improvements;Modest house renovations;Flood insurance;Sandbags
3,a86,-28,-70000.0,"{'rain_damage': 5, 'river_damage': 4}",24000,,Personal improvements;Modest house renovations;Structual house changes;Flood insurance;Waterproofing walls & floors;Sandbags
3,a87,-36,-102000.0,"{'rain_damage': 5, 'river_damage': 4}",32000,,Personal improvements;Modest house renovations;Flood insurance;Sandbags
3,a88,-36,-83000.0,"{'rain_damage': 5, 'river_damage': 4}",32000,,Personal improvements;Modest house renovations;Structual house changes;Sandbags
3,a89,-35,-84000.0,"{'rain_damage': 5, 'river_damage': 4}",32000,,Personal improvements;Modest house renovations;Structual house changes;Flood insurance;Sandbags
3,a90,-35,-69000.0,"{'rain_damage': 5, 'river_damage': 4}",32000,,Personal improvements;Modest house renovations;Structual house changes;Flood insurance;Sandbags
3,a91,-20,-13000.0,"{'rain_damage': 5, 'river_damage': 4}",16000,,Personal improvements;Modest house renovations;Structual house changes;Flood insurance;Sandbags;Waterproofing walls & floors;Green garden;Rain barrel
3,a92,-21,-29000.0,"{'rain_damage': 5, 'river_damage': 4}",16000,,Personal improvements;Modest house renovations;Structual house changes;Flood insurance;Sandbags;Waterproofing walls & floors;Green garden;Water pump
3,a93,-36,-83000.0,"{'rain_damage': 5, 'river_damage': 4}",32000,,Personal improvements;Modest house renovations;Structual house changes;Sandbags
3,a94,-32,-51000.0,"{'rain_damage': 5, 'river_damage': 4}",28000,,Personal improvements;Modest house renovations;Structual house changes;Flood insurance;Sandbags;Water pump
3,a95,-35,-89000.0,"{'rain_damage': 5, 'river_damage': 4}",32000,,Personal improvements;Modest house renovations;Structual house changes;Flood insurance;Sandbags
3,a96,-24,-25000.0,"{'rain_damage': 5, 'river_damage': 4}",20000,,Personal improvements;Modest house renovations;Structual house changes;Flood insurance;Sandbags;Waterproofing walls & floors;Green garden
3,a97,-24,-25000.0,"{'rain_damage': 5, 'river_damage': 4}",20000,,Personal improvements;Modest house renovations;Structual house changes;Flood insurance;Sandbags;Waterproofing walls & floors;Green garden
3,a98,-10,-1000.0,"{'rain_damage': 5, 'river_damage': 4}",4000,Flood insurance,Personal improvements;Modest house renovations;Structual house changes;Flood insurance;Water pump;Sandbags;Waterproofing walls & floors;Green garden;Rain barrel;Self-activating wall;Flood insurance
3,a99,-28,-55000.0,"{'rain_damage': 5, 'river_damage': 4}",24000,,Personal improvements;Modest house renovations;Structual house changes;Flood insurance;Waterproofing walls & floors;Sandbags
3,a100,-21,-44000.0,"{'rain_damage': 5, 'river_damage': 4}",16000,,Personal improvements;Modest house renovations;Structual house changes;Flood insurance;Sandbags;Waterproofing walls & floors;Green garden;Water pump
3,a101,-36,-92000.0,"{'rain_damage': 5, 'river_damage': 4}",32000,,Personal improvements;Modest house renovations;Flood insurance;Sandbags
3,a102,-28,-55000.0,"{'rain_damage': 5, 'river_damage': 4}",24000,,Personal improvements;Modest house renovations;Structual house changes;Flood insurance;Waterproofing walls & floors;Sandbags
3,a103,-24,-25000.0,"{'rain_damage': 5, 'river_damage': 4}",20000,,Personal improvements;Modest house renovations;Structual house changes;Flood insurance;Sandbags;Waterproofing walls & floors;Green garden
3,a104,-7,-1000.0,"{'rain_damage': 5, 'river_damage': 4}",4000,Personal improvements;Modest house renovations;Flood insurance,Personal improvements;Modest house renovations;Structual house changes;Flood insurance;Water pump;Sandbags;Waterproofing walls & floors;Green garden;Rain barrel;Self-activating wall;Flood insurance;Personal improvements;Modest house renovations;Flood insurance
3,a105,-28,-55000.0,"{'rain_damage': 5, 'river_damage': 4}",24000,,Personal improvements;Modest house renovations;Structual house changes;Flood insurance;Waterproofing walls & floors;Sandbags
3,a106,-31,-59000.0,"{'rain_damage': 5, 'river_damage': 4}",28000,,Personal improvements;Modest house renovations;Structual house changes;Flood insurance;Green garden;Sandbags
3,a107,-35,-59000.0,"{'rain_damage': 5, 'river_damage': 4}",32000,,Personal improvements;Modest house renovations;Structual house changes;Flood insurance;Sandbags
3,a108,-34,-63000.0,"{'rain_damage': 5, 'river_damage': 4}",32000,,Personal improvements;Modest house renovations;Structual house changes;Flood insurance;Green garden
3,a109,-14,-8000.0,"{'rain_damage': 5, 'river_damage': 4}",8000,Flood insurance,Personal improvements;Modest house renovations;Structual house changes;Flood insurance;Sandbags;Waterproofing walls & floors;Green garden;Water pump;Self-activating wall;Flood insurance
3,a110,-14,-8000.0,"{'rain_damage': 5, 'river_damage': 4}",8000,Flood insurance,Personal improvements;Modest house renovations;Structual house changes;Flood insurance;Sandbags;Waterproofing walls & floors;Green garden;Water pump;Self-activating wall;Flood insurance
3,a111,-36,-83000.0,"{'rain_damage': 5, 'river_damage': 4}",32000,,Personal improvements;Modest house renovations;Structual house changes;Sandbags
3,a112,-20,-13000.0,"{'rain_damage': 5, 'river_damage': 4}",16000,,Personal improvements;Modest house renovations;Structual house changes;Flood insurance;Sandbags;Waterproofing walls & floors;Green garden;Rain barrel
3,a113,-38,-96000.0,"{'rain_damage': 5, 'river_damage': 4}",36000,,Personal improvements;Modest house renovations;Structual house changes;Flood insurance
3,a114,-20,-17000.0,"{'rain_damage': 5, 'river_damage': 4}",20000,Personal improvements;Modest house renovations;Structual house changes,Personal improvements;Modest house renovations;Structual house changes;Flood insurance;Sandbags;Waterproofing walls & floors;Green garden;Flood insurance;Personal improvements;Modest house renovations;Structual house changes
3,a115,-9,-4000.0,"{'rain_damage': 5, 'river_damage': 4}",4000,Personal improvements;Modest house renovations,Personal improvements;Modest house renovations;Structual house changes;Flood insurance;Water pump;Sandbags;Waterproofing walls & floors;Green garden;Rain barrel;Self-activating wall;Personal improvements;Modest house renovations
3,a116,-20,-13000.0,"{'rain_damage': 5, 'river_damage': 4}",16000,,Personal improvements;Modest house renovations;Structual house changes;Flood insurance;Sandbags;Waterproofing walls & floors;Green garden;Rain barrel
3,a117,-20,-17000.0,"{'rain_damage': 5, 'river_damage': 4}",20000,Personal improvements;Modest house renovations;Structual house changes,Personal improvements;Modest house renovations;Structual house changes;Flood insurance;Sandbags;Waterproofing walls & floors;Green garden;Flood insurance;Personal improvements;Modest house renovations;Structual house changes
3,a118,-38,-96000.0,"{'rain_damage': 5, 'river_damage': 4}",36000,,Personal improvements;Modest house renovations;Structual house changes;Flood insurance
3,a119,-9,-4000.0,"{'rain_damage': 5, 'river_damage': 4}",4000,Personal improvements;Modest house renovations,Personal improvements;Modest house renovations;Structual house changes;Flood insurance;Water pump;Sandbags;Waterproofing walls & floors;Green garden;Rain barrel;Self-activating wall;Personal improvements;Modest house renovations
3,a120,-35,-84000.0,"{'rain_damage': 5, 'river_damage': 4}",32000,,Personal improvements;Modest house renovations;Structual house changes;Flood insurance;Sandbags
3,a121,-39,-114000.0,"{'rain_damage': 5, 'river_damage': 4}",36000,,Personal improvements;Modest house renovations;Flood insurance
3,a122,-39,-105000.0,"{'rain_damage': 5, 'river_damage': 4}",36000,,Personal improvements;Modest house renovations;Structual house changes
3,a123,-36,-93000.0,"{'rain_damage': 5, 'river_damage': 4}",32000,,Personal improvements;Modest house renovations;Structual house changes;Sandbags
3,a124,-28,-40000.0,"{'rain_damage': 5, 'river_damage': 4}",24000,,Personal improvements;Modest house renovations;Structual house changes;Flood insurance;Waterproofing walls & floors;Sandbags
3,a125,-35,-74000.0,"{'rain_damage': 5, 'river_damage': 4}",32000,,Personal improvements;Modest house renovations;Structual house changes;Flood insurance;Sandbags
3,a126,-35,-89000.0,"{'rain_damage': 5, 'river_damage': 4}",32000,,Personal improvements;Modest house renovations;Structual house changes;Flood insurance;Sandbags
3,a127,-34,-83000.0,"{'rain_damage': 5, 'river_damage': 4}",32000,,Personal improvements;Modest house renovations;Structual house changes;Flood insurance;Green garden
3,a128,-25,-34000.0,"{'rain_damage': 5, 'river_damage': 4}",20000,,Personal improvements;Modest house renovations;Structual house changes;Flood insurance;Sandbags;Waterproofing walls & floors;Water pump
3,a129,-11,-10000.0,"{'rain_damage': 5, 'river_damage': 4}",4000,,Personal improvements;Modest house renovations;Structual house changes;Flood insurance;Sandbags;Waterproofing walls & floors;Green garden;Rain barrel;Water pump;Self-activating wall
3,a130,-20,-20000.0,"{'rain_damage': 5, 'river_damage': 4}",20000,Personal improvements;Modest house renovations;Structual house changes,Personal improvements;Modest house renovations;Structual house changes;Flood insurance;Sandbags;Waterproofing walls & floors;Green garden;Flood insurance;Personal improvements;Modest house renovations;Structual house changes
3,a131,-3,8000.0,"{'rain_damage': 5, 'river_damage': 4}",4000,Personal improvements;Modest house renovations;Structual house changes;Flood insurance,Personal improvements;Modest house renovations;Structual house changes;Flood insurance;Water pump;Sandbags;Waterproofing walls & floors;Green garden;Rain barrel;Self-activating wall;Personal improvements;Modest house renovations;Flood insurance;Personal improvements;Modest house renovations;Structual house changes;Flood insurance
3,a132,-24,-25000.0,"{'rain_damage': 5, 'river_damage': 4}",20000,,Personal improvements;Modest house renovations;Structual house changes;Flood insurance;Sandbags;Waterproofing walls & floors;Green garden
3,a133,-28,-55000.0,"{'rain_damage': 5, 'river_damage': 4}",24000,,Personal improvements;Modest house renovations;Structual house changes;Flood insurance;Waterproofing walls & floors;Sandbags
3,a134,-36,-102000.0,"{'rain_damage': 5, 'river_damage': 4}",32000,,Personal improvements;Modest house renovations;Flood insurance;Sandbags
3,a135,-14,-8000.0,"{'rain_damage': 5, 'river_damage': 4}",8000,Flood insurance,Personal improvements;Modest house renovations;Structual house changes;Flood insurance;Sandbags;Waterproofing walls & floors;Green garden;Water pump;Self-activating wall;Flood insurance
3,a136,-32,-51000.0,"{'rain_damage': 5, 'river_damage': 4}",28000,,Personal improvements;Modest house renovations;Structual house changes;Flood insurance;Sandbags;Water pump
3,a137,-7,-1000.0,"{'rain_damage': 5, 'river_damage': 4}",4000,Personal improvements;Modest house renovations;Flood insurance,Personal improvements;Modest house renovations;Structual house changes;Flood insurance;Water pump;Sandbags;Waterproofing walls & floors;Green garden;Rain barrel;Self-activating wall;Flood insurance;Personal improvements;Modest house renovations;Flood insurance
3,a138,-14,-8000.0,"{'rain_damage': 5, 'river_damage': 4}",8000,Flood insurance,Personal improvements;Modest house renovations;Structual house changes;Flood insurance;Sandbags;Waterproofing walls & floors;Green garden;Water pump;Self-activating wall;Flood insurance
3,a139,-11,-10000.0,"{'rain_damage': 5, 'river_damage': 4}",4000,,Personal improvements;Modest house renovations;Structual house changes;Flood insurance;Sandbags;Waterproofing walls & floors;Green garden;Rain barrel;Water pump;Self-activating wall
3,a140,-17,-37000.0,"{'rain_damage': 5, 'river_damage': 4}",12000,,Personal improvements;Modest house renovations;Structual house changes;Flood insurance;Sandbags;Waterproofing walls & floors;Green garden;Rain barrel;Water pump
3,a141,-3,8000.0,"{'rain_damage': 5, 'river_damage': 4}",4000,Personal improvements;Modest house renovations;Structual house changes;Flood insurance,Personal improvements;Modest house renovations;Structual house changes;Flood insurance;Water pump;Sandbags;Waterproofing walls & floors;Green garden;Rain barrel;Self-activating wall;Personal improvements;Modest house renovations;Flood insurance;Personal improvements;Modest house renovations;Structual house changes;Flood insurance
3,a142,-16,-13000.0,"{'rain_damage': 5, 'river_damage': 4}",16000,Personal improvements;Modest house renovations;Structual house changes,Personal improvements;Modest house renovations;Structual house changes;Flood insurance;Sandbags;Waterproofing walls & floors;Green garden;Water pump;Flood insurance;Personal improvements;Personal improvements;Modest house renovations;Structual house changes
3,a143,-21,-44000.0,"{'rain_damage': 5, 'river_damage': 4}",16000,,Personal improvements;Modest house renovations;Structual house changes;Flood insurance;Sandbags;Waterproofing walls & floors;Green garden;Water pump
3,a144,-31,-89000.0,"{'rain_damage': 5, 'river_damage': 4}",28000,,Personal improvements;Modest house renovations;Structual house changes;Flood insurance;Green garden;Sandbags
3,a145,-39,-116000.0,"{'rain_damage': 5, 'river_damage': 4}",36000,,Personal improvements;Modest house renovations;Flood insurance
3,a146,-35,-69000.0,"{'rain_damage': 5, 'river_damage': 4}",32000,,Personal improvements;Modest house renovations;Structual house changes;Flood insurance;Sandbags
3,a147,-24,-25000.0,"{'rain_damage': 5, 'river_damage': 4}",20000,,Personal improvements;Modest house renovations;Structual house changes;Flood insurance;Sandbags;Waterproofing walls & floors;Green garden
3,a148,-20,-13000.0,"{'rain_damage': 5, 'river_damage': 4}",16000,,Personal improvements;Modest house renovations;Structual house changes;Flood insurance;Sandbags;Waterproofing walls & floors;Green garden;Rain barrel
3,a149,-32,-51000.0,"{'rain_damage': 5, 'river_damage': 4}",28000,,Personal improvements;Modest house renovations;Structual house changes;Flood insurance;Sandbags;Water pump
3,a150,-14,-8000.0,"{'rain_damage': 5, 'river_damage': 4}",8000,Flood insurance,Personal improvements;Modest house renovations;Structual house changes;Flood insurance;Sandbags;Waterproofing walls & floors;Green garden;Water pump;Self-activating wall;Flood insurance
3,a151,-35,-84000.0,"{'rain_damage': 5, 'river_damage': 4}",32000,,Personal improvements;Modest house renovations;Structual house changes;Flood insurance;Sandbags
3,a152,-35,-69000.0,"{'rain_damage': 5, 'river_damage': 4}",32000,,Personal improvements;Modest house renovations;Structual house changes;Flood insurance;Sandbags
3,a153,-3,8000.0,"{'rain_damage': 5, 'river_damage': 4}",4000,Personal improvements;Modest house renovations;Structual house changes;Flood insurance,Personal improvements;Modest house renovations;Structual house changes;Flood insurance;Water pump;Sandbags;Waterproofing walls & floors;Green garden;Rain barrel;Self-activating wall;Personal improvements;Modest house renovations;Flood insurance;Personal improvements;Modest house renovations;Structual house changes;Flood insurance
3,a154,-31,-59000.0,"{'rain_damage': 5, 'river_damage': 4}",28000,,Personal improvements;Modest house renovations;Structual house changes;Flood insurance;Green garden;Sandbags
3,a155,-36,-83000.0,"{'rain_damage': 5, 'river_damage': 4}",32000,,Personal improvements;Modest house renovations;Structual house changes;Sandbags
3,a156,-25,-34000.0,"{'rain_damage': 5, 'river_damage': 4}",20000,,Personal improvements;Modest house renovations;Structual house changes;Flood insurance;Sandbags;Waterproofing walls & floors;Water pump
3,a157,-3,8000.0,"{'rain_damage': 5, 'river_damage': 4}",4000,Personal improvements;Modest house renovations;Structual house changes;Flood insurance,Personal improvements;Modest house renovations;Structual house changes;Flood insurance;Water pump;Sandbags;Waterproofing walls & floors;Green garden;Rain barrel;Self-activating wall;Personal improvements;Modest house renovations;Flood insurance;Personal improvements;Modest house renovations;Structual house changes;Flood insurance
3,a158,-39,-116000.0,"{'rain_damage': 5, 'river_damage': 4}",36000,,Personal improvements;Modest house renovations;Flood insurance
3,a159,-39,-114000.0,"{'rain_damage': 5, 'river_damage': 4}",36000,,Personal improvements;Modest house renovations;Flood insurance
3,a160,-21,-29000.0,"{'rain_damage': 5, 'river_damage': 4}",16000,,Personal improvements;Modest house renovations;Structual house changes;Flood insurance;Sandbags;Waterproofing walls & floors;Green garden;Water pump
3,a161,-14,-8000.0,"{'rain_damage': 5, 'river_damage': 4}",8000,Flood insurance,Personal improvements;Modest house renovations;Structual house changes;Flood insurance;Sandbags;Waterproofing walls & floors;Green garden;Water pump;Self-activating wall;Flood insurance
3,a162,-32,-51000.0,"{'rain_damage': 5, 'river_damage': 4}",28000,,Personal improvements;Modest house renovations;Structual house changes;Flood insurance;Sandbags;Water pump
3,a163,-28,-70000.0,"{'rain_damage': 5, 'river_damage': 4}",24000,,Personal improvements;Modest house renovations;Structual house changes;Flood insurance;Waterproofing walls & floors;Sandbags
3,a164,-2,26000.0,"{'rain_damage': 5, 'river_damage': 4}",4000,Personal improvements;Modest house renovations;Structual house changes;Flood insurance,Personal improvements;Modest house renovations;Structual house changes;Flood insurance;Water pump;Self-activating wall;Sandbags;Waterproofing walls & floors;Green garden;Rain barrel;Personal improvements;Modest house renovations;Structual house changes;Flood insurance;Personal improvements;Modest house renovations;Structual house changes;Flood insurance
3,a165,-36,-102000.0,"{'rain_damage': 5, 'river_damage': 4}",32000,,Personal improvements;Modest house renovations;Flood insurance;Sandbags
3,a166,-35,-104000.0,"{'rain_damage': 5, 'river_damage': 4}",32000,,Personal improvements;Modest house renovations;Structual house changes;Flood insurance;Sandbags
3,a167,-3,8000.0,"{'rain_damage': 5, 'river_damage': 4}",4000,Personal improvements;Modest house renovations;Structual house changes;Flood insurance,Personal improvements;Modest house renovations;Structual house changes;Flood insurance;Water pump;Sandbags;Waterproofing walls & floors;Green garden;Rain barrel;Self-activating wall;Personal improvements;Modest house renovations;Flood insurance;Personal improvements;Modest house renovations;Structual house changes;Flood insurance
3,a168,-35,-89000.0,"{'rain_damage': 5, 'river_damage': 4}",32000,,Personal improvements;Modest house renovations;Structual house changes;Flood insurance;Sandbags
3,a169,-17,-37000.0,"{'rain_damage': 5, 'river_damage': 4}",12000,,Personal improvements;Modest house renovations;Structual house changes;Flood insurance;Sandbags;Waterproofing walls & floors;Green garden;Rain barrel;Water pump
3,a170,-36,-93000.0,"{'rain_damage': 5, 'river_damage': 4}",32000,,Personal improvements;Modest house renovations;Structual house changes;Sandbags
3,a171,-31,-59000.0,"{'rain_damage': 5, 'river_damage': 4}",28000,,Personal improvements;Modest house renovations;Structual house changes;Flood insurance;Green garden;Sandbags
3,a172,-17,-37000.0,"{'rain_damage': 5, 'river_damage': 4}",12000,,Personal improvements;Modest house renovations;Structual house changes;Flood insurance;Sandbags;Waterproofing walls & floors;Green garden;Rain barrel;Water pump
3,a173,-21,-29000.0,"{'rain_damage': 5, 'river_damage': 4}",16000,,Personal improvements;Modest house renovations;Structual house changes;Flood insurance;Sandbags;Waterproofing walls & floors;Green garden;Water pump
3,a174,-14,-8000.0,"{'rain_damage': 5, 'river_damage': 4}",8000,Flood insurance,Personal improvements;Modest house renovations;Structual house changes;Flood insurance;Sandbags;Waterproofing walls & floors;Green garden;Water pump;Self-activating wall;Flood insurance
3,a175,-35,-89000.0,"{'rain_damage': 5, 'river_damage': 4}",32000,,Personal improvements;Modest house renovations;Structual house changes;Flood insurance;Sandbags
3,a176,-31,-59000.0,"{'rain_damage': 5, 'river_damage': 4}",28000,,Personal improvements;Modest house renovations;Structual house changes;Flood insurance;Green garden;Sandbags
3,a177,-36,-83000.0,"{'rain_damage': 5, 'river_damage': 4}",32000,,Personal improvements;Modest house renovations;Structual house changes;Sandbags
3,a178,-34,-63000.0,"{'rain_damage': 5, 'river_damage': 4}",32000,,Personal improvements;Modest house renovations;Structual house changes;Flood insurance;Green garden
3,a179,-10,-1000.0,"{'rain_damage': 5, 'river_damage': 4}",4000,Flood insurance,Personal improvements;Modest house renovations;Structual house changes;Flood insurance;Water pump;Sandbags;Waterproofing walls & floors;Green garden;Rain barrel;Self-activating wall;Flood insurance
3,a180,-11,-10000.0,"{'rain_damage': 5, 'river_damage': 4}",4000,,Personal improvements;Modest house renovations;Structual house changes;Flood insurance;Sandbags;Waterproofing walls & floors;Green garden;Rain barrel;Water pump;Self-activating wall
3,a181,-24,-25000.0,"{'rain_damage': 5, 'river_damage': 4}",20000,,Personal improvements;Modest house renovations;Structual house changes;Flood insurance;Sandbags;Waterproofing walls & floors;Green garden
3,a182,-35,-104000.0,"{'rain_damage': 5, 'river_damage': 4}",32000,,Personal improvements;Modest house renovations;Structual house changes;Flood insurance;Sandbags
3,a183,-35,-74000.0,"{'rain_damage': 5, 'river_damage': 4}",32000,,Personal improvements;Modest house renovations;Structual house changes;Flood insurance;Sandbags
3,a184,-28,-55000.0,"{'rain_damage': 5, 'river_damage': 4}",24000,,Personal improvements;Modest house renovations;Structual house changes;Flood insurance;Waterproofing walls & floors;Sandbags
3,a185,-21,-29000.0,"{'rain_damage': 5, 'river_damage': 4}",16000,,Personal improvements;Modest house renovations;Structual house changes;Flood insurance;Sandbags;Waterproofing walls & floors;Green garden;Water pump
3,a186,-20,-13000.0,"{'rain_damage': 5, 'river_damage': 4}",16000,,Personal improvements;Modest house renovations;Structual house changes;Flood insurance;Sandbags;Waterproofing walls & floors;Green garden;Rain barrel
3,a187,-21,-44000.0,"{'rain_damage': 5, 'river_damage': 4}",16000,,Personal improvements;Modest house renovations;Structual house changes;Flood insurance;Sandbags;Waterproofing walls & floors;Green garden;Water pump
3,a188,-35,-84000.0,"{'rain_damage': 5, 'river_damage': 4}",32000,,Personal improvements;Modest house renovations;Structual house changes;Flood insurance;Sandbags
3,a189,-20,-20000.0,"{'rain_damage': 5, 'river_damage': 4}",20000,Personal improvements;Modest house renovations;Structual house changes,Personal improvements;Modest house renovations;Structual house changes;Flood insurance;Sandbags;Waterproofing walls & floors;Green garden;Flood insurance;Personal improvements;Modest house renovations;Structual house changes
3,a190,-34,-83000.0,"{'rain_damage': 5, 'river_damage': 4}",32000,,Personal improvements;Modest house renovations;Structual house changes;Flood insurance;Green garden
3,a191,-28,-70000.0,"{'rain_damage': 5, 'river_damage': 4}",24000,,Personal improvements;Modest house renovations;Structual house changes;Flood insurance;Waterproofing walls & floors;Sandbags
3,a192,-20,-20000.0,"{'rain_damage': 5, 'river_damage': 4}",20000,Personal improvements;Modest house renovations;Structual house changes,Personal improvements;Modest house renovations;Structual house changes;Flood insurance;Sandbags;Waterproofing walls & floors;Green garden;Flood insurance;Personal improvements;Modest house renovations;Structual house changes
3,a193,-10,-1000.0,"{'rain_damage': 5, 'river_damage': 4}",4000,Flood insurance,Personal improvements;Modest house renovations;Structual house changes;Flood insurance;Water pump;Sandbags;Waterproofing walls & floors;Green garden;Rain barrel;Self-activating wall;Flood insurance
3,a194,-28,-40000.0,"{'rain_damage': 5, 'river_damage': 4}",24000,,Personal improvements;Modest house renovations;Structual house changes;Flood insurance;Waterproofing walls & floors;Sandbags
3,a195,-14,-8000.0,"{'rain_damage': 5, 'river_damage': 4}",8000,Flood insurance,Personal improvements;Modest house renovations;Structual house changes;Flood insurance;Sandbags;Waterproofing walls & floors;Green garden;Water pump;Self-activating wall;Flood insurance
3,a196,-28,-40000.0,"{'rain_damage': 5, 'river_damage': 4}",24000,,Personal improvements;Modest house renovations;Structual house changes;Flood insurance;Waterproofing walls & floors;Sandbags
3,a197,-20,-17000.0,"{'rain_damage': 5, 'river_damage': 4}",20000,Personal improvements;Modest house renovations;Structual house changes,Personal improvements;Modest house renovations;Structual house changes;Flood insurance;Sandbags;Waterproofing walls & floors;Green garden;Flood insurance;Personal improvements;Modest house renovations;Structual house changes
3,a198,-36,-83000.0,"{'rain_damage': 5, 'river_damage': 4}",32000,,Personal improvements;Modest house renovations;Structual house changes;Sandbags
3,a199,-35,-104000.0,"{'rain_damage': 5, 'river_damage': 4}",32000,,Personal improvements;Modest house renovations;Structual house changes;Flood insurance;Sandbags
3,a200,-39,-114000.0,"{'rain_damage': 5, 'river_damage': 4}",36000,,Personal improvements;Modest house renovations;Flood insurance
3,a201,-21,-16000.0,"{'rain_damage': 5, 'river_damage': 4}",20000,Personal improvements;Modest house renovations;Structual house changes,Personal improvements;Modest house renovations;Structual house changes;Flood insurance;Sandbags;Waterproofing walls & floors;Water pump;Flood insurance;Personal improvements;Modest house renovations;Structual house changes
3,a202,-39,-114000.0,"{'rain_damage': 5, 'river_damage': 4}",36000,,Personal improvements;Modest house renovations;Flood insurance
3,a203,-14,-8000.0,"{'rain_damage': 5, 'river_damage': 4}",8000,Flood insurance,Personal improvements;Modest house renovations;Structual house changes;Flood insurance;Sandbags;Waterproofing walls & floors;Green garden;Water pump;Self-activating wall;Flood insurance
3,a204,-7,-1000.0,"{'rain_damage': 5, 'river_damage': 4}",4000,Personal improvements;Modest house renovations;Flood insurance,Personal improvements;Modest house renovations;Structual house changes;Flood insurance;Water pump;Sandbags;Waterproofing walls & floors;Green garden;Rain barrel;Self-activating wall;Flood insurance;Personal improvements;Modest house renovations;Flood insurance
3,a205,-20,-20000.0,"{'rain_damage': 5, 'river_damage': 4}",20000,Personal improvements;Modest house renovations;Structual house changes,Personal improvements;Modest house renovations;Structual house changes;Flood insurance;Sandbags;Waterproofing walls & floors;Green garden;Flood insurance;Personal improvements;Modest house renovations;Structual house changes
3,a206,-35,-69000.0,"{'rain_damage': 5, 'river_damage': 4}",32000,,Personal improvements;Modest house renovations;Structual house changes;Flood insurance;Sandbags
3,a207,-28,-55000.0,"{'rain_damage': 5, 'river_damage': 4}",24000,,Personal improvements;Modest house renovations;Structual house changes;Flood insurance;Waterproofing walls & floors;Sandbags
3,a208,-35,-84000.0,"{'rain_damage': 5, 'river_damage': 4}",32000,,Personal improvements;Modest house renovations;Structual house changes;Flood insurance;Sandbags
3,a209,-35,-69000.0,"{'rain_damage': 5, 'river_damage': 4}",32000,,Personal improvements;Modest house renovations;Structual house changes;Flood insurance;Sandbags
3,a210,-39,-116000.0,"{'rain_damage': 5, 'river_damage': 4}",36000,,Personal improvements;Modest house renovations;Flood insurance
3,a211,-35,-69000.0,"{'rain_damage': 5, 'river_damage': 4}",32000,,Personal improvements;Modest house renovations;Structual house changes;Flood insurance;Sandbags
3,a212,-25,-34000.0,"{'rain_damage': 5, 'river_damage': 4}",20000,,Personal improvements;Modest house renovations;Structual house changes;Flood insurance;Sandbags;Waterproofing walls & floors;Water pump
3,a213,-21,-29000.0,"{'rain_damage': 5, 'river_damage': 4}",16000,,Personal improvements;Modest house renovations;Structual house changes;Flood insurance;Sandbags;Waterproofing walls & floors;Green garden;Water pump
3,a214,-36,-92000.0,"{'rain_damage': 5, 'river_damage': 4}",32000,,Personal improvements;Modest house renovations;Flood insurance;Sandbags
3,a215,-39,-114000.0,"{'rain_damage': 5, 'river_damage': 4}",36000,,Personal improvements;Modest house renovations;Flood insurance
3,a216,-9,-4000.0,"{'rain_damage': 5, 'river_damage': 4}",4000,Personal improvements;Modest house renovations,Personal improvements;Modest house renovations;Structual house changes;Flood insurance;Water pump;Sandbags;Waterproofing walls & floors;Green garden;Rain barrel;Self-activating wall;Personal improvements;Modest house renovations
3,a217,-31,-59000.0,"{'rain_damage': 5, 'river_damage': 4}",28000,,Personal improvements;Modest house renovations;Structual house changes;Flood insurance;Green garden;Sandbags
3,a218,-14,-8000.0,"{'rain_damage': 5, 'river_damage': 4}",8000,Flood insurance,Personal improvements;Modest house renovations;Structual house changes;Flood insurance;Sandbags;Waterproofing walls & floors;Green garden;Water pump;Self-activating wall;Flood insurance
3,a219,-35,-69000.0,"{'rain_damage': 5, 'river_damage': 4}",32000,,Personal improvements;Modest house renovations;Structual house changes;Flood insurance;Sandbags
3,a220,-14,-8000.0,"{'rain_damage': 5, 'river_damage': 4}",8000,Flood insurance,Personal improvements;Modest house renovations;Structual house changes;Flood insurance;Sandbags;Waterproofing walls & floors;Green garden;Water pump;Self-activating wall;Flood insurance
3,a221,-34,-63000.0,"{'rain_damage': 5, 'river_damage': 4}",32000,,Personal improvements;Modest house renovations;Structual house changes;Flood insurance;Green garden
3,a222,-20,-17000.0,"{'rain_damage': 5, 'river_damage': 4}",20000,Personal improvements;Modest house renovations;Structual house changes,Personal improvements;Modest house renovations;Structual house changes;Flood insurance;Sandbags;Waterproofing walls & floors;Green garden;Flood insurance;Personal improvements;Modest house renovations;Structual house changes
3,a223,-36,-83000.0,"{'rain_damage': 5, 'river_damage': 4}",32000,,Personal improvements;Modest house renovations;Structual house changes;Sandbags
3,a224,-3,8000.0,"{'rain_damage': 5, 'river_damage': 4}",4000,Personal improvements;Modest house renovations;Structual house changes;Flood insurance,Personal improvements;Modest house renovations;Structual house changes;Flood insurance;Water pump;Sandbags;Waterproofing walls & floors;Green garden;Rain barrel;Self-activating wall;Personal improvements;Modest house renovations;Flood insurance;Personal improvements;Modest house renovations;Structual house changes;Flood insurance
3,a225,-34,-63000.0,"{'rain_damage': 5, 'river_damage': 4}",32000,,Personal improvements;Modest house renovations;Structual house changes;Flood insurance;Green garden
3,a226,-39,-114000.0,"{'rain_damage': 5, 'river_damage': 4}",36000,,Personal improvements;Modest house renovations;Flood insurance
3,a227,-3,8000.0,"{'rain_damage': 5, 'river_damage': 4}",4000,Personal improvements;Modest house renovations;Structual house changes;Flood insurance,Personal improvements;Modest house renovations;Structual house changes;Flood insurance;Water pump;Sandbags;Waterproofing walls & floors;Green garden;Rain barrel;Self-activating wall;Personal improvements;Modest house renovations;Flood insurance;Personal improvements;Modest house renovations;Structual house changes;Flood insurance
3,a228,-21,-16000.0,"{'rain_damage': 5, 'river_damage': 4}",20000,Personal improvements;Modest house renovations;Structual house changes,Personal improvements;Modest house renovations;Structual house changes;Flood insurance;Sandbags;Waterproofing walls & floors;Water pump;Flood insurance;Personal improvements;Modest house renovations;Structual house changes
3,a229,-35,-74000.0,"{'rain_damage': 5, 'river_damage': 4}",32000,,Personal improvements;Modest house renovations;Structual house changes;Flood insurance;Sandbags
3,a230,-39,-105000.0,"{'rain_damage': 5, 'river_damage': 4}",36000,,Personal improvements;Modest house renovations;Structual house changes
3,a231,-36,-83000.0,"{'rain_damage': 5, 'river_damage': 4}",32000,,Personal improvements;Modest house renovations;Structual house changes;Sandbags
3,a232,-10,-1000.0,"{'rain_damage': 5, 'river_damage': 4}",4000,Flood insurance,Personal improvements;Modest house renovations;Structual house changes;Flood insurance;Water pump;Sandbags;Waterproofing walls & floors;Green garden;Rain barrel;Self-activating wall;Flood insurance
3,a233,-21,-16000.0,"{'rain_damage': 5, 'river_damage': 4}",20000,Personal improvements;Modest house renovations;Structual house changes,Personal improvements;Modest house renovations;Structual house changes;Flood insurance;Sandbags;Waterproofing walls & floors;Water pump;Flood insurance;Personal improvements;Modest house renovations;Structual house changes
3,a234,-32,-51000.0,"{'rain_damage': 5, 'river_damage': 4}",28000,,Personal improvements;Modest house renovations;Structual house changes;Flood insurance;Sandbags;Water pump
3,a235,-2,26000.0,"{'rain_damage': 5, 'river_damage': 4}",4000,Personal improvements;Modest house renovations;Structual house changes;Flood insurance,Personal improvements;Modest house renovations;Structual house changes;Flood insurance;Water pump;Self-activating wall;Sandbags;Waterproofing walls & floors;Green garden;Rain barrel;Personal improvements;Modest house renovations;Structual house changes;Flood insurance;Personal improvements;Modest house renovations;Structual house changes;Flood insurance
3,a236,-28,-70000.0,"{'rain_damage': 5, 'river_damage': 4}",24000,,Personal improvements;Modest house renovations;Structual house changes;Flood insurance;Waterproofing walls & floors;Sandbags
3,a237,-34,-83000.0,"{'rain_damage': 5, 'river_damage': 4}",32000,,Personal improvements;Modest house renovations;Structual house changes;Flood insurance;Green garden
3,a238,-36,-92000.0,"{'rain_damage': 5, 'river_damage': 4}",32000,,Personal improvements;Modest house renovations;Flood insurance;Sandbags
3,a239,-35,-89000.0,"{'rain_damage': 5, 'river_damage': 4}",32000,,Personal improvements;Modest house renovations;Structual house changes;Flood insurance;Sandbags
3,a240,-10,-1000.0,"{'rain_damage': 5, 'river_damage': 4}",4000,Flood insurance,Personal improvements;Modest house renovations;Structual house changes;Flood insurance;Water pump;Sandbags;Waterproofing walls & floors;Green garden;Rain barrel;Self-activating wall;Flood insurance
3,a241,-35,-84000.0,"{'rain_damage': 5, 'river_damage': 4}",32000,,Personal improvements;Modest house renovations;Structual house changes;Flood insurance;Sandbags
3,a242,-21,-44000.0,"{'rain_damage': 5, 'river_damage': 4}",16000,,Personal improvements;Modest house renovations;Structual house changes;Flood insurance;Sandbags;Waterproofing walls & floors;Green garden;Water pump
3,a243,-39,-105000.0,"{'rain_damage': 5, 'river_damage': 4}",36000,,Personal improvements;Modest house renovations;Structual house changes
3,a244,-17,-37000.0,"{'rain_damage': 5, 'river_damage': 4}",12000,,Personal improvements;Modest house renovations;Structual house changes;Flood insurance;Sandbags;Waterproofing walls & floors;Green garden;Rain barrel;Water pump
3,a245,-34,-83000.0,"{'rain_damage': 5, 'river_damage': 4}",32000,,Personal improvements;Modest house renovations;Structual house changes;Flood insurance;Green garden
3,a246,-36,-92000.0,"{'rain_damage': 5, 'river_damage': 4}",32000,,Personal improvements;Modest house renovations;Flood insurance;Sandbags
3,a247,-28,-55000.0,"{'rain_damage': 5, 'river_damage': 4}",24000,,Personal improvements;Modest house renovations;Structual house changes;Flood insurance;Waterproofing walls & floors;Sandbags
3,a248,-36,-93000.0,"{'rain_damage': 5, 'river_damage': 4}",32000,,Personal improvements;Modest house renovations;Structual house changes;Sandbags
3,a249,-35,-104000.0,"{'rain_damage': 5, 'river_damage': 4}",32000,,Personal improvements;Modest house renovations;Structual house changes;Flood insurance;Sandbags
3,a250,-24,-25000.0,"{'rain_damage': 5, 'river_damage': 4}",20000,,Personal improvements;Modest house renovations;Structual house changes;Flood insurance;Sandbags;Waterproofing walls & floors;Green garden
3,a251,-21,-16000.0,"{'rain_damage': 5, 'river_damage': 4}",20000,Personal improvements;Modest house renovations;Structual house changes,Personal improvements;Modest house renovations;Structual house changes;Flood insurance;Sandbags;Waterproofing walls & floors;Water pump;Flood insurance;Personal improvements;Modest house renovations;Structual house changes
3,a252,-20,-17000.0,"{'rain_damage': 5, 'river_damage': 4}",20000,Personal improvements;Modest house renovations;Structual house changes,Personal improvements;Modest house renovations;Structual house changes;Flood insurance;Sandbags;Waterproofing walls & floors;Green garden;Flood insurance;Personal improvements;Modest house renovations;Structual house changes
3,a253,-28,-70000.0,"{'rain_damage': 5, 'river_damage': 4}",24000,,Personal improvements;Modest house renovations;Structual house changes;Flood insurance;Waterproofing walls & floors;Sandbags
3,a254,-31,-89000.0,"{'rain_damage': 5, 'river_damage': 4}",28000,,Personal improvements;Modest house renovations;Structual house changes;Flood insurance;Green garden;Sandbags
3,a255,-9,-4000.0,"{'rain_damage': 5, 'river_damage': 4}",4000,Personal improvements;Modest house renovations,Personal improvements;Modest house renovations;Structual house changes;Flood insurance;Water pump;Sandbags;Waterproofing walls & floors;Green garden;Rain barrel;Self-activating wall;Personal improvements;Modest house renovations
3,a256,-21,-44000.0,"{'rain_damage': 5, 'river_damage': 4}",16000,,Personal improvements;Modest house renovations;Structual house changes;Flood insurance;Sandbags;Waterproofing walls & floors;Green garden;Water pump
3,a257,-36,-102000.0,"{'rain_damage': 5, 'river_damage': 4}",32000,,Personal improvements;Modest house renovations;Flood insurance;Sandbags
3,a258,-10,-1000.0,"{'rain_damage': 5, 'river_damage': 4}",4000,Flood insurance,Personal improvements;Modest house renovations;Structual house changes;Flood insurance;Water pump;Sandbags;Waterproofing walls & floors;Green garden;Rain barrel;Self-activating wall;Flood insurance
3,a259,-10,-1000.0,"{'rain_damage': 5, 'river_damage': 4}",4000,Flood insurance,Personal improvements;Modest house renovations;Structual house changes;Flood insurance;Water pump;Sandbags;Waterproofing walls & floors;Green garden;Rain barrel;Self-activating wall;Flood insurance
3,a260,-35,-74000.0,"{'rain_damage': 5, 'river_damage': 4}",32000,,Personal improvements;Modest house renovations;Structual house changes;Flood insurance;Sandbags
3,a261,-20,-17000.0,"{'rain_damage': 5, 'river_damage': 4}",20000,Personal improvements;Modest house renovations;Structual house changes,Personal improvements;Modest house renovations;Structual house changes;Flood insurance;Sandbags;Waterproofing walls & floors;Green garden;Flood insurance;Personal improvements;Modest house renovations;Structual house changes
3,a262,-34,-83000.0,"{'rain_damage': 5, 'river_damage': 4}",32000,,Personal improvements;Modest house renovations;Structual house changes;Flood insurance;Green garden
3,a263,-24,-65000.0,"{'rain_damage': 5, 'river_damage': 4}",20000,,Personal improvements;Modest house renovations;Structual house changes;Flood insurance;Sandbags;Waterproofing walls & floors;Green garden
3,a264,-35,-104000.0,"{'rain_damage': 5, 'river_damage': 4}",32000,,Personal improvements;Modest house renovations;Structual house changes;Flood insurance;Sandbags
3,a265,-17,-37000.0,"{'rain_damage': 5, 'river_damage': 4}",12000,,Personal improvements;Modest house renovations;Structual house changes;Flood insurance;Sandbags;Waterproofing walls & floors;Green garden;Rain barrel;Water pump
3,a266,-39,-114000.0,"{'rain_damage': 5, 'river_damage': 4}",36000,,Personal improvements;Modest house renovations;Flood insurance
3,a267,-28,-55000.0,"{'rain_damage': 5, 'river_damage': 4}",24000,,Personal improvements;Modest house renovations;Structual house changes;Flood insurance;Waterproofing walls & floors;Sandbags
3,a268,-35,-84000.0,"{'rain_damage': 5, 'river_damage': 4}",32000,,Personal improvements;Modest house renovations;Structual house changes;Flood insurance;Sandbags
3,a269,-21,-44000.0,"{'rain_damage': 5, 'river_damage': 4}",16000,,Personal improvements;Modest house renovations;Structual house changes;Flood insurance;Sandbags;Waterproofing walls & floors;Green garden;Water pump
3,a270,-25,-34000.0,"{'rain_damage': 5, 'river_damage': 4}",20000,,Personal improvements;Modest house renovations;Structual house changes;Flood insurance;Sandbags;Waterproofing walls & floors;Water pump
3,a271,-21,-44000.0,"{'rain_damage': 5, 'river_damage': 4}",16000,,Personal improvements;Modest house renovations;Structual house changes;Flood insurance;Sandbags;Waterproofing walls & floors;Green garden;Water pump
3,a272,-9,-4000.0,"{'rain_damage': 5, 'river_damage': 4}",4000,Personal improvements;Modest house renovations,Personal improvements;Modest house renovations;Structual house changes;Flood insurance;Water pump;Sandbags;Waterproofing walls & floors;Green garden;Rain barrel;Self-activating wall;Personal improvements;Modest house renovations
3,a273,-24,-25000.0,"{'rain_damage': 5, 'river_damage': 4}",20000,,Personal improvements;Modest house renovations;Structual house changes;Flood insurance;Sandbags;Waterproofing walls & floors;Green garden
3,a274,-35,-104000.0,"{'rain_damage': 5, 'river_damage': 4}",32000,,Personal improvements;Modest house renovations;Structual house changes;Flood insurance;Sandbags
3,a275,-35,-59000.0,"{'rain_damage': 5, 'river_damage': 4}",32000,,Personal improvements;Modest house renovations;Structual house changes;Flood insurance;Sandbags
3,a276,-10,-4000.0,"{'rain_damage': 5, 'river_damage': 4}",4000,Personal improvements;Modest house renovations;Structual house changes;Flood insurance;Self-activating wall,Personal improvements;Modest house renovations;Structual house changes;Flood insurance;Sandbags;Waterproofing walls & floors;Green garden;Rain barrel;Water pump;Flood insurance;Personal improvements;Modest house renovations;Structual house changes;Flood insurance;Self-activating wall
3,a277,-39,-116000.0,"{'rain_damage': 5, 'river_damage': 4}",36000,,Personal improvements;Modest house renovations;Flood insurance
3,a278,-28,-40000.0,"{'rain_damage': 5, 'river_damage': 4}",24000,,Personal improvements;Modest house renovations;Structual house changes;Flood insurance;Waterproofing walls & floors;Sandbags
3,a279,-28,-55000.0,"{'rain_damage': 5, 'river_damage': 4}",24000,,Personal improvements;Modest house renovations;Structual house changes;Flood insurance;Waterproofing walls & floors;Sandbags
3,a280,-3,8000.0,"{'rain_damage': 5, 'river_damage': 4}",4000,Personal improvements;Modest house renovations;Structual house changes;Flood insurance,Personal improvements;Modest house renovations;Structual house changes;Flood insurance;Water pump;Sandbags;Waterproofing walls & floors;Green garden;Rain barrel;Self-activating wall;Personal improvements;Modest house renovations;Flood insurance;Personal improvements;Modest house renovations;Structual house changes;Flood insurance
3,a281,-10,-4000.0,"{'rain_damage': 5, 'river_damage': 4}",4000,Personal improvements;Modest house renovations;Structual house changes;Flood insurance;Self-activating wall,Personal improvements;Modest house renovations;Structual house changes;Flood insurance;Sandbags;Waterproofing walls & floors;Green garden;Rain barrel;Water pump;Flood insurance;Personal improvements;Modest house renovations;Structual house changes;Flood insurance;Self-activating wall
3,a282,-31,-59000.0,"{'rain_damage': 5, 'river_damage': 4}",28000,,Personal improvements;Modest house renovations;Structual house changes;Flood insurance;Green garden;Sandbags
3,a283,-20,-20000.0,"{'rain_damage': 5, 'river_damage': 4}",20000,Personal improvements;Modest house renovations;Structual house changes,Personal improvements;Modest house renovations;Structual house changes;Flood insurance;Sandbags;Waterproofing walls & floors;Green garden;Flood insurance;Personal improvements;Modest house renovations;Structual house changes
3,a284,-25,-34000.0,"{'rain_damage': 5, 'river_damage': 4}",20000,,Personal improvements;Modest house renovations;Structual house changes;Flood insurance;Sandbags;Waterproofing walls & floors;Water pump
3,a285,-20,-13000.0,"{'rain_damage': 5, 'river_damage': 4}",16000,,Personal improvements;Modest house renovations;Structual house changes;Flood insurance;Sandbags;Waterproofing walls & floors;Green garden;Rain barrel
3,a286,-34,-83000.0,"{'rain_damage': 5, 'river_damage': 4}",32000,,Personal improvements;Modest house renovations;Structual house changes;Flood insurance;Green garden
3,a287,-32,-51000.0,"{'rain_damage': 5, 'river_damage': 4}",28000,,Personal improvements;Modest house renovations;Structual house changes;Flood insurance;Sandbags;Water pump
3,a288,-36,-102000.0,"{'rain_damage': 5, 'river_damage': 4}",32000,,Personal improvements;Modest house renovations;Flood insurance;Sandbags
3,a289,-28,-70000.0,"{'rain_damage': 5, 'river_damage': 4}",24000,,Personal improvements;Modest house renovations;Structual house changes;Flood insurance;Waterproofing walls & floors;Sandbags
3,a290,-14,-8000.0,"{'rain_damage': 5, 'river_damage': 4}",8000,Flood insurance,Personal improvements;Modest house renovations;Structual house changes;Flood insurance;Sandbags;Waterproofing walls & floors;Green garden;Water pump;Self-activating wall;Flood insurance
3,a291,-28,-70000.0,"{'rain_damage': 5, 'river_damage': 4}",24000,,Personal improvements;Modest house renovations;Structual house changes;Flood insurance;Waterproofing walls & floors;Sandbags
3,a292,-35,-72000.0,"{'rain_damage': 5, 'river_damage': 4}",32000,,Personal improvements;Modest house renovations;Structual house changes;Flood insurance;Sandbags
3,a293,-17,-37000.0,"{'rain_damage': 5, 'river_damage': 4}",12000,,Personal improvements;Modest house renovations;Structual house changes;Flood insurance;Sandbags;Waterproofing walls & floors;Green garden;Rain barrel;Water pump
3,a294,-3,8000.0,"{'rain_damage': 5, 'river_damage': 4}",4000,Personal improvements;Modest house renovations;Structual house changes;Flood insurance,Personal improvements;Modest house renovations;Structual house changes;Flood insurance;Water pump;Sandbags;Waterproofing walls & floors;Green garden;Rain barrel;Self-activating wall;Personal improvements;Modest house renovations;Flood insurance;Personal improvements;Modest house renovations;Structual house changes;Flood insurance
3,a295,-39,-116000.0,"{'rain_damage': 5, 'river_damage': 4}",36000,,Personal improvements;Modest house renovations;Flood insurance
3,a296,-39,-116000.0,"{'rain_damage': 5, 'river_damage': 4}",36000,,Personal improvements;Modest house renovations;Flood insurance
3,a297,-28,-70000.0,"{'rain_damage': 5, 'river_damage': 4}",24000,,Personal improvements;Modest house renovations;Structual house changes;Flood insurance;Waterproofing walls & floors;Sandbags
3,a298,-24,-65000.0,"{'rain_damage': 5, 'river_damage': 4}",20000,,Personal improvements;Modest house renovations;Structual house changes;Flood insurance;Sandbags;Waterproofing walls & floors;Green garden
3,a299,-32,-51000.0,"{'rain_damage': 5, 'river_damage': 4}",28000,,Personal improvements;Modest house renovations;Structual house changes;Flood insurance;Sandbags;Water pump
3,a300,-9,-4000.0,"{'rain_damage': 5, 'river_damage': 4}",4000,Personal improvements;Modest house renovations,Personal improvements;Modest house renovations;Structual house changes;Flood insurance;Water pump;Sandbags;Waterproofing walls & floors;Green garden;Rain barrel;Self-activating wall;Personal improvements;Modest house renovations
3,a301,-17,-37000.0,"{'rain_damage': 5, 'river_damage': 4}",12000,,Personal improvements;Modest house renovations;Structual house changes;Flood insurance;Sandbags;Waterproofing walls & floors;Green garden;Rain barrel;Water pump
3,a302,-35,-89000.0,"{'rain_damage': 5, 'river_damage': 4}",32000,,Personal improvements;Modest house renovations;Structual house changes;Flood insurance;Sandbags
3,a303,-39,-114000.0,"{'rain_damage': 5, 'river_damage': 4}",36000,,Personal improvements;Modest house renovations;Flood insurance
3,a304,-36,-93000.0,"{'rain_damage': 5, 'river_damage': 4}",32000,,Personal improvements;Modest house renovations;Structual house changes;Sandbags
3,a305,-35,-89000.0,"{'rain_damage': 5, 'river_damage': 4}",32000,,Personal improvements;Modest house renovations;Structual house changes;Flood insurance;Sandbags
3,a306,-35,-89000.0,"{'rain_damage': 5, 'river_damage': 4}",32000,,Personal improvements;Modest house renovations;Structual house changes;Flood insurance;Sandbags
3,a307,-35,-89000.0,"{'rain_damage': 5, 'river_damage': 4}",32000,,Personal improvements;Modest house renovations;Structual house changes;Flood insurance;Sandbags
3,a308,-39,-105000.0,"{'rain_damage': 5, 'river_damage': 4}",36000,,Personal improvements;Modest house renovations;Structual house changes
3,a309,-10,-4000.0,"{'rain_damage': 5, 'river_damage': 4}",4000,Personal improvements;Modest house renovations;Structual house changes;Flood insurance;Self-activating wall,Personal improvements;Modest house renovations;Structual house changes;Flood insurance;Sandbags;Waterproofing walls & floors;Green garden;Rain barrel;Water pump;Flood insurance;Personal improvements;Modest house renovations;Structual house changes;Flood insurance;Self-activating wall
3,a310,-10,-4000.0,"{'rain_damage': 5, 'river_damage': 4}",4000,Personal improvements;Modest house renovations;Structual house changes;Flood insurance;Self-activating wall,Personal improvements;Modest house renovations;Structual house changes;Flood insurance;Sandbags;Waterproofing walls & floors;Green garden;Rain barrel;Water pump;Flood insurance;Personal improvements;Modest house renovations;Structual house changes;Flood insurance;Self-activating wall
3,a311,-36,-93000.0,"{'rain_damage': 5, 'river_damage': 4}",32000,,Personal improvements;Modest house renovations;Structual house changes;Sandbags
3,a312,-17,-37000.0,"{'rain_damage': 5, 'river_damage': 4}",12000,,Personal improvements;Modest house renovations;Structual house changes;Flood insurance;Sandbags;Waterproofing walls & floors;Green garden;Rain barrel;Water pump
3,a313,-11,-10000.0,"{'rain_damage': 5, 'river_damage': 4}",4000,,Personal improvements;Modest house renovations;Structual house changes;Flood insurance;Sandbags;Waterproofing walls & floors;Green garden;Rain barrel;Water pump;Self-activating wall
3,a314,-36,-92000.0,"{'rain_damage': 5, 'river_damage': 4}",32000,,Personal improvements;Modest house renovations;Flood insurance;Sandbags
3,a315,-21,-16000.0,"{'rain_damage': 5, 'river_damage': 4}",20000,Personal improvements;Modest house renovations;Structual house changes,Personal improvements;Modest house renovations;Structual house changes;Flood insurance;Sandbags;Waterproofing walls & floors;Water pump;Flood insurance;Personal improvements;Modest house renovations;Structual house changes
3,a316,-39,-114000.0,"{'rain_damage': 5, 'river_damage': 4}",36000,,Personal improvements;Modest house renovations;Flood insurance
3,a317,-20,-20000.0,"{'rain_damage': 5, 'river_damage': 4}",20000,Personal improvements;Modest house renovations;Structual house changes,Personal improvements;Modest house renovations;Structual house changes;Flood insurance;Sandbags;Waterproofing walls & floors;Green garden;Flood insurance;Personal improvements;Modest house renovations;Structual house changes
3,a318,-20,-20000.0,"{'rain_damage': 5, 'river_damage': 4}",20000,Personal improvements;Modest house renovations;Structual house changes,Personal improvements;Modest house renovations;Structual house changes;Flood insurance;Sandbags;Waterproofing walls & floors;Green garden;Flood insurance;Personal improvements;Modest house renovations;Structual house changes
3,a319,-28,-55000.0,"{'rain_damage': 5, 'river_damage': 4}",24000,,Personal improvements;Modest house renovations;Structual house changes;Flood insurance;Waterproofing walls & floors;Sandbags
3,a320,-11,-10000.0,"{'rain_damage': 5, 'river_damage': 4}",4000,,Personal improvements;Modest house renovations;Structual house changes;Flood insurance;Sandbags;Waterproofing walls & floors;Green garden;Rain barrel;Water pump;Self-activating wall
3,a321,-36,-93000.0,"{'rain_damage': 5, 'river_damage': 4}",32000,,Personal improvements;Modest house renovations;Structual house changes;Sandbags
3,a322,-21,-44000.0,"{'rain_damage': 5, 'river_damage': 4}",16000,,Personal improvements;Modest house renovations;Structual house changes;Flood insurance;Sandbags;Waterproofing walls & floors;Green garden;Water pump
3,a323,-20,-20000.0,"{'rain_damage': 5, 'river_damage': 4}",20000,Personal improvements;Modest house renovations;Structual house changes,Personal improvements;Modest house renovations;Structual house changes;Flood insurance;Sandbags;Waterproofing walls & floors;Green garden;Flood insurance;Personal improvements;Modest house renovations;Structual house changes
3,a324,-24,-65000.0,"{'rain_damage': 5, 'river_damage': 4}",20000,,Personal improvements;Modest house renovations;Structual house changes;Flood insurance;Sandbags;Waterproofing walls & floors;Green garden
3,a325,-35,-104000.0,"{'rain_damage': 5, 'river_damage': 4}",32000,,Personal improvements;Modest house renovations;Structual house changes;Flood insurance;Sandbags
3,a326,-20,-13000.0,"{'rain_damage': 5, 'river_damage': 4}",16000,,Personal improvements;Modest house renovations;Structual house changes;Flood insurance;Sandbags;Waterproofing walls & floors;Green garden;Rain barrel
3,a327,-20,-13000.0,"{'rain_damage': 5, 'river_damage': 4}",16000,,Personal improvements;Modest house renovations;Structual house changes;Flood insurance;Sandbags;Waterproofing walls & floors;Green garden;Rain barrel
3,a328,-31,-89000.0,"{'rain_damage': 5, 'river_damage': 4}",28000,,Personal improvements;Modest house renovations;Structual house changes;Flood insurance;Green garden;Sandbags
3,a329,-24,-25000.0,"{'rain_damage': 5, 'river_damage': 4}",20000,,Personal improvements;Modest house renovations;Structual house changes;Flood insurance;Sandbags;Waterproofing walls & floors;Green garden
3,a330,-17,-37000.0,"{'rain_damage': 5, 'river_damage': 4}",12000,,Personal improvements;Modest house renovations;Structual house changes;Flood insurance;Sandbags;Waterproofing walls & floors;Green garden;Rain barrel;Water pump
3,a331,-39,-105000.0,"{'rain_damage': 5, 'river_damage': 4}",36000,,Personal improvements;Modest house renovations;Structual house changes
3,a332,-36,-93000.0,"{'rain_damage': 5, 'river_damage': 4}",32000,,Personal improvements;Modest house renovations;Structual house changes;Sandbags
3,a333,-28,-40000.0,"{'rain_damage': 5, 'river_damage': 4}",24000,,Personal improvements;Modest house renovations;Structual house changes;Flood insurance;Waterproofing walls & floors;Sandbags
3,a334,-35,-104000.0,"{'rain_damage': 5, 'river_damage': 4}",32000,,Personal improvements;Modest house renovations;Structual house changes;Flood insurance;Sandbags
3,a335,-10,-4000.0,"{'rain_damage': 5, 'river_damage': 4}",4000,Personal improvements;Modest house renovations;Structual house changes;Flood insurance;Self-activating wall,Personal improvements;Modest house renovations;Structual house changes;Flood insurance;Sandbags;Waterproofing walls & floors;Green garden;Rain barrel;Water pump;Flood insurance;Personal improvements;Modest house renovations;Structual house changes;Flood insurance;Self-activating wall
3,a336,-34,-63000.0,"{'rain_damage': 5, 'river_damage': 4}",32000,,Personal improvements;Modest house renovations;Structual house changes;Flood insurance;Green garden
3,a337,-28,-55000.0,"{'rain_damage': 5, 'river_damage': 4}",24000,,Personal improvements;Modest house renovations;Structual house changes;Flood insurance;Waterproofing walls & floors;Sandbags
3,a338,-14,-8000.0,"{'rain_damage': 5, 'river_damage': 4}",8000,Flood insurance,Personal improvements;Modest house renovations;Structual house changes;Flood insurance;Sandbags;Waterproofing walls & floors;Green garden;Water pump;Self-activating wall;Flood insurance
3,a339,-31,-59000.0,"{'rain_damage': 5, 'river_damage': 4}",28000,,Personal improvements;Modest house renovations;Structual house changes;Flood insurance;Green garden;Sandbags
3,a340,-35,-59000.0,"{'rain_damage': 5, 'river_damage': 4}",32000,,Personal improvements;Modest house renovations;Structual house changes;Flood insurance;Sandbags
3,a341,-36,-102000.0,"{'rain_damage': 5, 'river_damage': 4}",32000,,Personal improvements;Modest house renovations;Flood insurance;Sandbags
3,a342,-3,8000.0,"{'rain_damage': 5, 'river_damage': 4}",4000,Personal improvements;Modest house renovations;Structual house changes;Flood insurance,Personal improvements;Modest house renovations;Structual house changes;Flood insurance;Water pump;Sandbags;Waterproofing walls & floors;Green garden;Rain barrel;Self-activating wall;Personal improvements;Modest house renovations;Flood insurance;Personal improvements;Modest house renovations;Structual house changes;Flood insurance
3,a343,-39,-114000.0,"{'rain_damage': 5, 'river_damage': 4}",36000,,Personal improvements;Modest house renovations;Flood insurance
3,a344,-21,-16000.0,"{'rain_damage': 5, 'river_damage': 4}",20000,Personal improvements;Modest house renovations;Structual house changes,Personal improvements;Modest house renovations;Structual house changes;Flood insurance;Sandbags;Waterproofing walls & floors;Water pump;Flood insurance;Personal improvements;Modest house renovations;Structual house changes
3,a345,-24,-65000.0,"{'rain_damage': 5, 'river_damage': 4}",20000,,Personal improvements;Modest house renovations;Structual house changes;Flood insurance;Sandbags;Waterproofing walls & floors;Green garden
3,a346,-35,-69000.0,"{'rain_damage': 5, 'river_damage': 4}",32000,,Personal improvements;Modest house renovations;Structual house changes;Flood insurance;Sandbags
3,a347,-35,-89000.0,"{'rain_damage': 5, 'river_damage': 4}",32000,,Personal improvements;Modest house renovations;Structual house changes;Flood insurance;Sandbags
3,a348,-35,-59000.0,"{'rain_damage': 5, 'river_damage': 4}",32000,,Personal improvements;Modest house renovations;Structual house changes;Flood insurance;Sandbags
3,a349,-32,-51000.0,"{'rain_damage': 5, 'river_damage': 4}",28000,,Personal improvements;Modest house renovations;Structual house changes;Flood insurance;Sandbags;Water pump
3,a350,-36,-93000.0,"{'rain_damage': 5, 'river_damage': 4}",32000,,Personal improvements;Modest house renovations;Structual house changes;Sandbags
3,a351,-35,-104000.0,"{'rain_damage': 5, 'river_damage': 4}",32000,,Personal improvements;Modest house renovations;Structual house changes;Flood insurance;Sandbags
3,a352,-28,-70000.0,"{'rain_damage': 5, 'river_damage': 4}",24000,,Personal improvements;Modest house renovations;Structual house changes;Flood insurance;Waterproofing walls & floors;Sandbags
3,a353,-28,-40000.0,"{'rain_damage': 5, 'river_damage': 4}",24000,,Personal improvements;Modest house renovations;Structual house changes;Flood insurance;Waterproofing walls & floors;Sandbags
3,a354,-2,26000.0,"{'rain_damage': 5, 'river_damage': 4}",4000,Personal improvements;Modest house renovations;Structual house changes;Flood insurance,Personal improvements;Modest house renovations;Structual house changes;Flood insurance;Water pump;Self-activating wall;Sandbags;Waterproofing walls & floors;Green garden;Rain barrel;Personal improvements;Modest house renovations;Structual house changes;Flood insurance;Personal improvements;Modest house renovations;Structual house changes;Flood insurance
3,a355,-32,-51000.0,"{'rain_damage': 5, 'river_damage': 4}",28000,,Personal improvements;Modest house renovations;Structual house changes;Flood insurance;Sandbags;Water pump
3,a356,-28,-40000.0,"{'rain_damage': 5, 'river_damage': 4}",24000,,Personal improvements;Modest house renovations;Structual house changes;Flood insurance;Waterproofing walls & floors;Sandbags
3,a357,-38,-96000.0,"{'rain_damage': 5, 'river_damage': 4}",36000,,Personal improvements;Modest house renovations;Structual house changes;Flood insurance
3,a358,-35,-84000.0,"{'rain_damage': 5, 'river_damage': 4}",32000,,Personal improvements;Modest house renovations;Structual house changes;Flood insurance;Sandbags
3,a359,-34,-63000.0,"{'rain_damage': 5, 'river_damage': 4}",32000,,Personal improvements;Modest house renovations;Structual house changes;Flood insurance;Green garden
3,a360,-34,-83000.0,"{'rain_damage': 5, 'river_damage': 4}",32000,,Personal improvements;Modest house renovations;Structual house changes;Flood insurance;Green garden
3,a361,-11,-10000.0,"{'rain_damage': 5, 'river_damage': 4}",4000,,Personal improvements;Modest house renovations;Structual house changes;Flood insurance;Sandbags;Waterproofing walls & floors;Green garden;Rain barrel;Water pump;Self-activating wall
3,a362,-28,-40000.0,"{'rain_damage': 5, 'river_damage': 4}",24000,,Personal improvements;Modest house renovations;Structual house changes;Flood insurance;Waterproofing walls & floors;Sandbags
3,a363,-32,-51000.0,"{'rain_damage': 5, 'river_damage': 4}",28000,,Personal improvements;Modest house renovations;Structual house changes;Flood insurance;Sandbags;Water pump
3,a364,-31,-59000.0,"{'rain_damage': 5, 'river_damage': 4}",28000,,Personal improvements;Modest house renovations;Structual house changes;Flood insurance;Green garden;Sandbags
3,a365,-35,-74000.0,"{'rain_damage': 5, 'river_damage': 4}",32000,,Personal improvements;Modest house renovations;Structual house changes;Flood insurance;Sandbags
3,a366,-35,-84000.0,"{'rain_damage': 5, 'river_damage': 4}",32000,,Personal improvements;Modest house renovations;Structual house changes;Flood insurance;Sandbags
3,a367,-7,-1000.0,"{'rain_damage': 5, 'river_damage': 4}",4000,Personal improvements;Modest house renovations;Flood insurance,Personal improvements;Modest house renovations;Structual house changes;Flood insurance;Water pump;Sandbags;Waterproofing walls & floors;Green garden;Rain barrel;Self-activating wall;Flood insurance;Personal improvements;Modest house renovations;Flood insurance
3,a368,-35,-84000.0,"{'rain_damage': 5, 'river_damage': 4}",32000,,Personal improvements;Modest house renovations;Structual house changes;Flood insurance;Sandbags
3,a369,-35,-72000.0,"{'rain_damage': 5, 'river_damage': 4}",32000,,Personal improvements;Modest house renovations;Structual house changes;Flood insurance;Sandbags
3,a370,-21,-16000.0,"{'rain_damage': 5, 'river_damage': 4}",20000,Personal improvements;Modest house renovations;Structual house changes,Personal improvements;Modest house renovations;Structual house changes;Flood insurance;Sandbags;Waterproofing walls & floors;Water pump;Flood insurance;Personal improvements;Modest house renovations;Structual house changes
3,a371,-28,-70000.0,"{'rain_damage': 5, 'river_damage': 4}",24000,,Personal improvements;Modest house renovations;Structual house changes;Flood insurance;Waterproofing walls & floors;Sandbags
3,a372,-34,-83000.0,"{'rain_damage': 5, 'river_damage': 4}",32000,,Personal improvements;Modest house renovations;Structual house changes;Flood insurance;Green garden
3,a373,-7,-1000.0,"{'rain_damage': 5, 'river_damage': 4}",4000,Personal improvements;Modest house renovations;Flood insurance,Personal improvements;Modest house renovations;Structual house changes;Flood insurance;Water pump;Sandbags;Waterproofing walls & floors;Green garden;Rain barrel;Self-activating wall;Flood insurance;Personal improvements;Modest house renovations;Flood insurance
3,a374,-35,-59000.0,"{'rain_damage': 5, 'river_damage': 4}",32000,,Personal improvements;Modest house renovations;Structual house changes;Flood insurance;Sandbags
3,a375,-28,-40000.0,"{'rain_damage': 5, 'river_damage': 4}",24000,,Personal improvements;Modest house renovations;Structual house changes;Flood insurance;Waterproofing walls & floors;Sandbags
3,a376,-25,-34000.0,"{'rain_damage': 5, 'river_damage': 4}",20000,,Personal improvements;Modest house renovations;Structual house changes;Flood insurance;Sandbags;Waterproofing walls & floors;Water pump
3,a377,-35,-89000.0,"{'rain_damage': 5, 'river_damage': 4}",32000,,Personal improvements;Modest house renovations;Structual house changes;Flood insurance;Sandbags
3,a378,-24,-25000.0,"{'rain_damage': 5, 'river_damage': 4}",20000,,Personal improvements;Modest house renovations;Structual house changes;Flood insurance;Sandbags;Waterproofing walls & floors;Green garden
3,a379,-31,-89000.0,"{'rain_damage': 5, 'river_damage': 4}",28000,,Personal improvements;Modest house renovations;Structual house changes;Flood insurance;Green garden;Sandbags
3,a380,-14,-8000.0,"{'rain_damage': 5, 'river_damage': 4}",8000,Flood insurance,Personal improvements;Modest house renovations;Structual house changes;Flood insurance;Sandbags;Waterproofing walls & floors;Green garden;Water pump;Self-activating wall;Flood insurance
3,a381,-34,-63000.0,"{'rain_damage': 5, 'river_damage': 4}",32000,,Personal improvements;Modest house renovations;Structual house changes;Flood insurance;Green garden
3,a382,-32,-51000.0,"{'rain_damage': 5, 'river_damage': 4}",28000,,Personal improvements;Modest house renovations;Structual house changes;Flood insurance;Sandbags;Water pump
3,a383,-20,-20000.0,"{'rain_damage': 5, 'river_damage': 4}",20000,Personal improvements;Modest house renovations;Structual house changes,Personal improvements;Modest house renovations;Structual house changes;Flood insurance;Sandbags;Waterproofing walls & floors;Green garden;Flood insurance;Personal improvements;Modest house renovations;Structual house changes
3,a384,-20,-17000.0,"{'rain_damage': 5, 'river_damage': 4}",20000,Personal improvements;Modest house renovations;Structual house changes,Personal improvements;Modest house renovations;Structual house changes;Flood insurance;Sandbags;Waterproofing walls & floors;Green garden;Flood insurance;Personal improvements;Modest house renovations;Structual house changes
3,a385,-24,-65000.0,"{'rain_damage': 5, 'river_damage': 4}",20000,,Personal improvements;Modest house renovations;Structual house changes;Flood insurance;Sandbags;Waterproofing walls & floors;Green garden
3,a386,-21,-29000.0,"{'rain_damage': 5, 'river_damage': 4}",16000,,Personal improvements;Modest house renovations;Structual house changes;Flood insurance;Sandbags;Waterproofing walls & floors;Green garden;Water pump
3,a387,-25,-34000.0,"{'rain_damage': 5, 'river_damage': 4}",20000,,Personal improvements;Modest house renovations;Structual house changes;Flood insurance;Sandbags;Waterproofing walls & floors;Water pump
3,a388,-3,8000.0,"{'rain_damage': 5, 'river_damage': 4}",4000,Personal improvements;Modest house renovations;Structual house changes;Flood insurance,Personal improvements;Modest house renovations;Structual house changes;Flood insurance;Water pump;Sandbags;Waterproofing walls & floors;Green garden;Rain barrel;Self-activating wall;Personal improvements;Modest house renovations;Flood insurance;Personal improvements;Modest house renovations;Structual house changes;Flood insurance
3,a389,-35,-59000.0,"{'rain_damage': 5, 'river_damage': 4}",32000,,Personal improvements;Modest house renovations;Structual house changes;Flood insurance;Sandbags
3,a390,-35,-59000.0,"{'rain_damage': 5, 'river_damage': 4}",32000,,Personal improvements;Modest house renovations;Structual house changes;Flood insurance;Sandbags
3,a391,-35,-69000.0,"{'rain_damage': 5, 'river_damage': 4}",32000,,Personal improvements;Modest house renovations;Structual house changes;Flood insurance;Sandbags
3,a392,-7,-1000.0,"{'rain_damage': 5, 'river_damage': 4}",4000,Personal improvements;Modest house renovations;Flood insurance,Personal improvements;Modest house renovations;Structual house changes;Flood insurance;Water pump;Sandbags;Waterproofing walls & floors;Green garden;Rain barrel;Self-activating wall;Flood insurance;Personal improvements;Modest house renovations;Flood insurance
3,a393,-2,26000.0,"{'rain_damage': 5, 'river_damage': 4}",4000,Personal improvements;Modest house renovations;Structual house changes;Flood insurance,Personal improvements;Modest house renovations;Structual house changes;Flood insurance;Water pump;Self-activating wall;Sandbags;Waterproofing walls & floors;Green garden;Rain barrel;Personal improvements;Modest house renovations;Structual house changes;Flood insurance;Personal improvements;Modest house renovations;Structual house changes;Flood insurance
3,a394,-25,-34000.0,"{'rain_damage': 5, 'river_damage': 4}",20000,,Personal improvements;Modest house renovations;Structual house changes;Flood insurance;Sandbags;Waterproofing walls & floors;Water pump
3,a395,-14,-8000.0,"{'rain_damage': 5, 'river_damage': 4}",8000,Flood insurance,Personal improvements;Modest house renovations;Structual house changes;Flood insurance;Sandbags;Waterproofing walls & floors;Green garden;Water pump;Self-activating wall;Flood insurance
3,a396,-35,-84000.0,"{'rain_damage': 5, 'river_damage': 4}",32000,,Personal improvements;Modest house renovations;Structual house changes;Flood insurance;Sandbags
3,a397,-39,-114000.0,"{'rain_damage': 5, 'river_damage': 4}",36000,,Personal improvements;Modest house renovations;Flood insurance
3,a398,-35,-72000.0,"{'rain_damage': 5, 'river_damage': 4}",32000,,Personal improvements;Modest house renovations;Structual house changes;Flood insurance;Sandbags
3,a399,-39,-116000.0,"{'rain_damage': 5, 'river_damage': 4}",36000,,Personal improvements;Modest house renovations;Flood insurance
3,a400,-10,-1000.0,"{'rain_damage': 5, 'river_damage': 4}",4000,Flood insurance,Personal improvements;Modest house renovations;Structual house changes;Flood insurance;Water pump;Sandbags;Waterproofing walls & floors;Green garden;Rain barrel;Self-activating wall;Flood insurance
3,a401,-21,-16000.0,"{'rain_damage': 5, 'river_damage': 4}",20000,Personal improvements;Modest house renovations;Structual house changes,Personal improvements;Modest house renovations;Structual house changes;Flood insurance;Sandbags;Waterproofing walls & floors;Water pump;Flood insurance;Personal improvements;Modest house renovations;Structual house changes
3,a402,-24,-25000.0,"{'rain_damage': 5, 'river_damage': 4}",20000,,Personal improvements;Modest house renovations;Structual house changes;Flood insurance;Sandbags;Waterproofing walls & floors;Green garden
3,a403,-24,-65000.0,"{'rain_damage': 5, 'river_damage': 4}",20000,,Personal improvements;Modest house renovations;Structual house changes;Flood insurance;Sandbags;Waterproofing walls & floors;Green garden
3,a404,-35,-59000.0,"{'rain_damage': 5, 'river_damage': 4}",32000,,Personal improvements;Modest house renovations;Structual house changes;Flood insurance;Sandbags
3,a405,-24,-25000.0,"{'rain_damage': 5, 'river_damage': 4}",20000,,Personal improvements;Modest house renovations;Structual house changes;Flood insurance;Sandbags;Waterproofing walls & floors;Green garden
3,a406,-35,-104000.0,"{'rain_damage': 5, 'river_damage': 4}",32000,,Personal improvements;Modest house renovations;Structual house changes;Flood insurance;Sandbags
3,a407,-11,-10000.0,"{'rain_damage': 5, 'river_damage': 4}",4000,,Personal improvements;Modest house renovations;Structual house changes;Flood insurance;Sandbags;Waterproofing walls & floors;Green garden;Rain barrel;Water pump;Self-activating wall
3,a408,-28,-55000.0,"{'rain_damage': 5, 'river_damage': 4}",24000,,Personal improvements;Modest house renovations;Structual house changes;Flood insurance;Waterproofing walls & floors;Sandbags
3,a409,-25,-34000.0,"{'rain_damage': 5, 'river_damage': 4}",20000,,Personal improvements;Modest house renovations;Structual house changes;Flood insurance;Sandbags;Waterproofing walls & floors;Water pump
3,a410,-28,-55000.0,"{'rain_damage': 5, 'river_damage': 4}",24000,,Personal improvements;Modest house renovations;Structual house changes;Flood insurance;Waterproofing walls & floors;Sandbags
3,a411,-11,-10000.0,"{'rain_damage': 5, 'river_damage': 4}",4000,,Personal improvements;Modest house renovations;Structual house changes;Flood insurance;Sandbags;Waterproofing walls & floors;Green garden;Rain barrel;Water pump;Self-activating wall
3,a412,-10,-1000.0,"{'rain_damage': 5, 'river_damage': 4}",4000,Flood insurance,Personal improvements;Modest house renovations;Structual house changes;Flood insurance;Water pump;Sandbags;Waterproofing walls & floors;Green garden;Rain barrel;Self-activating wall;Flood insurance
3,a413,-35,-104000.0,"{'rain_damage': 5, 'river_damage': 4}",32000,,Personal improvements;Modest house renovations;Structual house changes;Flood insurance;Sandbags
3,a414,-20,-17000.0,"{'rain_damage': 5, 'river_damage': 4}",20000,Personal improvements;Modest house renovations;Structual house changes,Personal improvements;Modest house renovations;Structual house changes;Flood insurance;Sandbags;Waterproofing walls & floors;Green garden;Flood insurance;Personal improvements;Modest house renovations;Structual house changes
3,a415,-21,-29000.0,"{'rain_damage': 5, 'river_damage': 4}",16000,,Personal improvements;Modest house renovations;Structual house changes;Flood insurance;Sandbags;Waterproofing walls & floors;Green garden;Water pump
3,a416,-38,-96000.0,"{'rain_damage': 5, 'river_damage': 4}",36000,,Personal improvements;Modest house renovations;Structual house changes;Flood insurance
3,a417,-28,-70000.0,"{'rain_damage': 5, 'river_damage': 4}",24000,,Personal improvements;Modest house renovations;Structual house changes;Flood insurance;Waterproofing walls & floors;Sandbags
3,a418,-36,-93000.0,"{'rain_damage': 5, 'river_damage': 4}",32000,,Personal improvements;Modest house renovations;Structual house changes;Sandbags
3,a419,-38,-96000.0,"{'rain_damage': 5, 'river_damage': 4}",36000,,Personal improvements;Modest house renovations;Structual house changes;Flood insurance
3,a420,-34,-83000.0,"{'rain_damage': 5, 'river_damage': 4}",32000,,Personal improvements;Modest house renovations;Structual house changes;Flood insurance;Green garden
3,a421,-21,-44000.0,"{'rain_damage': 5, 'river_damage': 4}",16000,,Personal improvements;Modest house renovations;Structual house changes;Flood insurance;Sandbags;Waterproofing walls & floors;Green garden;Water pump
3,a422,-36,-92000.0,"{'rain_damage': 5, 'river_damage': 4}",32000,,Personal improvements;Modest house renovations;Flood insurance;Sandbags
3,a423,-35,-69000.0,"{'rain_damage': 5, 'river_damage': 4}",32000,,Personal improvements;Modest house renovations;Structual house changes;Flood insurance;Sandbags
3,a424,-35,-84000.0,"{'rain_damage': 5, 'river_damage': 4}",32000,,Personal improvements;Modest house renovations;Structual house changes;Flood insurance;Sandbags
3,a425,-35,-59000.0,"{'rain_damage': 5, 'river_damage': 4}",32000,,Personal improvements;Modest house renovations;Structual house changes;Flood insurance;Sandbags
3,a426,-10,-4000.0,"{'rain_damage': 5, 'river_damage': 4}",4000,Personal improvements;Modest house renovations;Structual house changes;Flood insurance;Self-activating wall,Personal improvements;Modest house renovations;Structual house changes;Flood insurance;Sandbags;Waterproofing walls & floors;Green garden;Rain barrel;Water pump;Flood insurance;Personal improvements;Modest house renovations;Structual house changes;Flood insurance;Self-activating wall
3,a427,-2,26000.0,"{'rain_damage': 5, 'river_damage': 4}",4000,Personal improvements;Modest house renovations;Structual house changes;Flood insurance,Personal improvements;Modest house renovations;Structual house changes;Flood insurance;Water pump;Self-activating wall;Sandbags;Waterproofing walls & floors;Green garden;Rain barrel;Personal improvements;Modest house renovations;Structual house changes;Flood insurance;Personal improvements;Modest house renovations;Structual house changes;Flood insurance
3,a428,-36,-93000.0,"{'rain_damage': 5, 'river_damage': 4}",32000,,Personal improvements;Modest house renovations;Structual house changes;Sandbags
3,a429,-10,-1000.0,"{'rain_damage': 5, 'river_damage': 4}",4000,Flood insurance,Personal improvements;Modest house renovations;Structual house changes;Flood insurance;Water pump;Sandbags;Waterproofing walls & floors;Green garden;Rain barrel;Self-activating wall;Flood insurance
3,a430,-35,-59000.0,"{'rain_damage': 5, 'river_damage': 4}",32000,,Personal improvements;Modest house renovations;Structual house changes;Flood insurance;Sandbags
3,a431,-34,-63000.0,"{'rain_damage': 5, 'river_damage': 4}",32000,,Personal improvements;Modest house renovations;Structual house changes;Flood insurance;Green garden
3,a432,-36,-102000.0,"{'rain_damage': 5, 'river_damage': 4}",32000,,Personal improvements;Modest house renovations;Flood insurance;Sandbags
3,a433,-28,-70000.0,"{'rain_damage': 5, 'river_damage': 4}",24000,,Personal improvements;Modest house renovations;Structual house changes;Flood insurance;Waterproofing walls & floors;Sandbags
3,a434,-20,-13000.0,"{'rain_damage': 5, 'river_damage': 4}",16000,,Personal improvements;Modest house renovations;Structual house changes;Flood insurance;Sandbags;Waterproofing walls & floors;Green garden;Rain barrel
3,a435,-28,-70000.0,"{'rain_damage': 5, 'river_damage': 4}",24000,,Personal improvements;Modest house renovations;Structual house changes;Flood insurance;Waterproofing walls & floors;Sandbags
3,a436,-10,-1000.0,"{'rain_damage': 5, 'river_damage': 4}",4000,Flood insurance,Personal improvements;Modest house renovations;Structual house changes;Flood insurance;Water pump;Sandbags;Waterproofing walls & floors;Green garden;Rain barrel;Self-activating wall;Flood insurance
3,a437,-24,-25000.0,"{'rain_damage': 5, 'river_damage': 4}",20000,,Personal improvements;Modest house renovations;Structual house changes;Flood insurance;Sandbags;Waterproofing walls & floors;Green garden
3,a438,-36,-83000.0,"{'rain_damage': 5, 'river_damage': 4}",32000,,Personal improvements;Modest house renovations;Structual house changes;Sandbags
3,a439,-34,-63000.0,"{'rain_damage': 5, 'river_damage': 4}",32000,,Personal improvements;Modest house renovations;Structual house changes;Flood insurance;Green garden
3,a440,-36,-93000.0,"{'rain_damage': 5, 'river_damage': 4}",32000,,Personal improvements;Modest house renovations;Structual house changes;Sandbags
3,a441,-25,-34000.0,"{'rain_damage': 5, 'river_damage': 4}",20000,,Personal improvements;Modest house renovations;Structual house changes;Flood insurance;Sandbags;Waterproofing walls & floors;Water pump
3,a442,-21,-44000.0,"{'rain_damage': 5, 'river_damage': 4}",16000,,Personal improvements;Modest house renovations;Structual house changes;Flood insurance;Sandbags;Waterproofing walls & floors;Green garden;Water pump
3,a443,-39,-105000.0,"{'rain_damage': 5, 'river_damage': 4}",36000,,Personal improvements;Modest house renovations;Structual house changes
3,a444,-39,-114000.0,"{'rain_damage': 5, 'river_damage': 4}",36000,,Personal improvements;Modest house renovations;Flood insurance
3,a445,-2,26000.0,"{'rain_damage': 5, 'river_damage': 4}",4000,Personal improvements;Modest house renovations;Structual house changes;Flood insurance,Personal improvements;Modest house renovations;Structual house changes;Flood insurance;Water pump;Self-activating wall;Sandbags;Waterproofing walls & floors;Green garden;Rain barrel;Personal improvements;Modest house renovations;Structual house changes;Flood insurance;Personal improvements;Modest house renovations;Structual house changes;Flood insurance
3,a446,-24,-25000.0,"{'rain_damage': 5, 'river_damage': 4}",20000,,Personal improvements;Modest house renovations;Structual house changes;Flood insurance;Sandbags;Waterproofing walls & floors;Green garden
3,a447,-24,-65000.0,"{'rain_damage': 5, 'river_damage': 4}",20000,,Personal improvements;Modest house renovations;Structual house changes;Flood insurance;Sandbags;Waterproofing walls & floors;Green garden
3,a448,-7,-1000.0,"{'rain_damage': 5, 'river_damage': 4}",4000,Personal improvements;Modest house renovations;Flood insurance,Personal improvements;Modest house renovations;Structual house changes;Flood insurance;Water pump;Sandbags;Waterproofing walls & floors;Green garden;Rain barrel;Self-activating wall;Flood insurance;Personal improvements;Modest house renovations;Flood insurance
3,a449,-35,-72000.0,"{'rain_damage': 5, 'river_damage': 4}",32000,,Personal improvements;Modest house renovations;Structual house changes;Flood insurance;Sandbags
3,a450,-35,-74000.0,"{'rain_damage': 5, 'river_damage': 4}",32000,,Personal improvements;Modest house renovations;Structual house changes;Flood insurance;Sandbags
3,a451,-35,-84000.0,"{'rain_damage': 5, 'river_damage': 4}",32000,,Personal improvements;Modest house renovations;Structual house changes;Flood insurance;Sandbags
3,a452,-24,-65000.0,"{'rain_damage': 5, 'river_damage': 4}",20000,,Personal improvements;Modest house renovations;Structual house changes;Flood insurance;Sandbags;Waterproofing walls & floors;Green garden
3,a453,-32,-51000.0,"{'rain_damage': 5, 'river_damage': 4}",28000,,Personal improvements;Modest house renovations;Structual house changes;Flood insurance;Sandbags;Water pump
3,a454,-39,-116000.0,"{'rain_damage': 5, 'river_damage': 4}",36000,,Personal improvements;Modest house renovations;Flood insurance
3,a455,-39,-105000.0,"{'rain_damage': 5, 'river_damage': 4}",36000,,Personal improvements;Modest house renovations;Structual house changes
3,a456,-21,-44000.0,"{'rain_damage': 5, 'river_damage': 4}",16000,,Personal improvements;Modest house renovations;Structual house changes;Flood insurance;Sandbags;Waterproofing walls & floors;Green garden;Water pump
3,a457,-36,-102000.0,"{'rain_damage': 5, 'river_damage': 4}",32000,,Personal improvements;Modest house renovations;Flood insurance;Sandbags
3,a458,-31,-89000.0,"{'rain_damage': 5, 'river_damage': 4}",28000,,Personal improvements;Modest house renovations;Structual house changes;Flood insurance;Green garden;Sandbags
3,a459,-20,-20000.0,"{'rain_damage': 5, 'river_damage': 4}",20000,Personal improvements;Modest house renovations;Structual house changes,Personal improvements;Modest house renovations;Structual house changes;Flood insurance;Sandbags;Waterproofing walls & floors;Green garden;Flood insurance;Personal improvements;Modest house renovations;Structual house changes
3,a460,-31,-59000.0,"{'rain_damage': 5, 'river_damage': 4}",28000,,Personal improvements;Modest house renovations;Structual house changes;Flood insurance;Green garden;Sandbags
3,a461,-35,-69000.0,"{'rain_damage': 5, 'river_damage': 4}",32000,,Personal improvements;Modest house renovations;Structual house changes;Flood insurance;Sandbags
3,a462,-35,-89000.0,"{'rain_damage': 5, 'river_damage': 4}",32000,,Personal improvements;Modest house renovations;Structual house changes;Flood insurance;Sandbags
3,a463,-14,-8000.0,"{'rain_damage': 5, 'river_damage': 4}",8000,Flood insurance,Personal improvements;Modest house renovations;Structual house changes;Flood insurance;Sandbags;Waterproofing walls & floors;Green garden;Water pump;Self-activating wall;Flood insurance
3,a464,-35,-69000.0,"{'rain_damage': 5, 'river_damage': 4}",32000,,Personal improvements;Modest house renovations;Structual house changes;Flood insurance;Sandbags
3,a465,-28,-70000.0,"{'rain_damage': 5, 'river_damage': 4}",24000,,Personal improvements;Modest house renovations;Structual house changes;Flood insurance;Waterproofing walls & floors;Sandbags
3,a466,-17,-37000.0,"{'rain_damage': 5, 'river_damage': 4}",12000,,Personal improvements;Modest house renovations;Structual house changes;Flood insurance;Sandbags;Waterproofing walls & floors;Green garden;Rain barrel;Water pump
3,a467,-34,-63000.0,"{'rain_damage': 5, 'river_damage': 4}",32000,,Personal improvements;Modest house renovations;Structual house changes;Flood insurance;Green garden
3,a468,-35,-104000.0,"{'rain_damage': 5, 'river_damage': 4}",32000,,Personal improvements;Modest house renovations;Structual house changes;Flood insurance;Sandbags
3,a469,-17,-37000.0,"{'rain_damage': 5, 'river_damage': 4}",12000,,Personal improvements;Modest house renovations;Structual house changes;Flood insurance;Sandbags;Waterproofing walls & floors;Green garden;Rain barrel;Water pump
3,a470,-28,-55000.0,"{'rain_damage': 5, 'river_damage': 4}",24000,,Personal improvements;Modest house renovations;Structual house changes;Flood insurance;Waterproofing walls & floors;Sandbags
3,a471,-7,-1000.0,"{'rain_damage': 5, 'river_damage': 4}",4000,Personal improvements;Modest house renovations;Flood insurance,Personal improvements;Modest house renovations;Structual house changes;Flood insurance;Water pump;Sandbags;Waterproofing walls & floors;Green garden;Rain barrel;Self-activating wall;Flood insurance;Personal improvements;Modest house renovations;Flood insurance
3,a472,-28,-70000.0,"{'rain_damage': 5, 'river_damage': 4}",24000,,Personal improvements;Modest house renovations;Structual house changes;Flood insurance;Waterproofing walls & floors;Sandbags
3,a473,-20,-17000.0,"{'rain_damage': 5, 'river_damage': 4}",20000,Personal improvements;Modest house renovations;Structual house changes,Personal improvements;Modest house renovations;Structual house changes;Flood insurance;Sandbags;Waterproofing walls & floors;Green garden;Flood insurance;Personal improvements;Modest house renovations;Structual house changes
3,a474,-14,-8000.0,"{'rain_damage': 5, 'river_damage': 4}",8000,Flood insurance,Personal improvements;Modest house renovations;Structual house changes;Flood insurance;Sandbags;Waterproofing walls & floors;Green garden;Water pump;Self-activating wall;Flood insurance
3,a475,-35,-84000.0,"{'rain_damage': 5, 'river_damage': 4}",32000,,Personal improvements;Modest house renovations;Structual house changes;Flood insurance;Sandbags
3,a476,-38,-96000.0,"{'rain_damage': 5, 'river_damage': 4}",36000,,Personal improvements;Modest house renovations;Structual house changes;Flood insurance
3,a477,-35,-59000.0,"{'rain_damage': 5, 'river_damage': 4}",32000,,Personal improvements;Modest house renovations;Structual house changes;Flood insurance;Sandbags
3,a478,-36,-93000.0,"{'rain_damage': 5, 'river_damage': 4}",32000,,Personal improvements;Modest house renovations;Structual house changes;Sandbags
3,a479,-35,-69000.0,"{'rain_damage': 5, 'river_damage': 4}",32000,,Personal improvements;Modest house renovations;Structual house changes;Flood insurance;Sandbags
3,a480,-35,-74000.0,"{'rain_damage': 5, 'river_damage': 4}",32000,,Personal improvements;Modest house renovations;Structual house changes;Flood insurance;Sandbags
3,a481,-16,-13000.0,"{'rain_damage': 5, 'river_damage': 4}",16000,Personal improvements;Modest house renovations;Structual house changes,Personal improvements;Modest house renovations;Structual house changes;Flood insurance;Sandbags;Waterproofing walls & floors;Green garden;Water pump;Flood insurance;Personal improvements;Personal improvements;Modest house renovations;Structual house changes
3,a482,-39,-116000.0,"{'rain_damage': 5, 'river_damage': 4}",36000,,Personal improvements;Modest house renovations;Flood insurance
3,a483,-39,-105000.0,"{'rain_damage': 5, 'river_damage': 4}",36000,,Personal improvements;Modest house renovations;Structual house changes
3,a484,-20,-20000.0,"{'rain_damage': 5, 'river_damage': 4}",20000,Personal improvements;Modest house renovations;Structual house changes,Personal improvements;Modest house renovations;Structual house changes;Flood insurance;Sandbags;Waterproofing walls & floors;Green garden;Flood insurance;Personal improvements;Modest house renovations;Structual house changes
3,a485,-10,-1000.0,"{'rain_damage': 5, 'river_damage': 4}",4000,Flood insurance,Personal improvements;Modest house renovations;Structual house changes;Flood insurance;Water pump;Sandbags;Waterproofing walls & floors;Green garden;Rain barrel;Self-activating wall;Flood insurance
3,a486,-35,-84000.0,"{'rain_damage': 5, 'river_damage': 4}",32000,,Personal improvements;Modest house renovations;Structual house changes;Flood insurance;Sandbags
3,a487,-21,-29000.0,"{'rain_damage': 5, 'river_damage': 4}",16000,,Personal improvements;Modest house renovations;Structual house changes;Flood insurance;Sandbags;Waterproofing walls & floors;Green garden;Water pump
3,a488,-24,-65000.0,"{'rain_damage': 5, 'river_damage': 4}",20000,,Personal improvements;Modest house renovations;Structual house changes;Flood insurance;Sandbags;Waterproofing walls & floors;Green garden
3,a489,-39,-105000.0,"{'rain_damage': 5, 'river_damage': 4}",36000,,Personal improvements;Modest house renovations;Structual house changes
3,a490,-20,-20000.0,"{'rain_damage': 5, 'river_damage': 4}",20000,Personal improvements;Modest house renovations;Structual house changes,Personal improvements;Modest house renovations;Structual house changes;Flood insurance;Sandbags;Waterproofing walls & floors;Green garden;Flood insurance;Personal improvements;Modest house renovations;Structual house changes
3,a491,-35,-74000.0,"{'rain_damage': 5, 'river_damage': 4}",32000,,Personal improvements;Modest house renovations;Structual house changes;Flood insurance;Sandbags
3,a492,-28,-70000.0,"{'rain_damage': 5, 'river_damage': 4}",24000,,Personal improvements;Modest house renovations;Structual house changes;Flood insurance;Waterproofing walls & floors;Sandbags
3,a493,-35,-59000.0,"{'rain_damage': 5, 'river_damage': 4}",32000,,Personal improvements;Modest house renovations;Structual house changes;Flood insurance;Sandbags
3,a494,-28,-70000.0,"{'rain_damage': 5, 'river_damage': 4}",24000,,Personal improvements;Modest house renovations;Structual house changes;Flood insurance;Waterproofing walls & floors;Sandbags
3,a495,-21,-29000.0,"{'rain_damage': 5, 'river_damage': 4}",16000,,Personal improvements;Modest house renovations;Structual house changes;Flood insurance;Sandbags;Waterproofing walls & floors;Green garden;Water pump
3,a496,-38,-96000.0,"{'rain_damage': 5, 'river_damage': 4}",36000,,Personal improvements;Modest house renovations;Structual house changes;Flood insurance
3,a497,-38,-96000.0,"{'rain_damage': 5, 'river_damage': 4}",36000,,Personal improvements;Modest house renovations;Structual house changes;Flood insurance
3,a498,-35,-84000.0,"{'rain_damage': 5, 'river_damage': 4}",32000,,Personal improvements;Modest house renovations;Structual house changes;Flood insurance;Sandbags
3,a499,-21,-16000.0,"{'rain_damage': 5, 'river_damage': 4}",20000,Personal improvements;Modest house renovations;Structual house changes,Personal improvements;Modest house renovations;Structual house changes;Flood insurance;Sandbags;Waterproofing walls & floors;Water pump;Flood insurance;Personal improvements;Modest house renovations;Structual house changes
3,a500,-35,-74000.0,"{'rain_damage': 5, 'river_damage': 4}",32000,,Personal improvements;Modest house renovations;Structual house changes;Flood insurance;Sandbags
3,a501,-35,-69000.0,"{'rain_damage': 5, 'river_damage': 4}",32000,,Personal improvements;Modest house renovations;Structual house changes;Flood insurance;Sandbags
3,a502,-17,-37000.0,"{'rain_damage': 5, 'river_damage': 4}",12000,,Personal improvements;Modest house renovations;Structual house changes;Flood insurance;Sandbags;Waterproofing walls & floors;Green garden;Rain barrel;Water pump
3,a503,-28,-40000.0,"{'rain_damage': 5, 'river_damage': 4}",24000,,Personal improvements;Modest house renovations;Structual house changes;Flood insurance;Waterproofing walls & floors;Sandbags
3,a504,-34,-83000.0,"{'rain_damage': 5, 'river_damage': 4}",32000,,Personal improvements;Modest house renovations;Structual house changes;Flood insurance;Green garden
3,a505,-28,-55000.0,"{'rain_damage': 5, 'river_damage': 4}",24000,,Personal improvements;Modest house renovations;Structual house changes;Flood insurance;Waterproofing walls & floors;Sandbags
3,a506,-21,-29000.0,"{'rain_damage': 5, 'river_damage': 4}",16000,,Personal improvements;Modest house renovations;Structual house changes;Flood insurance;Sandbags;Waterproofing walls & floors;Green garden;Water pump
3,a507,-28,-40000.0,"{'rain_damage': 5, 'river_damage': 4}",24000,,Personal improvements;Modest house renovations;Structual house changes;Flood insurance;Waterproofing walls & floors;Sandbags
3,a508,-21,-44000.0,"{'rain_damage': 5, 'river_damage': 4}",16000,,Personal improvements;Modest house renovations;Structual house changes;Flood insurance;Sandbags;Waterproofing walls & floors;Green garden;Water pump
3,a509,-16,-13000.0,"{'rain_damage': 5, 'river_damage': 4}",16000,Personal improvements;Modest house renovations;Structual house changes,Personal improvements;Modest house renovations;Structual house changes;Flood insurance;Sandbags;Waterproofing walls & floors;Green garden;Water pump;Flood insurance;Personal improvements;Personal improvements;Modest house renovations;Structual house changes
3,a510,-35,-69000.0,"{'rain_damage': 5, 'river_damage': 4}",32000,,Personal improvements;Modest house renovations;Structual house changes;Flood insurance;Sandbags
3,a511,-9,-4000.0,"{'rain_damage': 5, 'river_damage': 4}",4000,Personal improvements;Modest house renovations,Personal improvements;Modest house renovations;Structual house changes;Flood insurance;Water pump;Sandbags;Waterproofing walls & floors;Green garden;Rain barrel;Self-activating wall;Personal improvements;Modest house renovations
3,a512,-25,-34000.0,"{'rain_damage': 5, 'river_damage': 4}",20000,,Personal improvements;Modest house renovations;Structual house changes;Flood insurance;Sandbags;Waterproofing walls & floors;Water pump
3,a513,-28,-55000.0,"{'rain_damage': 5, 'river_damage': 4}",24000,,Personal improvements;Modest house renovations;Structual house changes;Flood insurance;Waterproofing walls & floors;Sandbags
3,a514,-21,-44000.0,"{'rain_damage': 5, 'river_damage': 4}",16000,,Personal improvements;Modest house renovations;Structual house changes;Flood insurance;Sandbags;Waterproofing walls & floors;Green garden;Water pump
3,a515,-2,26000.0,"{'rain_damage': 5, 'river_damage': 4}",4000,Personal improvements;Modest house renovations;Structual house changes;Flood insurance,Personal improvements;Modest house renovations;Structual house changes;Flood insurance;Water pump;Self-activating wall;Sandbags;Waterproofing walls & floors;Green garden;Rain barrel;Personal improvements;Modest house renovations;Structual house changes;Flood insurance;Personal improvements;Modest house renovations;Structual house changes;Flood insurance
3,a516,-36,-93000.0,"{'rain_damage': 5, 'river_damage': 4}",32000,,Personal improvements;Modest house renovations;Structual house changes;Sandbags
3,a517,-17,-37000.0,"{'rain_damage': 5, 'river_damage': 4}",12000,,Personal improvements;Modest house renovations;Structual house changes;Flood insurance;Sandbags;Waterproofing walls & floors;Green garden;Rain barrel;Water pump
3,a518,-39,-105000.0,"{'rain_damage': 5, 'river_damage': 4}",36000,,Personal improvements;Modest house renovations;Structual house changes
3,a519,-36,-83000.0,"{'rain_damage': 5, 'river_damage': 4}",32000,,Personal improvements;Modest house renovations;Structual house changes;Sandbags
3,a520,-28,-70000.0,"{'rain_damage': 5, 'river_damage': 4}",24000,,Personal improvements;Modest house renovations;Structual house changes;Flood insurance;Waterproofing walls & floors;Sandbags
3,a521,-35,-104000.0,"{'rain_damage': 5, 'river_damage': 4}",32000,,Personal improvements;Modest house renovations;Structual house changes;Flood insurance;Sandbags
3,a522,-11,-10000.0,"{'rain_damage': 5, 'river_damage': 4}",4000,,Personal improvements;Modest house renovations;Structual house changes;Flood insurance;Sandbags;Waterproofing walls & floors;Green garden;Rain barrel;Water pump;Self-activating wall
3,a523,-2,26000.0,"{'rain_damage': 5, 'river_damage': 4}",4000,Personal improvements;Modest house renovations;Structual house changes;Flood insurance,Personal improvements;Modest house renovations;Structual house changes;Flood insurance;Water pump;Self-activating wall;Sandbags;Waterproofing walls & floors;Green garden;Rain barrel;Personal improvements;Modest house renovations;Structual house changes;Flood insurance;Personal improvements;Modest house renovations;Structual house changes;Flood insurance
3,a524,-35,-59000.0,"{'rain_damage': 5, 'river_damage': 4}",32000,,Personal improvements;Modest house renovations;Structual house changes;Flood insurance;Sandbags
3,a525,-7,-1000.0,"{'rain_damage': 5, 'river_damage': 4}",4000,Personal improvements;Modest house renovations;Flood insurance,Personal improvements;Modest house renovations;Structual house changes;Flood insurance;Water pump;Sandbags;Waterproofing walls & floors;Green garden;Rain barrel;Self-activating wall;Flood insurance;Personal improvements;Modest house renovations;Flood insurance
3,a526,-36,-93000.0,"{'rain_damage': 5, 'river_damage': 4}",32000,,Personal improvements;Modest house renovations;Structual house changes;Sandbags
3,a527,-10,-1000.0,"{'rain_damage': 5, 'river_damage': 4}",4000,Flood insurance,Personal improvements;Modest house renovations;Structual house changes;Flood insurance;Water pump;Sandbags;Waterproofing walls & floors;Green garden;Rain barrel;Self-activating wall;Flood insurance
3,a528,-28,-70000.0,"{'rain_damage': 5, 'river_damage': 4}",24000,,Personal improvements;Modest house renovations;Structual house changes;Flood insurance;Waterproofing walls & floors;Sandbags
3,a529,-35,-59000.0,"{'rain_damage': 5, 'river_damage': 4}",32000,,Personal improvements;Modest house renovations;Structual house changes;Flood insurance;Sandbags
3,a530,-21,-16000.0,"{'rain_damage': 5, 'river_damage': 4}",20000,Personal improvements;Modest house renovations;Structual house changes,Personal improvements;Modest house renovations;Structual house changes;Flood insurance;Sandbags;Waterproofing walls & floors;Water pump;Flood insurance;Personal improvements;Modest house renovations;Structual house changes
3,a531,-20,-20000.0,"{'rain_damage': 5, 'river_damage': 4}",20000,Personal improvements;Modest house renovations;Structual house changes,Personal improvements;Modest house renovations;Structual house changes;Flood insurance;Sandbags;Waterproofing walls & floors;Green garden;Flood insurance;Personal improvements;Modest house renovations;Structual house changes
3,a532,-2,26000.0,"{'rain_damage': 5, 'river_damage': 4}",4000,Personal improvements;Modest house renovations;Structual house changes;Flood insurance,Personal improvements;Modest house renovations;Structual house changes;Flood insurance;Water pump;Self-activating wall;Sandbags;Waterproofing walls & floors;Green garden;Rain barrel;Personal improvements;Modest house renovations;Structual house changes;Flood insurance;Personal improvements;Modest house renovations;Structual house changes;Flood insurance
3,a533,-35,-59000.0,"{'rain_damage': 5, 'river_damage': 4}",32000,,Personal improvements;Modest house renovations;Structual house changes;Flood insurance;Sandbags
3,a534,-35,-69000.0,"{'rain_damage': 5, 'river_damage': 4}",32000,,Personal improvements;Modest house renovations;Structual house changes;Flood insurance;Sandbags
3,a535,-16,-13000.0,"{'rain_damage': 5, 'river_damage': 4}",16000,Personal improvements;Modest house renovations;Structual house changes,Personal improvements;Modest house renovations;Structual house changes;Flood insurance;Sandbags;Waterproofing walls & floors;Green garden;Water pump;Flood insurance;Personal improvements;Personal improvements;Modest house renovations;Structual house changes
3,a536,-14,-8000.0,"{'rain_damage': 5, 'river_damage': 4}",8000,Flood insurance,Personal improvements;Modest house renovations;Structual house changes;Flood insurance;Sandbags;Waterproofing walls & floors;Green garden;Water pump;Self-activating wall;Flood insurance
3,a537,-28,-55000.0,"{'rain_damage': 5, 'river_damage': 4}",24000,,Personal improvements;Modest house renovations;Structual house changes;Flood insurance;Waterproofing walls & floors;Sandbags
3,a538,-20,-13000.0,"{'rain_damage': 5, 'river_damage': 4}",16000,,Personal improvements;Modest house renovations;Structual house changes;Flood insurance;Sandbags;Waterproofing walls & floors;Green garden;Rain barrel
3,a539,-17,-37000.0,"{'rain_damage': 5, 'river_damage': 4}",12000,,Personal improvements;Modest house renovations;Structual house changes;Flood insurance;Sandbags;Waterproofing walls & floors;Green garden;Rain barrel;Water pump
3,a540,-28,-55000.0,"{'rain_damage': 5, 'river_damage': 4}",24000,,Personal improvements;Modest house renovations;Structual house changes;Flood insurance;Waterproofing walls & floors;Sandbags
3,a541,-20,-13000.0,"{'rain_damage': 5, 'river_damage': 4}",16000,,Personal improvements;Modest house renovations;Structual house changes;Flood insurance;Sandbags;Waterproofing walls & floors;Green garden;Rain barrel
3,a542,-36,-102000.0,"{'rain_damage': 5, 'river_damage': 4}",32000,,Personal improvements;Modest house renovations;Flood insurance;Sandbags
3,a543,-31,-89000.0,"{'rain_damage': 5, 'river_damage': 4}",28000,,Personal improvements;Modest house renovations;Structual house changes;Flood insurance;Green garden;Sandbags
3,a544,-21,-29000.0,"{'rain_damage': 5, 'river_damage': 4}",16000,,Personal improvements;Modest house renovations;Structual house changes;Flood insurance;Sandbags;Waterproofing walls & floors;Green garden;Water pump
3,a545,-36,-83000.0,"{'rain_damage': 5, 'river_damage': 4}",32000,,Personal improvements;Modest house renovations;Structual house changes;Sandbags
3,a546,-35,-74000.0,"{'rain_damage': 5, 'river_damage': 4}",32000,,Personal improvements;Modest house renovations;Structual house changes;Flood insurance;Sandbags
3,a547,-25,-34000.0,"{'rain_damage': 5, 'river_damage': 4}",20000,,Personal improvements;Modest house renovations;Structual house changes;Flood insurance;Sandbags;Waterproofing walls & floors;Water pump
3,a548,-31,-89000.0,"{'rain_damage': 5, 'river_damage': 4}",28000,,Personal improvements;Modest house renovations;Structual house changes;Flood insurance;Green garden;Sandbags
3,a549,-38,-96000.0,"{'rain_damage': 5, 'river_damage': 4}",36000,,Personal improvements;Modest house renovations;Structual house changes;Flood insurance
3,a550,-28,-55000.0,"{'rain_damage': 5, 'river_damage': 4}",24000,,Personal improvements;Modest house renovations;Structual house changes;Flood insurance;Waterproofing walls & floors;Sandbags
3,a551,-28,-40000.0,"{'rain_damage': 5, 'river_damage': 4}",24000,,Personal improvements;Modest house renovations;Structual house changes;Flood insurance;Waterproofing walls & floors;Sandbags
3,a552,-17,-37000.0,"{'rain_damage': 5, 'river_damage': 4}",12000,,Personal improvements;Modest house renovations;Structual house changes;Flood insurance;Sandbags;Waterproofing walls & floors;Green garden;Rain barrel;Water pump
3,a553,-35,-89000.0,"{'rain_damage': 5, 'river_damage': 4}",32000,,Personal improvements;Modest house renovations;Structual house changes;Flood insurance;Sandbags
3,a554,-24,-65000.0,"{'rain_damage': 5, 'river_damage': 4}",20000,,Personal improvements;Modest house renovations;Structual house changes;Flood insurance;Sandbags;Waterproofing walls & floors;Green garden
3,a555,-35,-89000.0,"{'rain_damage': 5, 'river_damage': 4}",32000,,Personal improvements;Modest house renovations;Structual house changes;Flood insurance;Sandbags
3,a556,-34,-83000.0,"{'rain_damage': 5, 'river_damage': 4}",32000,,Personal improvements;Modest house renovations;Structual house changes;Flood insurance;Green garden
3,a557,-32,-51000.0,"{'rain_damage': 5, 'river_damage': 4}",28000,,Personal improvements;Modest house renovations;Structual house changes;Flood insurance;Sandbags;Water pump
3,a558,-32,-51000.0,"{'rain_damage': 5, 'river_damage': 4}",28000,,Personal improvements;Modest house renovations;Structual house changes;Flood insurance;Sandbags;Water pump
3,a559,-24,-25000.0,"{'rain_damage': 5, 'river_damage': 4}",20000,,Personal improvements;Modest house renovations;Structual house changes;Flood insurance;Sandbags;Waterproofing walls & floors;Green garden
3,a560,-10,-4000.0,"{'rain_damage': 5, 'river_damage': 4}",4000,Personal improvements;Modest house renovations;Structual house changes;Flood insurance;Self-activating wall,Personal improvements;Modest house renovations;Structual house changes;Flood insurance;Sandbags;Waterproofing walls & floors;Green garden;Rain barrel;Water pump;Flood insurance;Personal improvements;Modest house renovations;Structual house changes;Flood insurance;Self-activating wall
3,a561,-10,-1000.0,"{'rain_damage': 5, 'river_damage': 4}",4000,Flood insurance,Personal improvements;Modest house renovations;Structual house changes;Flood insurance;Water pump;Sandbags;Waterproofing walls & floors;Green garden;Rain barrel;Self-activating wall;Flood insurance
3,a562,-24,-25000.0,"{'rain_damage': 5, 'river_damage': 4}",20000,,Personal improvements;Modest house renovations;Structual house changes;Flood insurance;Sandbags;Waterproofing walls & floors;Green garden
3,a563,-36,-102000.0,"{'rain_damage': 5, 'river_damage': 4}",32000,,Personal improvements;Modest house renovations;Flood insurance;Sandbags
3,a564,-20,-13000.0,"{'rain_damage': 5, 'river_damage': 4}",16000,,Personal improvements;Modest house renovations;Structual house changes;Flood insurance;Sandbags;Waterproofing walls & floors;Green garden;Rain barrel
3,a565,-36,-93000.0,"{'rain_damage': 5, 'river_damage': 4}",32000,,Personal improvements;Modest house renovations;Structual house changes;Sandbags
3,a566,-34,-83000.0,"{'rain_damage': 5, 'river_damage': 4}",32000,,Personal improvements;Modest house renovations;Structual house changes;Flood insurance;Green garden
3,a567,-31,-89000.0,"{'rain_damage': 5, 'river_damage': 4}",28000,,Personal improvements;Modest house renovations;Structual house changes;Flood insurance;Green garden;Sandbags
3,a568,-28,-40000.0,"{'rain_damage': 5, 'river_damage': 4}",24000,,Personal improvements;Modest house renovations;Structual house changes;Flood insurance;Waterproofing walls & floors;Sandbags
3,a569,-28,-70000.0,"{'rain_damage': 5, 'river_damage': 4}",24000,,Personal improvements;Modest house renovations;Structual house changes;Flood insurance;Waterproofing walls & floors;Sandbags
3,a570,-38,-96000.0,"{'rain_damage': 5, 'river_damage': 4}",36000,,Personal improvements;Modest house renovations;Structual house changes;Flood insurance
3,a571,-36,-83000.0,"{'rain_damage': 5, 'river_damage': 4}",32000,,Personal improvements;Modest house renovations;Structual house changes;Sandbags
3,a572,-9,-4000.0,"{'rain_damage': 5, 'river_damage': 4}",4000,Personal improvements;Modest house renovations,Personal improvements;Modest house renovations;Structual house changes;Flood insurance;Water pump;Sandbags;Waterproofing walls & floors;Green garden;Rain barrel;Self-activating wall;Personal improvements;Modest house renovations
3,a573,-36,-83000.0,"{'rain_damage': 5, 'river_damage': 4}",32000,,Personal improvements;Modest house renovations;Structual house changes;Sandbags
3,a574,-35,-74000.0,"{'rain_damage': 5, 'river_damage': 4}",32000,,Personal improvements;Modest house renovations;Structual house changes;Flood insurance;Sandbags
3,a575,-21,-44000.0,"{'rain_damage': 5, 'river_damage': 4}",16000,,Personal improvements;Modest house renovations;Structual house changes;Flood insurance;Sandbags;Waterproofing walls & floors;Green garden;Water pump
3,a576,-36,-92000.0,"{'rain_damage': 5, 'river_damage': 4}",32000,,Personal improvements;Modest house renovations;Flood insurance;Sandbags
3,a577,-36,-102000.0,"{'rain_damage': 5, 'river_damage': 4}",32000,,Personal improvements;Modest house renovations;Flood insurance;Sandbags
3,a578,-2,26000.0,"{'rain_damage': 5, 'river_damage': 4}",4000,Personal improvements;Modest house renovations;Structual house changes;Flood insurance,Personal improvements;Modest house renovations;Structual house changes;Flood insurance;Water pump;Self-activating wall;Sandbags;Waterproofing walls & floors;Green garden;Rain barrel;Personal improvements;Modest house renovations;Structual house changes;Flood insurance;Personal improvements;Modest house renovations;Structual house changes;Flood insurance
3,a579,-10,-4000.0,"{'rain_damage': 5, 'river_damage': 4}",4000,Personal improvements;Modest house renovations;Structual house changes;Flood insurance;Self-activating wall,Personal improvements;Modest house renovations;Structual house changes;Flood insurance;Sandbags;Waterproofing walls & floors;Green garden;Rain barrel;Water pump;Flood insurance;Personal improvements;Modest house renovations;Structual house changes;Flood insurance;Self-activating wall
3,a580,-39,-116000.0,"{'rain_damage': 5, 'river_damage': 4}",36000,,Personal improvements;Modest house renovations;Flood insurance
3,a581,-20,-13000.0,"{'rain_damage': 5, 'river_damage': 4}",16000,,Personal improvements;Modest house renovations;Structual house changes;Flood insurance;Sandbags;Waterproofing walls & floors;Green garden;Rain barrel
3,a582,-21,-29000.0,"{'rain_damage': 5, 'river_damage': 4}",16000,,Personal improvements;Modest house renovations;Structual house changes;Flood insurance;Sandbags;Waterproofing walls & floors;Green garden;Water pump
3,a583,-35,-69000.0,"{'rain_damage': 5, 'river_damage': 4}",32000,,Personal improvements;Modest house renovations;Structual house changes;Flood insurance;Sandbags
3,a584,-24,-25000.0,"{'rain_damage': 5, 'river_damage': 4}",20000,,Personal improvements;Modest house renovations;Structual house changes;Flood insurance;Sandbags;Waterproofing walls & floors;Green garden
3,a585,-20,-20000.0,"{'rain_damage': 5, 'river_damage': 4}",20000,Personal improvements;Modest house renovations;Structual house changes,Personal improvements;Modest house renovations;Structual house changes;Flood insurance;Sandbags;Waterproofing walls & floors;Green garden;Flood insurance;Personal improvements;Modest house renovations;Structual house changes
3,a586,-2,26000.0,"{'rain_damage': 5, 'river_damage': 4}",4000,Personal improvements;Modest house renovations;Structual house changes;Flood insurance,Personal improvements;Modest house renovations;Structual house changes;Flood insurance;Water pump;Self-activating wall;Sandbags;Waterproofing walls & floors;Green garden;Rain barrel;Personal improvements;Modest house renovations;Structual house changes;Flood insurance;Personal improvements;Modest house renovations;Structual house changes;Flood insurance
3,a587,-35,-104000.0,"{'rain_damage': 5, 'river_damage': 4}",32000,,Personal improvements;Modest house renovations;Structual house changes;Flood insurance;Sandbags
3,a588,-17,-37000.0,"{'rain_damage': 5, 'river_damage': 4}",12000,,Personal improvements;Modest house renovations;Structual house changes;Flood insurance;Sandbags;Waterproofing walls & floors;Green garden;Rain barrel;Water pump
3,a589,-31,-59000.0,"{'rain_damage': 5, 'river_damage': 4}",28000,,Personal improvements;Modest house renovations;Structual house changes;Flood insurance;Green garden;Sandbags
3,a590,-21,-16000.0,"{'rain_damage': 5, 'river_damage': 4}",20000,Personal improvements;Modest house renovations;Structual house changes,Personal improvements;Modest house renovations;Structual house changes;Flood insurance;Sandbags;Waterproofing walls & floors;Water pump;Flood insurance;Personal improvements;Modest house renovations;Structual house changes
3,a591,-35,-69000.0,"{'rain_damage': 5, 'river_damage': 4}",32000,,Personal improvements;Modest house renovations;Structual house changes;Flood insurance;Sandbags
3,a592,-32,-51000.0,"{'rain_damage': 5, 'river_damage': 4}",28000,,Personal improvements;Modest house renovations;Structual house changes;Flood insurance;Sandbags;Water pump
3,a593,-31,-59000.0,"{'rain_damage': 5, 'river_damage': 4}",28000,,Personal improvements;Modest house renovations;Structual house changes;Flood insurance;Green garden;Sandbags
3,a594,-39,-105000.0,"{'rain_damage': 5, 'river_damage': 4}",36000,,Personal improvements;Modest house renovations;Structual house changes
3,a595,-39,-105000.0,"{'rain_damage': 5, 'river_damage': 4}",36000,,Personal improvements;Modest house renovations;Structual house changes
3,a596,-31,-59000.0,"{'rain_damage': 5, 'river_damage': 4}",28000,,Personal improvements;Modest house renovations;Structual house changes;Flood insurance;Green garden;Sandbags
3,a597,-20,-20000.0,"{'rain_damage': 5, 'river_damage': 4}",20000,Personal improvements;Modest house renovations;Structual house changes,Personal improvements;Modest house renovations;Structual house changes;Flood insurance;Sandbags;Waterproofing walls & floors;Green garden;Flood insurance;Personal improvements;Modest house renovations;Structual house changes
3,a598,-39,-116000.0,"{'rain_damage': 5, 'river_damage': 4}",36000,,Personal improvements;Modest house renovations;Flood insurance
3,a599,-3,8000.0,"{'rain_damage': 5, 'river_damage': 4}",4000,Personal improvements;Modest house renovations;Structual house changes;Flood insurance,Personal improvements;Modest house renovations;Structual house changes;Flood insurance;Water pump;Sandbags;Waterproofing walls & floors;Green garden;Rain barrel;Self-activating wall;Personal improvements;Modest house renovations;Flood insurance;Personal improvements;Modest house renovations;Structual house changes;Flood insurance
3,a600,-20,-20000.0,"{'rain_damage': 5, 'river_damage': 4}",20000,Personal improvements;Modest house renovations;Structual house changes,Personal improvements;Modest house renovations;Structual house changes;Flood insurance;Sandbags;Waterproofing walls & floors;Green garden;Flood insurance;Personal improvements;Modest house renovations;Structual house changes
3,a601,-2,26000.0,"{'rain_damage': 5, 'river_damage': 4}",4000,Personal improvements;Modest house renovations;Structual house changes;Flood insurance,Personal improvements;Modest house renovations;Structual house changes;Flood insurance;Water pump;Self-activating wall;Sandbags;Waterproofing walls & floors;Green garden;Rain barrel;Personal improvements;Modest house renovations;Structual house changes;Flood insurance;Personal improvements;Modest house renovations;Structual house changes;Flood insurance
3,a602,-25,-34000.0,"{'rain_damage': 5, 'river_damage': 4}",20000,,Personal improvements;Modest house renovations;Structual house changes;Flood insurance;Sandbags;Waterproofing walls & floors;Water pump
3,a603,-36,-102000.0,"{'rain_damage': 5, 'river_damage': 4}",32000,,Personal improvements;Modest house renovations;Flood insurance;Sandbags
3,a604,-21,-16000.0,"{'rain_damage': 5, 'river_damage': 4}",20000,Personal improvements;Modest house renovations;Structual house changes,Personal improvements;Modest house renovations;Structual house changes;Flood insurance;Sandbags;Waterproofing walls & floors;Water pump;Flood insurance;Personal improvements;Modest house renovations;Structual house changes
3,a605,-35,-69000.0,"{'rain_damage': 5, 'river_damage': 4}",32000,,Personal improvements;Modest house renovations;Structual house changes;Flood insurance;Sandbags
3,a606,-36,-83000.0,"{'rain_damage': 5, 'river_damage': 4}",32000,,Personal improvements;Modest house renovations;Structual house changes;Sandbags
3,a607,-35,-69000.0,"{'rain_damage': 5, 'river_damage': 4}",32000,,Personal improvements;Modest house renovations;Structual house changes;Flood insurance;Sandbags
3,a608,-20,-17000.0,"{'rain_damage': 5, 'river_damage': 4}",20000,Personal improvements;Modest house renovations;Structual house changes,Personal improvements;Modest house renovations;Structual house changes;Flood insurance;Sandbags;Waterproofing walls & floors;Green garden;Flood insurance;Personal improvements;Modest house renovations;Structual house changes
3,a609,-14,-8000.0,"{'rain_damage': 5, 'river_damage': 4}",8000,Flood insurance,Personal improvements;Modest house renovations;Structual house changes;Flood insurance;Sandbags;Waterproofing walls & floors;Green garden;Water pump;Self-activating wall;Flood insurance
3,a610,-35,-69000.0,"{'rain_damage': 5, 'river_damage': 4}",32000,,Personal improvements;Modest house renovations;Structual house changes;Flood insurance;Sandbags
3,a611,-36,-92000.0,"{'rain_damage': 5, 'river_damage': 4}",32000,,Personal improvements;Modest house renovations;Flood insurance;Sandbags
3,a612,-34,-83000.0,"{'rain_damage': 5, 'river_damage': 4}",32000,,Personal improvements;Modest house renovations;Structual house changes;Flood insurance;Green garden
3,a613,-35,-74000.0,"{'rain_damage': 5, 'river_damage': 4}",32000,,Personal improvements;Modest house renovations;Structual house changes;Flood insurance;Sandbags
3,a614,-25,-34000.0,"{'rain_damage': 5, 'river_damage': 4}",20000,,Personal improvements;Modest house renovations;Structual house changes;Flood insurance;Sandbags;Waterproofing walls & floors;Water pump
3,a615,-17,-37000.0,"{'rain_damage': 5, 'river_damage': 4}",12000,,Personal improvements;Modest house renovations;Structual house changes;Flood insurance;Sandbags;Waterproofing walls & floors;Green garden;Rain barrel;Water pump
3,a616,-21,-29000.0,"{'rain_damage': 5, 'river_damage': 4}",16000,,Personal improvements;Modest house renovations;Structual house changes;Flood insurance;Sandbags;Waterproofing walls & floors;Green garden;Water pump
3,a617,-21,-44000.0,"{'rain_damage': 5, 'river_damage': 4}",16000,,Personal improvements;Modest house renovations;Structual house changes;Flood insurance;Sandbags;Waterproofing walls & floors;Green garden;Water pump
3,a618,-39,-114000.0,"{'rain_damage': 5, 'river_damage': 4}",36000,,Personal improvements;Modest house renovations;Flood insurance
3,a619,-38,-96000.0,"{'rain_damage': 5, 'river_damage': 4}",36000,,Personal improvements;Modest house renovations;Structual house changes;Flood insurance
3,a620,-28,-40000.0,"{'rain_damage': 5, 'river_damage': 4}",24000,,Personal improvements;Modest house renovations;Structual house changes;Flood insurance;Waterproofing walls & floors;Sandbags
3,a621,-35,-89000.0,"{'rain_damage': 5, 'river_damage': 4}",32000,,Personal improvements;Modest house renovations;Structual house changes;Flood insurance;Sandbags
3,a622,-34,-63000.0,"{'rain_damage': 5, 'river_damage': 4}",32000,,Personal improvements;Modest house renovations;Structual house changes;Flood insurance;Green garden
3,a623,-35,-59000.0,"{'rain_damage': 5, 'river_damage': 4}",32000,,Personal improvements;Modest house renovations;Structual house changes;Flood insurance;Sandbags
3,a624,-11,-10000.0,"{'rain_damage': 5, 'river_damage': 4}",4000,,Personal improvements;Modest house renovations;Structual house changes;Flood insurance;Sandbags;Waterproofing walls & floors;Green garden;Rain barrel;Water pump;Self-activating wall
3,a625,-35,-84000.0,"{'rain_damage': 5, 'river_damage': 4}",32000,,Personal improvements;Modest house renovations;Structual house changes;Flood insurance;Sandbags
3,a626,-36,-92000.0,"{'rain_damage': 5, 'river_damage': 4}",32000,,Personal improvements;Modest house renovations;Flood insurance;Sandbags
3,a627,-21,-44000.0,"{'rain_damage': 5, 'river_damage': 4}",16000,,Personal improvements;Modest house renovations;Structual house changes;Flood insurance;Sandbags;Waterproofing walls & floors;Green garden;Water pump
3,a628,-20,-13000.0,"{'rain_damage': 5, 'river_damage': 4}",16000,,Personal improvements;Modest house renovations;Structual house changes;Flood insurance;Sandbags;Waterproofing walls & floors;Green garden;Rain barrel
3,a629,-14,-8000.0,"{'rain_damage': 5, 'river_damage': 4}",8000,Flood insurance,Personal improvements;Modest house renovations;Structual house changes;Flood insurance;Sandbags;Waterproofing walls & floors;Green garden;Water pump;Self-activating wall;Flood insurance
3,a630,-38,-96000.0,"{'rain_damage': 5, 'river_damage': 4}",36000,,Personal improvements;Modest house renovations;Structual house changes;Flood insurance
3,a631,-39,-116000.0,"{'rain_damage': 5, 'river_damage': 4}",36000,,Personal improvements;Modest house renovations;Flood insurance
3,a632,-11,-10000.0,"{'rain_damage': 5, 'river_damage': 4}",4000,,Personal improvements;Modest house renovations;Structual house changes;Flood insurance;Sandbags;Waterproofing walls & floors;Green garden;Rain barrel;Water pump;Self-activating wall
3,a633,-20,-20000.0,"{'rain_damage': 5, 'river_damage': 4}",20000,Personal improvements;Modest house renovations;Structual house changes,Personal improvements;Modest house renovations;Structual house changes;Flood insurance;Sandbags;Waterproofing walls & floors;Green garden;Flood insurance;Personal improvements;Modest house renovations;Structual house changes
3,a634,-24,-25000.0,"{'rain_damage': 5, 'river_damage': 4}",20000,,Personal improvements;Modest house renovations;Structual house changes;Flood insurance;Sandbags;Waterproofing walls & floors;Green garden
3,a635,-35,-59000.0,"{'rain_damage': 5, 'river_damage': 4}",32000,,Personal improvements;Modest house renovations;Structual house changes;Flood insurance;Sandbags
3,a636,-10,-4000.0,"{'rain_damage': 5, 'river_damage': 4}",4000,Personal improvements;Modest house renovations;Structual house changes;Flood insurance;Self-activating wall,Personal improvements;Modest house renovations;Structual house changes;Flood insurance;Sandbags;Waterproofing walls & floors;Green garden;Rain barrel;Water pump;Flood insurance;Personal improvements;Modest house renovations;Structual house changes;Flood insurance;Self-activating wall
3,a637,-17,-37000.0,"{'rain_damage': 5, 'river_damage': 4}",12000,,Personal improvements;Modest house renovations;Structual house changes;Flood insurance;Sandbags;Waterproofing walls & floors;Green garden;Rain barrel;Water pump
3,a638,-10,-4000.0,"{'rain_damage': 5, 'river_damage': 4}",4000,Personal improvements;Modest house renovations;Structual house changes;Flood insurance;Self-activating wall,Personal improvements;Modest house renovations;Structual house changes;Flood insurance;Sandbags;Waterproofing walls & floors;Green garden;Rain barrel;Water pump;Flood insurance;Personal improvements;Modest house renovations;Structual house changes;Flood insurance;Self-activating wall
3,a639,-36,-102000.0,"{'rain_damage': 5, 'river_damage': 4}",32000,,Personal improvements;Modest house renovations;Flood insurance;Sandbags
3,a640,-20,-17000.0,"{'rain_damage': 5, 'river_damage': 4}",20000,Personal improvements;Modest house renovations;Structual house changes,Personal improvements;Modest house renovations;Structual house changes;Flood insurance;Sandbags;Waterproofing walls & floors;Green garden;Flood insurance;Personal improvements;Modest house renovations;Structual house changes
3,a641,-28,-55000.0,"{'rain_damage': 5, 'river_damage': 4}",24000,,Personal improvements;Modest house renovations;Structual house changes;Flood insurance;Waterproofing walls & floors;Sandbags
3,a642,-32,-51000.0,"{'rain_damage': 5, 'river_damage': 4}",28000,,Personal improvements;Modest house renovations;Structual house changes;Flood insurance;Sandbags;Water pump
3,a643,-39,-114000.0,"{'rain_damage': 5, 'river_damage': 4}",36000,,Personal improvements;Modest house renovations;Flood insurance
3,a644,-35,-89000.0,"{'rain_damage': 5, 'river_damage': 4}",32000,,Personal improvements;Modest house renovations;Structual house changes;Flood insurance;Sandbags
3,a645,-35,-69000.0,"{'rain_damage': 5, 'river_damage': 4}",32000,,Personal improvements;Modest house renovations;Structual house changes;Flood insurance;Sandbags
3,a646,-35,-69000.0,"{'rain_damage': 5, 'river_damage': 4}",32000,,Personal improvements;Modest house renovations;Structual house changes;Flood insurance;Sandbags
3,a647,-16,-13000.0,"{'rain_damage': 5, 'river_damage': 4}",16000,Personal improvements;Modest house renovations;Structual house changes,Personal improvements;Modest house renovations;Structual house changes;Flood insurance;Sandbags;Waterproofing walls & floors;Green garden;Water pump;Flood insurance;Personal improvements;Personal improvements;Modest house renovations;Structual house changes
3,a648,-16,-13000.0,"{'rain_damage': 5, 'river_damage': 4}",16000,Personal improvements;Modest house renovations;Structual house changes,Personal improvements;Modest house renovations;Structual house changes;Flood insurance;Sandbags;Waterproofing walls & floors;Green garden;Water pump;Flood insurance;Personal improvements;Personal improvements;Modest house renovations;Structual house changes
3,a649,-36,-83000.0,"{'rain_damage': 5, 'river_damage': 4}",32000,,Personal improvements;Modest house renovations;Structual house changes;Sandbags
3,a650,-35,-84000.0,"{'rain_damage': 5, 'river_damage': 4}",32000,,Personal improvements;Modest house renovations;Structual house changes;Flood insurance;Sandbags
3,a651,-36,-83000.0,"{'rain_damage': 5, 'river_damage': 4}",32000,,Personal improvements;Modest house renovations;Structual house changes;Sandbags
3,a652,-36,-92000.0,"{'rain_damage': 5, 'river_damage': 4}",32000,,Personal improvements;Modest house renovations;Flood insurance;Sandbags
3,a653,-34,-83000.0,"{'rain_damage': 5, 'river_damage': 4}",32000,,Personal improvements;Modest house renovations;Structual house changes;Flood insurance;Green garden
3,a654,-20,-20000.0,"{'rain_damage': 5, 'river_damage': 4}",20000,Personal improvements;Modest house renovations;Structual house changes,Personal improvements;Modest house renovations;Structual house changes;Flood insurance;Sandbags;Waterproofing walls & floors;Green garden;Flood insurance;Personal improvements;Modest house renovations;Structual house changes
3,a655,-31,-59000.0,"{'rain_damage': 5, 'river_damage': 4}",28000,,Personal improvements;Modest house renovations;Structual house changes;Flood insurance;Green garden;Sandbags
3,a656,-16,-13000.0,"{'rain_damage': 5, 'river_damage': 4}",16000,Personal improvements;Modest house renovations;Structual house changes,Personal improvements;Modest house renovations;Structual house changes;Flood insurance;Sandbags;Waterproofing walls & floors;Green garden;Water pump;Flood insurance;Personal improvements;Personal improvements;Modest house renovations;Structual house changes
3,a657,-3,8000.0,"{'rain_damage': 5, 'river_damage': 4}",4000,Personal improvements;Modest house renovations;Structual house changes;Flood insurance,Personal improvements;Modest house renovations;Structual house changes;Flood insurance;Water pump;Sandbags;Waterproofing walls & floors;Green garden;Rain barrel;Self-activating wall;Personal improvements;Modest house renovations;Flood insurance;Personal improvements;Modest house renovations;Structual house changes;Flood insurance
3,a658,-28,-40000.0,"{'rain_damage': 5, 'river_damage': 4}",24000,,Personal improvements;Modest house renovations;Structual house changes;Flood insurance;Waterproofing walls & floors;Sandbags
3,a659,-35,-74000.0,"{'rain_damage': 5, 'river_damage': 4}",32000,,Personal improvements;Modest house renovations;Structual house changes;Flood insurance;Sandbags
3,a660,-35,-59000.0,"{'rain_damage': 5, 'river_damage': 4}",32000,,Personal improvements;Modest house renovations;Structual house changes;Flood insurance;Sandbags
3,a661,-21,-29000.0,"{'rain_damage': 5, 'river_damage': 4}",16000,,Personal improvements;Modest house renovations;Structual house changes;Flood insurance;Sandbags;Waterproofing walls & floors;Green garden;Water pump
3,a662,-20,-13000.0,"{'rain_damage': 5, 'river_damage': 4}",16000,,Personal improvements;Modest house renovations;Structual house changes;Flood insurance;Sandbags;Waterproofing walls & floors;Green garden;Rain barrel
3,a663,-28,-55000.0,"{'rain_damage': 5, 'river_damage': 4}",24000,,Personal improvements;Modest house renovations;Structual house changes;Flood insurance;Waterproofing walls & floors;Sandbags
3,a664,-35,-89000.0,"{'rain_damage': 5, 'river_damage': 4}",32000,,Personal improvements;Modest house renovations;Structual house changes;Flood insurance;Sandbags
3,a665,-36,-92000.0,"{'rain_damage': 5, 'river_damage': 4}",32000,,Personal improvements;Modest house renovations;Flood insurance;Sandbags
3,a666,-10,-1000.0,"{'rain_damage': 5, 'river_damage': 4}",4000,Flood insurance,Personal improvements;Modest house renovations;Structual house changes;Flood insurance;Water pump;Sandbags;Waterproofing walls & floors;Green garden;Rain barrel;Self-activating wall;Flood insurance
3,a667,-35,-84000.0,"{'rain_damage': 5, 'river_damage': 4}",32000,,Personal improvements;Modest house renovations;Structual house changes;Flood insurance;Sandbags
3,a668,-35,-74000.0,"{'rain_damage': 5, 'river_damage': 4}",32000,,Personal improvements;Modest house renovations;Structual house changes;Flood insurance;Sandbags
3,a669,-14,-8000.0,"{'rain_damage': 5, 'river_damage': 4}",8000,Flood insurance,Personal improvements;Modest house renovations;Structual house changes;Flood insurance;Sandbags;Waterproofing walls & floors;Green garden;Water pump;Self-activating wall;Flood insurance
3,a670,-31,-59000.0,"{'rain_damage': 5, 'river_damage': 4}",28000,,Personal improvements;Modest house renovations;Structual house changes;Flood insurance;Green garden;Sandbags
3,a671,-34,-83000.0,"{'rain_damage': 5, 'river_damage': 4}",32000,,Personal improvements;Modest house renovations;Structual house changes;Flood insurance;Green garden
3,a672,-35,-69000.0,"{'rain_damage': 5, 'river_damage': 4}",32000,,Personal improvements;Modest house renovations;Structual house changes;Flood insurance;Sandbags
3,a673,-34,-83000.0,"{'rain_damage': 5, 'river_damage': 4}",32000,,Personal improvements;Modest house renovations;Structual house changes;Flood insurance;Green garden
3,a674,-35,-89000.0,"{'rain_damage': 5, 'river_damage': 4}",32000,,Personal improvements;Modest house renovations;Structual house changes;Flood insurance;Sandbags
3,a675,-32,-51000.0,"{'rain_damage': 5, 'river_damage': 4}",28000,,Personal improvements;Modest house renovations;Structual house changes;Flood insurance;Sandbags;Water pump
3,a676,-20,-13000.0,"{'rain_damage': 5, 'river_damage': 4}",16000,,Personal improvements;Modest house renovations;Structual house changes;Flood insurance;Sandbags;Waterproofing walls & floors;Green garden;Rain barrel
3,a677,-20,-17000.0,"{'rain_damage': 5, 'river_damage': 4}",20000,Personal improvements;Modest house renovations;Structual house changes,Personal improvements;Modest house renovations;Structual house changes;Flood insurance;Sandbags;Waterproofing walls & floors;Green garden;Flood insurance;Personal improvements;Modest house renovations;Structual house changes
3,a678,-38,-96000.0,"{'rain_damage': 5, 'river_damage': 4}",36000,,Personal improvements;Modest house renovations;Structual house changes;Flood insurance
3,a679,-25,-34000.0,"{'rain_damage': 5, 'river_damage': 4}",20000,,Personal improvements;Modest house renovations;Structual house changes;Flood insurance;Sandbags;Waterproofing walls & floors;Water pump
3,a680,-34,-63000.0,"{'rain_damage': 5, 'river_damage': 4}",32000,,Personal improvements;Modest house renovations;Structual house changes;Flood insurance;Green garden
3,a681,-24,-65000.0,"{'rain_damage': 5, 'river_damage': 4}",20000,,Personal improvements;Modest house renovations;Structual house changes;Flood insurance;Sandbags;Waterproofing walls & floors;Green garden
3,a682,-10,-1000.0,"{'rain_damage': 5, 'river_damage': 4}",4000,Flood insurance,Personal improvements;Modest house renovations;Structual house changes;Flood insurance;Water pump;Sandbags;Waterproofing walls & floors;Green garden;Rain barrel;Self-activating wall;Flood insurance
3,a683,-16,-13000.0,"{'rain_damage': 5, 'river_damage': 4}",16000,Personal improvements;Modest house renovations;Structual house changes,Personal improvements;Modest house renovations;Structual house changes;Flood insurance;Sandbags;Waterproofing walls & floors;Green garden;Water pump;Flood insurance;Personal improvements;Personal improvements;Modest house renovations;Structual house changes
3,a684,-11,-10000.0,"{'rain_damage': 5, 'river_damage': 4}",4000,,Personal improvements;Modest house renovations;Structual house changes;Flood insurance;Sandbags;Waterproofing walls & floors;Green garden;Rain barrel;Water pump;Self-activating wall
3,a685,-25,-34000.0,"{'rain_damage': 5, 'river_damage': 4}",20000,,Personal improvements;Modest house renovations;Structual house changes;Flood insurance;Sandbags;Waterproofing walls & floors;Water pump
3,a686,-39,-116000.0,"{'rain_damage': 5, 'river_damage': 4}",36000,,Personal improvements;Modest house renovations;Flood insurance
3,a687,-35,-69000.0,"{'rain_damage': 5, 'river_damage': 4}",32000,,Personal improvements;Modest house renovations;Structual house changes;Flood insurance;Sandbags
3,a688,-34,-63000.0,"{'rain_damage': 5, 'river_damage': 4}",32000,,Personal improvements;Modest house renovations;Structual house changes;Flood insurance;Green garden
3,a689,-3,8000.0,"{'rain_damage': 5, 'river_damage': 4}",4000,Personal improvements;Modest house renovations;Structual house changes;Flood insurance,Personal improvements;Modest house renovations;Structual house changes;Flood insurance;Water pump;Sandbags;Waterproofing walls & floors;Green garden;Rain barrel;Self-activating wall;Personal improvements;Modest house renovations;Flood insurance;Personal improvements;Modest house renovations;Structual house changes;Flood insurance
3,a690,-20,-17000.0,"{'rain_damage': 5, 'river_damage': 4}",20000,Personal improvements;Modest house renovations;Structual house changes,Personal improvements;Modest house renovations;Structual house changes;Flood insurance;Sandbags;Waterproofing walls & floors;Green garden;Flood insurance;Personal improvements;Modest house renovations;Structual house changes
3,a691,-10,-4000.0,"{'rain_damage': 5, 'river_damage': 4}",4000,Personal improvements;Modest house renovations;Structual house changes;Flood insurance;Self-activating wall,Personal improvements;Modest house renovations;Structual house changes;Flood insurance;Sandbags;Waterproofing walls & floors;Green garden;Rain barrel;Water pump;Flood insurance;Personal improvements;Modest house renovations;Structual house changes;Flood insurance;Self-activating wall
3,a692,-35,-74000.0,"{'rain_damage': 5, 'river_damage': 4}",32000,,Personal improvements;Modest house renovations;Structual house changes;Flood insurance;Sandbags
3,a693,-35,-104000.0,"{'rain_damage': 5, 'river_damage': 4}",32000,,Personal improvements;Modest house renovations;Structual house changes;Flood insurance;Sandbags
3,a694,-14,-8000.0,"{'rain_damage': 5, 'river_damage': 4}",8000,Flood insurance,Personal improvements;Modest house renovations;Structual house changes;Flood insurance;Sandbags;Waterproofing walls & floors;Green garden;Water pump;Self-activating wall;Flood insurance
3,a695,-35,-89000.0,"{'rain_damage': 5, 'river_damage': 4}",32000,,Personal improvements;Modest house renovations;Structual house changes;Flood insurance;Sandbags
3,a696,-35,-59000.0,"{'rain_damage': 5, 'river_damage': 4}",32000,,Personal improvements;Modest house renovations;Structual house changes;Flood insurance;Sandbags
3,a697,-32,-51000.0,"{'rain_damage': 5, 'river_damage': 4}",28000,,Personal improvements;Modest house renovations;Structual house changes;Flood insurance;Sandbags;Water pump
3,a698,-36,-92000.0,"{'rain_damage': 5, 'river_damage': 4}",32000,,Personal improvements;Modest house renovations;Flood insurance;Sandbags
3,a699,-39,-114000.0,"{'rain_damage': 5, 'river_damage': 4}",36000,,Personal improvements;Modest house renovations;Flood insurance
3,a700,-35,-74000.0,"{'rain_damage': 5, 'river_damage': 4}",32000,,Personal improvements;Modest house renovations;Structual house changes;Flood insurance;Sandbags
3,a701,-3,8000.0,"{'rain_damage': 5, 'river_damage': 4}",4000,Personal improvements;Modest house renovations;Structual house changes;Flood insurance,Personal improvements;Modest house renovations;Structual house changes;Flood insurance;Water pump;Sandbags;Waterproofing walls & floors;Green garden;Rain barrel;Self-activating wall;Personal improvements;Modest house renovations;Flood insurance;Personal improvements;Modest house renovations;Structual house changes;Flood insurance
3,a702,-34,-83000.0,"{'rain_damage': 5, 'river_damage': 4}",32000,,Personal improvements;Modest house renovations;Structual house changes;Flood insurance;Green garden
3,a703,-10,-4000.0,"{'rain_damage': 5, 'river_damage': 4}",4000,Personal improvements;Modest house renovations;Structual house changes;Flood insurance;Self-activating wall,Personal improvements;Modest house renovations;Structual house changes;Flood insurance;Sandbags;Waterproofing walls & floors;Green garden;Rain barrel;Water pump;Flood insurance;Personal improvements;Modest house renovations;Structual house changes;Flood insurance;Self-activating wall
3,a704,-35,-59000.0,"{'rain_damage': 5, 'river_damage': 4}",32000,,Personal improvements;Modest house renovations;Structual house changes;Flood insurance;Sandbags
3,a705,-35,-89000.0,"{'rain_damage': 5, 'river_damage': 4}",32000,,Personal improvements;Modest house renovations;Structual house changes;Flood insurance;Sandbags
3,a706,-9,-4000.0,"{'rain_damage': 5, 'river_damage': 4}",4000,Personal improvements;Modest house renovations,Personal improvements;Modest house renovations;Structual house changes;Flood insurance;Water pump;Sandbags;Waterproofing walls & floors;Green garden;Rain barrel;Self-activating wall;Personal improvements;Modest house renovations
3,a707,-39,-116000.0,"{'rain_damage': 5, 'river_damage': 4}",36000,,Personal improvements;Modest house renovations;Flood insurance
3,a708,-34,-63000.0,"{'rain_damage': 5, 'river_damage': 4}",32000,,Personal improvements;Modest house renovations;Structual house changes;Flood insurance;Green garden
3,a709,-35,-104000.0,"{'rain_damage': 5, 'river_damage': 4}",32000,,Personal improvements;Modest house renovations;Structual house changes;Flood insurance;Sandbags
3,a710,-2,26000.0,"{'rain_damage': 5, 'river_damage': 4}",4000,Personal improvements;Modest house renovations;Structual house changes;Flood insurance,Personal improvements;Modest house renovations;Structual house changes;Flood insurance;Water pump;Self-activating wall;Sandbags;Waterproofing walls & floors;Green garden;Rain barrel;Personal improvements;Modest house renovations;Structual house changes;Flood insurance;Personal improvements;Modest house renovations;Structual house changes;Flood insurance
3,a711,-24,-65000.0,"{'rain_damage': 5, 'river_damage': 4}",20000,,Personal improvements;Modest house renovations;Structual house changes;Flood insurance;Sandbags;Waterproofing walls & floors;Green garden
3,a712,-35,-89000.0,"{'rain_damage': 5, 'river_damage': 4}",32000,,Personal improvements;Modest house renovations;Structual house changes;Flood insurance;Sandbags
3,a713,-7,-1000.0,"{'rain_damage': 5, 'river_damage': 4}",4000,Personal improvements;Modest house renovations;Flood insurance,Personal improvements;Modest house renovations;Structual house changes;Flood insurance;Water pump;Sandbags;Waterproofing walls & floors;Green garden;Rain barrel;Self-activating wall;Flood insurance;Personal improvements;Modest house renovations;Flood insurance
3,a714,-35,-59000.0,"{'rain_damage': 5, 'river_damage': 4}",32000,,Personal improvements;Modest house renovations;Structual house changes;Flood insurance;Sandbags
3,a715,-38,-96000.0,"{'rain_damage': 5, 'river_damage': 4}",36000,,Personal improvements;Modest house renovations;Structual house changes;Flood insurance
3,a716,-35,-74000.0,"{'rain_damage': 5, 'river_damage': 4}",32000,,Personal improvements;Modest house renovations;Structual house changes;Flood insurance;Sandbags
3,a717,-2,26000.0,"{'rain_damage': 5, 'river_damage': 4}",4000,Personal improvements;Modest house renovations;Structual house changes;Flood insurance,Personal improvements;Modest house renovations;Structual house changes;Flood insurance;Water pump;Self-activating wall;Sandbags;Waterproofing walls & floors;Green garden;Rain barrel;Personal improvements;Modest house renovations;Structual house changes;Flood insurance;Personal improvements;Modest house renovations;Structual house changes;Flood insurance
3,a718,-9,-4000.0,"{'rain_damage': 5, 'river_damage': 4}",4000,Personal improvements;Modest house renovations,Personal improvements;Modest house renovations;Structual house changes;Flood insurance;Water pump;Sandbags;Waterproofing walls & floors;Green garden;Rain barrel;Self-activating wall;Personal improvements;Modest house renovations
3,a719,-31,-59000.0,"{'rain_damage': 5, 'river_damage': 4}",28000,,Personal improvements;Modest house renovations;Structual house changes;Flood insurance;Green garden;Sandbags
3,a720,-31,-89000.0,"{'rain_damage': 5, 'river_damage': 4}",28000,,Personal improvements;Modest house renovations;Structual house changes;Flood insurance;Green garden;Sandbags
3,a721,-16,-13000.0,"{'rain_damage': 5, 'river_damage': 4}",16000,Personal improvements;Modest house renovations;Structual house changes,Personal improvements;Modest house renovations;Structual house changes;Flood insurance;Sandbags;Waterproofing walls & floors;Green garden;Water pump;Flood insurance;Personal improvements;Personal improvements;Modest house renovations;Structual house changes
3,a722,-36,-92000.0,"{'rain_damage': 5, 'river_damage': 4}",32000,,Personal improvements;Modest house renovations;Flood insurance;Sandbags
3,a723,-36,-102000.0,"{'rain_damage': 5, 'river_damage': 4}",32000,,Personal improvements;Modest house renovations;Flood insurance;Sandbags
3,a724,-35,-74000.0,"{'rain_damage': 5, 'river_damage': 4}",32000,,Personal improvements;Modest house renovations;Structual house changes;Flood insurance;Sandbags
3,a725,-28,-70000.0,"{'rain_damage': 5, 'river_damage': 4}",24000,,Personal improvements;Modest house renovations;Structual house changes;Flood insurance;Waterproofing walls & floors;Sandbags
3,a726,-35,-104000.0,"{'rain_damage': 5, 'river_damage': 4}",32000,,Personal improvements;Modest house renovations;Structual house changes;Flood insurance;Sandbags
3,a727,-35,-59000.0,"{'rain_damage': 5, 'river_damage': 4}",32000,,Personal improvements;Modest house renovations;Structual house changes;Flood insurance;Sandbags
3,a728,-10,-1000.0,"{'rain_damage': 5, 'river_damage': 4}",4000,Flood insurance,Personal improvements;Modest house renovations;Structual house changes;Flood insurance;Water pump;Sandbags;Waterproofing walls & floors;Green garden;Rain barrel;Self-activating wall;Flood insurance
3,a729,-24,-25000.0,"{'rain_damage': 5, 'river_damage': 4}",20000,,Personal improvements;Modest house renovations;Structual house changes;Flood insurance;Sandbags;Waterproofing walls & floors;Green garden
3,a730,-16,-13000.0,"{'rain_damage': 5, 'river_damage': 4}",16000,Personal improvements;Modest house renovations;Structual house changes,Personal improvements;Modest house renovations;Structual house changes;Flood insurance;Sandbags;Waterproofing walls & floors;Green garden;Water pump;Flood insurance;Personal improvements;Personal improvements;Modest house renovations;Structual house changes
3,a731,-35,-69000.0,"{'rain_damage': 5, 'river_damage': 4}",32000,,Personal improvements;Modest house renovations;Structual house changes;Flood insurance;Sandbags
3,a732,-28,-55000.0,"{'rain_damage': 5, 'river_damage': 4}",24000,,Personal improvements;Modest house renovations;Structual house changes;Flood insurance;Waterproofing walls & floors;Sandbags
3,a733,-39,-116000.0,"{'rain_damage': 5, 'river_damage': 4}",36000,,Personal improvements;Modest house renovations;Flood insurance
3,a734,-35,-59000.0,"{'rain_damage': 5, 'river_damage': 4}",32000,,Personal improvements;Modest house renovations;Structual house changes;Flood insurance;Sandbags
3,a735,-34,-63000.0,"{'rain_damage': 5, 'river_damage': 4}",32000,,Personal improvements;Modest house renovations;Structual house changes;Flood insurance;Green garden
3,a736,-28,-40000.0,"{'rain_damage': 5, 'river_damage': 4}",24000,,Personal improvements;Modest house renovations;Structual house changes;Flood insurance;Waterproofing walls & floors;Sandbags
3,a737,-7,-1000.0,"{'rain_damage': 5, 'river_damage': 4}",4000,Personal improvements;Modest house renovations;Flood insurance,Personal improvements;Modest house renovations;Structual house changes;Flood insurance;Water pump;Sandbags;Waterproofing walls & floors;Green garden;Rain barrel;Self-activating wall;Flood insurance;Personal improvements;Modest house renovations;Flood insurance
3,a738,-35,-72000.0,"{'rain_damage': 5, 'river_damage': 4}",32000,,Personal improvements;Modest house renovations;Structual house changes;Flood insurance;Sandbags
3,a739,-2,26000.0,"{'rain_damage': 5, 'river_damage': 4}",4000,Personal improvements;Modest house renovations;Structual house changes;Flood insurance,Personal improvements;Modest house renovations;Structual house changes;Flood insurance;Water pump;Self-activating wall;Sandbags;Waterproofing walls & floors;Green garden;Rain barrel;Personal improvements;Modest house renovations;Structual house changes;Flood insurance;Personal improvements;Modest house renovations;Structual house changes;Flood insurance
3,a740,-20,-20000.0,"{'rain_damage': 5, 'river_damage': 4}",20000,Personal improvements;Modest house renovations;Structual house changes,Personal improvements;Modest house renovations;Structual house changes;Flood insurance;Sandbags;Waterproofing walls & floors;Green garden;Flood insurance;Personal improvements;Modest house renovations;Structual house changes
3,a741,-25,-34000.0,"{'rain_damage': 5, 'river_damage': 4}",20000,,Personal improvements;Modest house renovations;Structual house changes;Flood insurance;Sandbags;Waterproofing walls & floors;Water pump
3,a742,-28,-70000.0,"{'rain_damage': 5, 'river_damage': 4}",24000,,Personal improvements;Modest house renovations;Structual house changes;Flood insurance;Waterproofing walls & floors;Sandbags
3,a743,-32,-51000.0,"{'rain_damage': 5, 'river_damage': 4}",28000,,Personal improvements;Modest house renovations;Structual house changes;Flood insurance;Sandbags;Water pump
3,a744,-32,-51000.0,"{'rain_damage': 5, 'river_damage': 4}",28000,,Personal improvements;Modest house renovations;Structual house changes;Flood insurance;Sandbags;Water pump
3,a745,-34,-83000.0,"{'rain_damage': 5, 'river_damage': 4}",32000,,Personal improvements;Modest house renovations;Structual house changes;Flood insurance;Green garden
3,a746,-16,-13000.0,"{'rain_damage': 5, 'river_damage': 4}",16000,Personal improvements;Modest house renovations;Structual house changes,Personal improvements;Modest house renovations;Structual house changes;Flood insurance;Sandbags;Waterproofing walls & floors;Green garden;Water pump;Flood insurance;Personal improvements;Personal improvements;Modest house renovations;Structual house changes
3,a747,-35,-104000.0,"{'rain_damage': 5, 'river_damage': 4}",32000,,Personal improvements;Modest house renovations;Structual house changes;Flood insurance;Sandbags
3,a748,-17,-37000.0,"{'rain_damage': 5, 'river_damage': 4}",12000,,Personal improvements;Modest house renovations;Structual house changes;Flood insurance;Sandbags;Waterproofing walls & floors;Green garden;Rain barrel;Water pump
3,a749,-31,-59000.0,"{'rain_damage': 5, 'river_damage': 4}",28000,,Personal improvements;Modest house renovations;Structual house changes;Flood insurance;Green garden;Sandbags
3,a750,-31,-59000.0,"{'rain_damage': 5, 'river_damage': 4}",28000,,Personal improvements;Modest house renovations;Structual house changes;Flood insurance;Green garden;Sandbags
3,a751,-35,-89000.0,"{'rain_damage': 5, 'river_damage': 4}",32000,,Personal improvements;Modest house renovations;Structual house changes;Flood insurance;Sandbags
3,a752,-35,-84000.0,"{'rain_damage': 5, 'river_damage': 4}",32000,,Personal improvements;Modest house renovations;Structual house changes;Flood insurance;Sandbags
3,a753,-24,-25000.0,"{'rain_damage': 5, 'river_damage': 4}",20000,,Personal improvements;Modest house renovations;Structual house changes;Flood insurance;Sandbags;Waterproofing walls & floors;Green garden
3,a754,-36,-92000.0,"{'rain_damage': 5, 'river_damage': 4}",32000,,Personal improvements;Modest house renovations;Flood insurance;Sandbags
3,a755,-39,-114000.0,"{'rain_damage': 5, 'river_damage': 4}",36000,,Personal improvements;Modest house renovations;Flood insurance
3,a756,-10,-4000.0,"{'rain_damage': 5, 'river_damage': 4}",4000,Personal improvements;Modest house renovations;Structual house changes;Flood insurance;Self-activating wall,Personal improvements;Modest house renovations;Structual house changes;Flood insurance;Sandbags;Waterproofing walls & floors;Green garden;Rain barrel;Water pump;Flood insurance;Personal improvements;Modest house renovations;Structual house changes;Flood insurance;Self-activating wall
3,a757,-35,-74000.0,"{'rain_damage': 5, 'river_damage': 4}",32000,,Personal improvements;Modest house renovations;Structual house changes;Flood insurance;Sandbags
3,a758,-21,-16000.0,"{'rain_damage': 5, 'river_damage': 4}",20000,Personal improvements;Modest house renovations;Structual house changes,Personal improvements;Modest house renovations;Structual house changes;Flood insurance;Sandbags;Waterproofing walls & floors;Water pump;Flood insurance;Personal improvements;Modest house renovations;Structual house changes
3,a759,-39,-105000.0,"{'rain_damage': 5, 'river_damage': 4}",36000,,Personal improvements;Modest house renovations;Structual house changes
3,a760,-28,-70000.0,"{'rain_damage': 5, 'river_damage': 4}",24000,,Personal improvements;Modest house renovations;Structual house changes;Flood insurance;Waterproofing walls & floors;Sandbags
3,a761,-7,-1000.0,"{'rain_damage': 5, 'river_damage': 4}",4000,Personal improvements;Modest house renovations;Flood insurance,Personal improvements;Modest house renovations;Structual house changes;Flood insurance;Water pump;Sandbags;Waterproofing walls & floors;Green garden;Rain barrel;Self-activating wall;Flood insurance;Personal improvements;Modest house renovations;Flood insurance
3,a762,-20,-17000.0,"{'rain_damage': 5, 'river_damage': 4}",20000,Personal improvements;Modest house renovations;Structual house changes,Personal improvements;Modest house renovations;Structual house changes;Flood insurance;Sandbags;Waterproofing walls & floors;Green garden;Flood insurance;Personal improvements;Modest house renovations;Structual house changes
3,a763,-31,-89000.0,"{'rain_damage': 5, 'river_damage': 4}",28000,,Personal improvements;Modest house renovations;Structual house changes;Flood insurance;Green garden;Sandbags
3,a764,-21,-16000.0,"{'rain_damage': 5, 'river_damage': 4}",20000,Personal improvements;Modest house renovations;Structual house changes,Personal improvements;Modest house renovations;Structual house changes;Flood insurance;Sandbags;Waterproofing walls & floors;Water pump;Flood insurance;Personal improvements;Modest house renovations;Structual house changes
3,a765,-21,-44000.0,"{'rain_damage': 5, 'river_damage': 4}",16000,,Personal improvements;Modest house renovations;Structual house changes;Flood insurance;Sandbags;Waterproofing walls & floors;Green garden;Water pump
3,a766,-21,-29000.0,"{'rain_damage': 5, 'river_damage': 4}",16000,,Personal improvements;Modest house renovations;Structual house changes;Flood insurance;Sandbags;Waterproofing walls & floors;Green garden;Water pump
3,a767,-11,-10000.0,"{'rain_damage': 5, 'river_damage': 4}",4000,,Personal improvements;Modest house renovations;Structual house changes;Flood insurance;Sandbags;Waterproofing walls & floors;Green garden;Rain barrel;Water pump;Self-activating wall
3,a768,-10,-4000.0,"{'rain_damage': 5, 'river_damage': 4}",4000,Personal improvements;Modest house renovations;Structual house changes;Flood insurance;Self-activating wall,Personal improvements;Modest house renovations;Structual house changes;Flood insurance;Sandbags;Waterproofing walls & floors;Green garden;Rain barrel;Water pump;Flood insurance;Personal improvements;Modest house renovations;Structual house changes;Flood insurance;Self-activating wall
3,a769,-14,-8000.0,"{'rain_damage': 5, 'river_damage': 4}",8000,Flood insurance,Personal improvements;Modest house renovations;Structual house changes;Flood insurance;Sandbags;Waterproofing walls & floors;Green garden;Water pump;Self-activating wall;Flood insurance
3,a770,-7,-1000.0,"{'rain_damage': 5, 'river_damage': 4}",4000,Personal improvements;Modest house renovations;Flood insurance,Personal improvements;Modest house renovations;Structual house changes;Flood insurance;Water pump;Sandbags;Waterproofing walls & floors;Green garden;Rain barrel;Self-activating wall;Flood insurance;Personal improvements;Modest house renovations;Flood insurance
3,a771,-34,-83000.0,"{'rain_damage': 5, 'river_damage': 4}",32000,,Personal improvements;Modest house renovations;Structual house changes;Flood insurance;Green garden
3,a772,-34,-83000.0,"{'rain_damage': 5, 'river_damage': 4}",32000,,Personal improvements;Modest house renovations;Structual house changes;Flood insurance;Green garden
3,a773,-28,-55000.0,"{'rain_damage': 5, 'river_damage': 4}",24000,,Personal improvements;Modest house renovations;Structual house changes;Flood insurance;Waterproofing walls & floors;Sandbags
3,a774,-31,-89000.0,"{'rain_damage': 5, 'river_damage': 4}",28000,,Personal improvements;Modest house renovations;Structual house changes;Flood insurance;Green garden;Sandbags
3,a775,-38,-96000.0,"{'rain_damage': 5, 'river_damage': 4}",36000,,Personal improvements;Modest house renovations;Structual house changes;Flood insurance
3,a776,-25,-34000.0,"{'rain_damage': 5, 'river_damage': 4}",20000,,Personal improvements;Modest house renovations;Structual house changes;Flood insurance;Sandbags;Waterproofing walls & floors;Water pump
3,a777,-36,-83000.0,"{'rain_damage': 5, 'river_damage': 4}",32000,,Personal improvements;Modest house renovations;Structual house changes;Sandbags
3,a778,-34,-63000.0,"{'rain_damage': 5, 'river_damage': 4}",32000,,Personal improvements;Modest house renovations;Structual house changes;Flood insurance;Green garden
3,a779,-3,8000.0,"{'rain_damage': 5, 'river_damage': 4}",4000,Personal improvements;Modest house renovations;Structual house changes;Flood insurance,Personal improvements;Modest house renovations;Structual house changes;Flood insurance;Water pump;Sandbags;Waterproofing walls & floors;Green garden;Rain barrel;Self-activating wall;Personal improvements;Modest house renovations;Flood insurance;Personal improvements;Modest house renovations;Structual house changes;Flood insurance
3,a780,-28,-55000.0,"{'rain_damage': 5, 'river_damage': 4}",24000,,Personal improvements;Modest house renovations;Structual house changes;Flood insurance;Waterproofing walls & floors;Sandbags
3,a781,-36,-83000.0,"{'rain_damage': 5, 'river_damage': 4}",32000,,Personal improvements;Modest house renovations;Structual house changes;Sandbags
3,a782,-39,-116000.0,"{'rain_damage': 5, 'river_damage': 4}",36000,,Personal improvements;Modest house renovations;Flood insurance
3,a783,-31,-89000.0,"{'rain_damage': 5, 'river_damage': 4}",28000,,Personal improvements;Modest house renovations;Structual house changes;Flood insurance;Green garden;Sandbags
3,a784,-11,-10000.0,"{'rain_damage': 5, 'river_damage': 4}",4000,,Personal improvements;Modest house renovations;Structual house changes;Flood insurance;Sandbags;Waterproofing walls & floors;Green garden;Rain barrel;Water pump;Self-activating wall
3,a785,-14,-8000.0,"{'rain_damage': 5, 'river_damage': 4}",8000,Flood insurance,Personal improvements;Modest house renovations;Structual house changes;Flood insurance;Sandbags;Waterproofing walls & floors;Green garden;Water pump;Self-activating wall;Flood insurance
3,a786,-38,-96000.0,"{'rain_damage': 5, 'river_damage': 4}",36000,,Personal improvements;Modest house renovations;Structual house changes;Flood insurance
3,a787,-24,-25000.0,"{'rain_damage': 5, 'river_damage': 4}",20000,,Personal improvements;Modest house renovations;Structual house changes;Flood insurance;Sandbags;Waterproofing walls & floors;Green garden
3,a788,-39,-114000.0,"{'rain_damage': 5, 'river_damage': 4}",36000,,Personal improvements;Modest house renovations;Flood insurance
3,a789,-2,26000.0,"{'rain_damage': 5, 'river_damage': 4}",4000,Personal improvements;Modest house renovations;Structual house changes;Flood insurance,Personal improvements;Modest house renovations;Structual house changes;Flood insurance;Water pump;Self-activating wall;Sandbags;Waterproofing walls & floors;Green garden;Rain barrel;Personal improvements;Modest house renovations;Structual house changes;Flood insurance;Personal improvements;Modest house renovations;Structual house changes;Flood insurance
3,a790,-16,-13000.0,"{'rain_damage': 5, 'river_damage': 4}",16000,Personal improvements;Modest house renovations;Structual house changes,Personal improvements;Modest house renovations;Structual house changes;Flood insurance;Sandbags;Waterproofing walls & floors;Green garden;Water pump;Flood insurance;Personal improvements;Personal improvements;Modest house renovations;Structual house changes
3,a791,-2,26000.0,"{'rain_damage': 5, 'river_damage': 4}",4000,Personal improvements;Modest house renovations;Structual house changes;Flood insurance,Personal improvements;Modest house renovations;Structual house changes;Flood insurance;Water pump;Self-activating wall;Sandbags;Waterproofing walls & floors;Green garden;Rain barrel;Personal improvements;Modest house renovations;Structual house changes;Flood insurance;Personal improvements;Modest house renovations;Structual house changes;Flood insurance
3,a792,-34,-63000.0,"{'rain_damage': 5, 'river_damage': 4}",32000,,Personal improvements;Modest house renovations;Structual house changes;Flood insurance;Green garden
3,a793,-24,-65000.0,"{'rain_damage': 5, 'river_damage': 4}",20000,,Personal improvements;Modest house renovations;Structual house changes;Flood insurance;Sandbags;Waterproofing walls & floors;Green garden
3,a794,-24,-25000.0,"{'rain_damage': 5, 'river_damage': 4}",20000,,Personal improvements;Modest house renovations;Structual house changes;Flood insurance;Sandbags;Waterproofing walls & floors;Green garden
3,a795,-36,-93000.0,"{'rain_damage': 5, 'river_damage': 4}",32000,,Personal improvements;Modest house renovations;Structual house changes;Sandbags
3,a796,-35,-59000.0,"{'rain_damage': 5, 'river_damage': 4}",32000,,Personal improvements;Modest house renovations;Structual house changes;Flood insurance;Sandbags
3,a797,-21,-44000.0,"{'rain_damage': 5, 'river_damage': 4}",16000,,Personal improvements;Modest house renovations;Structual house changes;Flood insurance;Sandbags;Waterproofing walls & floors;Green garden;Water pump
3,a798,-25,-34000.0,"{'rain_damage': 5, 'river_damage': 4}",20000,,Personal improvements;Modest house renovations;Structual house changes;Flood insurance;Sandbags;Waterproofing walls & floors;Water pump
3,a799,-24,-25000.0,"{'rain_damage': 5, 'river_damage': 4}",20000,,Personal improvements;Modest house renovations;Structual house changes;Flood insurance;Sandbags;Waterproofing walls & floors;Green garden
3,a800,-35,-74000.0,"{'rain_damage': 5, 'river_damage': 4}",32000,,Personal improvements;Modest house renovations;Structual house changes;Flood insurance;Sandbags
3,a801,-25,-34000.0,"{'rain_damage': 5, 'river_damage': 4}",20000,,Personal improvements;Modest house renovations;Structual house changes;Flood insurance;Sandbags;Waterproofing walls & floors;Water pump
3,a802,-35,-69000.0,"{'rain_damage': 5, 'river_damage': 4}",32000,,Personal improvements;Modest house renovations;Structual house changes;Flood insurance;Sandbags
3,a803,-35,-89000.0,"{'rain_damage': 5, 'river_damage': 4}",32000,,Personal improvements;Modest house renovations;Structual house changes;Flood insurance;Sandbags
3,a804,-24,-25000.0,"{'rain_damage': 5, 'river_damage': 4}",20000,,Personal improvements;Modest house renovations;Structual house changes;Flood insurance;Sandbags;Waterproofing walls & floors;Green garden
3,a805,-25,-34000.0,"{'rain_damage': 5, 'river_damage': 4}",20000,,Personal improvements;Modest house renovations;Structual house changes;Flood insurance;Sandbags;Waterproofing walls & floors;Water pump
3,a806,-21,-44000.0,"{'rain_damage': 5, 'river_damage': 4}",16000,,Personal improvements;Modest house renovations;Structual house changes;Flood insurance;Sandbags;Waterproofing walls & floors;Green garden;Water pump
3,a807,-36,-93000.0,"{'rain_damage': 5, 'river_damage': 4}",32000,,Personal improvements;Modest house renovations;Structual house changes;Sandbags
3,a808,-36,-83000.0,"{'rain_damage': 5, 'river_damage': 4}",32000,,Personal improvements;Modest house renovations;Structual house changes;Sandbags
3,a809,-35,-84000.0,"{'rain_damage': 5, 'river_damage': 4}",32000,,Personal improvements;Modest house renovations;Structual house changes;Flood insurance;Sandbags
3,a810,-35,-104000.0,"{'rain_damage': 5, 'river_damage': 4}",32000,,Personal improvements;Modest house renovations;Structual house changes;Flood insurance;Sandbags
3,a811,-35,-84000.0,"{'rain_damage': 5, 'river_damage': 4}",32000,,Personal improvements;Modest house renovations;Structual house changes;Flood insurance;Sandbags
3,a812,-39,-105000.0,"{'rain_damage': 5, 'river_damage': 4}",36000,,Personal improvements;Modest house renovations;Structual house changes
3,a813,-35,-74000.0,"{'rain_damage': 5, 'river_damage': 4}",32000,,Personal improvements;Modest house renovations;Structual house changes;Flood insurance;Sandbags
3,a814,-39,-114000.0,"{'rain_damage': 5, 'river_damage': 4}",36000,,Personal improvements;Modest house renovations;Flood insurance
3,a815,-31,-59000.0,"{'rain_damage': 5, 'river_damage': 4}",28000,,Personal improvements;Modest house renovations;Structual house changes;Flood insurance;Green garden;Sandbags
3,a816,-35,-59000.0,"{'rain_damage': 5, 'river_damage': 4}",32000,,Personal improvements;Modest house renovations;Structual house changes;Flood insurance;Sandbags
3,a817,-21,-29000.0,"{'rain_damage': 5, 'river_damage': 4}",16000,,Personal improvements;Modest house renovations;Structual house changes;Flood insurance;Sandbags;Waterproofing walls & floors;Green garden;Water pump
3,a818,-39,-105000.0,"{'rain_damage': 5, 'river_damage': 4}",36000,,Personal improvements;Modest house renovations;Structual house changes
3,a819,-28,-55000.0,"{'rain_damage': 5, 'river_damage': 4}",24000,,Personal improvements;Modest house renovations;Structual house changes;Flood insurance;Waterproofing walls & floors;Sandbags
3,a820,-3,8000.0,"{'rain_damage': 5, 'river_damage': 4}",4000,Personal improvements;Modest house renovations;Structual house changes;Flood insurance,Personal improvements;Modest house renovations;Structual house changes;Flood insurance;Water pump;Sandbags;Waterproofing walls & floors;Green garden;Rain barrel;Self-activating wall;Personal improvements;Modest house renovations;Flood insurance;Personal improvements;Modest house renovations;Structual house changes;Flood insurance
3,a821,-31,-59000.0,"{'rain_damage': 5, 'river_damage': 4}",28000,,Personal improvements;Modest house renovations;Structual house changes;Flood insurance;Green garden;Sandbags
3,a822,-35,-59000.0,"{'rain_damage': 5, 'river_damage': 4}",32000,,Personal improvements;Modest house renovations;Structual house changes;Flood insurance;Sandbags
3,a823,-7,-1000.0,"{'rain_damage': 5, 'river_damage': 4}",4000,Personal improvements;Modest house renovations;Flood insurance,Personal improvements;Modest house renovations;Structual house changes;Flood insurance;Water pump;Sandbags;Waterproofing walls & floors;Green garden;Rain barrel;Self-activating wall;Flood insurance;Personal improvements;Modest house renovations;Flood insurance
3,a824,-28,-55000.0,"{'rain_damage': 5, 'river_damage': 4}",24000,,Personal improvements;Modest house renovations;Structual house changes;Flood insurance;Waterproofing walls & floors;Sandbags
3,a825,-25,-34000.0,"{'rain_damage': 5, 'river_damage': 4}",20000,,Personal improvements;Modest house renovations;Structual house changes;Flood insurance;Sandbags;Waterproofing walls & floors;Water pump
3,a826,-11,-10000.0,"{'rain_damage': 5, 'river_damage': 4}",4000,,Personal improvements;Modest house renovations;Structual house changes;Flood insurance;Sandbags;Waterproofing walls & floors;Green garden;Rain barrel;Water pump;Self-activating wall
3,a827,-31,-89000.0,"{'rain_damage': 5, 'river_damage': 4}",28000,,Personal improvements;Modest house renovations;Structual house changes;Flood insurance;Green garden;Sandbags
3,a828,-35,-74000.0,"{'rain_damage': 5, 'river_damage': 4}",32000,,Personal improvements;Modest house renovations;Structual house changes;Flood insurance;Sandbags
3,a829,-3,8000.0,"{'rain_damage': 5, 'river_damage': 4}",4000,Personal improvements;Modest house renovations;Structual house changes;Flood insurance,Personal improvements;Modest house renovations;Structual house changes;Flood insurance;Water pump;Sandbags;Waterproofing walls & floors;Green garden;Rain barrel;Self-activating wall;Personal improvements;Modest house renovations;Flood insurance;Personal improvements;Modest house renovations;Structual house changes;Flood insurance
3,a830,-20,-20000.0,"{'rain_damage': 5, 'river_damage': 4}",20000,Personal improvements;Modest house renovations;Structual house changes,Personal improvements;Modest house renovations;Structual house changes;Flood insurance;Sandbags;Waterproofing walls & floors;Green garden;Flood insurance;Personal improvements;Modest house renovations;Structual house changes
3,a831,-35,-89000.0,"{'rain_damage': 5, 'river_damage': 4}",32000,,Personal improvements;Modest house renovations;Structual house changes;Flood insurance;Sandbags
3,a832,-35,-89000.0,"{'rain_damage': 5, 'river_damage': 4}",32000,,Personal improvements;Modest house renovations;Structual house changes;Flood insurance;Sandbags
3,a833,-10,-1000.0,"{'rain_damage': 5, 'river_damage': 4}",4000,Flood insurance,Personal improvements;Modest house renovations;Structual house changes;Flood insurance;Water pump;Sandbags;Waterproofing walls & floors;Green garden;Rain barrel;Self-activating wall;Flood insurance
3,a834,-36,-102000.0,"{'rain_damage': 5, 'river_damage': 4}",32000,,Personal improvements;Modest house renovations;Flood insurance;Sandbags
3,a835,-34,-63000.0,"{'rain_damage': 5, 'river_damage': 4}",32000,,Personal improvements;Modest house renovations;Structual house changes;Flood insurance;Green garden
3,a836,-24,-65000.0,"{'rain_damage': 5, 'river_damage': 4}",20000,,Personal improvements;Modest house renovations;Structual house changes;Flood insurance;Sandbags;Waterproofing walls & floors;Green garden
3,a837,-36,-83000.0,"{'rain_damage': 5, 'river_damage': 4}",32000,,Personal improvements;Modest house renovations;Structual house changes;Sandbags
3,a838,-24,-25000.0,"{'rain_damage': 5, 'river_damage': 4}",20000,,Personal improvements;Modest house renovations;Structual house changes;Flood insurance;Sandbags;Waterproofing walls & floors;Green garden
3,a839,-35,-59000.0,"{'rain_damage': 5, 'river_damage': 4}",32000,,Personal improvements;Modest house renovations;Structual house changes;Flood insurance;Sandbags
3,a840,-35,-104000.0,"{'rain_damage': 5, 'river_damage': 4}",32000,,Personal improvements;Modest house renovations;Structual house changes;Flood insurance;Sandbags
3,a841,-10,-1000.0,"{'rain_damage': 5, 'river_damage': 4}",4000,Flood insurance,Personal improvements;Modest house renovations;Structual house changes;Flood insurance;Water pump;Sandbags;Waterproofing walls & floors;Green garden;Rain barrel;Self-activating wall;Flood insurance
3,a842,-39,-116000.0,"{'rain_damage': 5, 'river_damage': 4}",36000,,Personal improvements;Modest house renovations;Flood insurance
3,a843,-21,-16000.0,"{'rain_damage': 5, 'river_damage': 4}",20000,Personal improvements;Modest house renovations;Structual house changes,Personal improvements;Modest house renovations;Structual house changes;Flood insurance;Sandbags;Waterproofing walls & floors;Water pump;Flood insurance;Personal improvements;Modest house renovations;Structual house changes
3,a844,-21,-29000.0,"{'rain_damage': 5, 'river_damage': 4}",16000,,Personal improvements;Modest house renovations;Structual house changes;Flood insurance;Sandbags;Waterproofing walls & floors;Green garden;Water pump
3,a845,-35,-59000.0,"{'rain_damage': 5, 'river_damage': 4}",32000,,Personal improvements;Modest house renovations;Structual house changes;Flood insurance;Sandbags
3,a846,-21,-44000.0,"{'rain_damage': 5, 'river_damage': 4}",16000,,Personal improvements;Modest house renovations;Structual house changes;Flood insurance;Sandbags;Waterproofing walls & floors;Green garden;Water pump
3,a847,-36,-93000.0,"{'rain_damage': 5, 'river_damage': 4}",32000,,Personal improvements;Modest house renovations;Structual house changes;Sandbags
3,a848,-31,-59000.0,"{'rain_damage': 5, 'river_damage': 4}",28000,,Personal improvements;Modest house renovations;Structual house changes;Flood insurance;Green garden;Sandbags
3,a849,-39,-105000.0,"{'rain_damage': 5, 'river_damage': 4}",36000,,Personal improvements;Modest house renovations;Structual house changes
3,a850,-32,-51000.0,"{'rain_damage': 5, 'river_damage': 4}",28000,,Personal improvements;Modest house renovations;Structual house changes;Flood insurance;Sandbags;Water pump
3,a851,-16,-13000.0,"{'rain_damage': 5, 'river_damage': 4}",16000,Personal improvements;Modest house renovations;Structual house changes,Personal improvements;Modest house renovations;Structual house changes;Flood insurance;Sandbags;Waterproofing walls & floors;Green garden;Water pump;Flood insurance;Personal improvements;Personal improvements;Modest house renovations;Structual house changes
3,a852,-10,-4000.0,"{'rain_damage': 5, 'river_damage': 4}",4000,Personal improvements;Modest house renovations;Structual house changes;Flood insurance;Self-activating wall,Personal improvements;Modest house renovations;Structual house changes;Flood insurance;Sandbags;Waterproofing walls & floors;Green garden;Rain barrel;Water pump;Flood insurance;Personal improvements;Modest house renovations;Structual house changes;Flood insurance;Self-activating wall
3,a853,-34,-63000.0,"{'rain_damage': 5, 'river_damage': 4}",32000,,Personal improvements;Modest house renovations;Structual house changes;Flood insurance;Green garden
3,a854,-32,-51000.0,"{'rain_damage': 5, 'river_damage': 4}",28000,,Personal improvements;Modest house renovations;Structual house changes;Flood insurance;Sandbags;Water pump
3,a855,-24,-65000.0,"{'rain_damage': 5, 'river_damage': 4}",20000,,Personal improvements;Modest house renovations;Structual house changes;Flood insurance;Sandbags;Waterproofing walls & floors;Green garden
3,a856,-38,-96000.0,"{'rain_damage': 5, 'river_damage': 4}",36000,,Personal improvements;Modest house renovations;Structual house changes;Flood insurance
3,a857,-31,-59000.0,"{'rain_damage': 5, 'river_damage': 4}",28000,,Personal improvements;Modest house renovations;Structual house changes;Flood insurance;Green garden;Sandbags
3,a858,-21,-16000.0,"{'rain_damage': 5, 'river_damage': 4}",20000,Personal improvements;Modest house renovations;Structual house changes,Personal improvements;Modest house renovations;Structual house changes;Flood insurance;Sandbags;Waterproofing walls & floors;Water pump;Flood insurance;Personal improvements;Modest house renovations;Structual house changes
3,a859,-31,-89000.0,"{'rain_damage': 5, 'river_damage': 4}",28000,,Personal improvements;Modest house renovations;Structual house changes;Flood insurance;Green garden;Sandbags
3,a860,-21,-44000.0,"{'rain_damage': 5, 'river_damage': 4}",16000,,Personal improvements;Modest house renovations;Structual house changes;Flood insurance;Sandbags;Waterproofing walls & floors;Green garden;Water pump
3,a861,-35,-74000.0,"{'rain_damage': 5, 'river_damage': 4}",32000,,Personal improvements;Modest house renovations;Structual house changes;Flood insurance;Sandbags
3,a862,-39,-105000.0,"{'rain_damage': 5, 'river_damage': 4}",36000,,Personal improvements;Modest house renovations;Structual house changes
3,a863,-35,-69000.0,"{'rain_damage': 5, 'river_damage': 4}",32000,,Personal improvements;Modest house renovations;Structual house changes;Flood insurance;Sandbags
3,a864,-16,-13000.0,"{'rain_damage': 5, 'river_damage': 4}",16000,Personal improvements;Modest house renovations;Structual house changes,Personal improvements;Modest house renovations;Structual house changes;Flood insurance;Sandbags;Waterproofing walls & floors;Green garden;Water pump;Flood insurance;Personal improvements;Personal improvements;Modest house renovations;Structual house changes
3,a865,-24,-25000.0,"{'rain_damage': 5, 'river_damage': 4}",20000,,Personal improvements;Modest house renovations;Structual house changes;Flood insurance;Sandbags;Waterproofing walls & floors;Green garden
3,a866,-35,-89000.0,"{'rain_damage': 5, 'river_damage': 4}",32000,,Personal improvements;Modest house renovations;Structual house changes;Flood insurance;Sandbags
3,a867,-14,-8000.0,"{'rain_damage': 5, 'river_damage': 4}",8000,Flood insurance,Personal improvements;Modest house renovations;Structual house changes;Flood insurance;Sandbags;Waterproofing walls & floors;Green garden;Water pump;Self-activating wall;Flood insurance
3,a868,-10,-1000.0,"{'rain_damage': 5, 'river_damage': 4}",4000,Flood insurance,Personal improvements;Modest house renovations;Structual house changes;Flood insurance;Water pump;Sandbags;Waterproofing walls & floors;Green garden;Rain barrel;Self-activating wall;Flood insurance
3,a869,-35,-104000.0,"{'rain_damage': 5, 'river_damage': 4}",32000,,Personal improvements;Modest house renovations;Structual house changes;Flood insurance;Sandbags
3,a870,-25,-34000.0,"{'rain_damage': 5, 'river_damage': 4}",20000,,Personal improvements;Modest house renovations;Structual house changes;Flood insurance;Sandbags;Waterproofing walls & floors;Water pump
3,a871,-36,-102000.0,"{'rain_damage': 5, 'river_damage': 4}",32000,,Personal improvements;Modest house renovations;Flood insurance;Sandbags
3,a872,-35,-69000.0,"{'rain_damage': 5, 'river_damage': 4}",32000,,Personal improvements;Modest house renovations;Structual house changes;Flood insurance;Sandbags
3,a873,-36,-83000.0,"{'rain_damage': 5, 'river_damage': 4}",32000,,Personal improvements;Modest house renovations;Structual house changes;Sandbags
3,a874,-35,-89000.0,"{'rain_damage': 5, 'river_damage': 4}",32000,,Personal improvements;Modest house renovations;Structual house changes;Flood insurance;Sandbags
3,a875,-28,-55000.0,"{'rain_damage': 5, 'river_damage': 4}",24000,,Personal improvements;Modest house renovations;Structual house changes;Flood insurance;Waterproofing walls & floors;Sandbags
3,a876,-38,-96000.0,"{'rain_damage': 5, 'river_damage': 4}",36000,,Personal improvements;Modest house renovations;Structual house changes;Flood insurance
3,a877,-21,-29000.0,"{'rain_damage': 5, 'river_damage': 4}",16000,,Personal improvements;Modest house renovations;Structual house changes;Flood insurance;Sandbags;Waterproofing walls & floors;Green garden;Water pump
3,a878,-28,-55000.0,"{'rain_damage': 5, 'river_damage': 4}",24000,,Personal improvements;Modest house renovations;Structual house changes;Flood insurance;Waterproofing walls & floors;Sandbags
3,a879,-38,-96000.0,"{'rain_damage': 5, 'river_damage': 4}",36000,,Personal improvements;Modest house renovations;Structual house changes;Flood insurance
3,a880,-24,-25000.0,"{'rain_damage': 5, 'river_damage': 4}",20000,,Personal improvements;Modest house renovations;Structual house changes;Flood insurance;Sandbags;Waterproofing walls & floors;Green garden
3,a881,-9,-4000.0,"{'rain_damage': 5, 'river_damage': 4}",4000,Personal improvements;Modest house renovations,Personal improvements;Modest house renovations;Structual house changes;Flood insurance;Water pump;Sandbags;Waterproofing walls & floors;Green garden;Rain barrel;Self-activating wall;Personal improvements;Modest house renovations
3,a882,-20,-17000.0,"{'rain_damage': 5, 'river_damage': 4}",20000,Personal improvements;Modest house renovations;Structual house changes,Personal improvements;Modest house renovations;Structual house changes;Flood insurance;Sandbags;Waterproofing walls & floors;Green garden;Flood insurance;Personal improvements;Modest house renovations;Structual house changes
3,a883,-21,-44000.0,"{'rain_damage': 5, 'river_damage': 4}",16000,,Personal improvements;Modest house renovations;Structual house changes;Flood insurance;Sandbags;Waterproofing walls & floors;Green garden;Water pump
3,a884,-36,-92000.0,"{'rain_damage': 5, 'river_damage': 4}",32000,,Personal improvements;Modest house renovations;Flood insurance;Sandbags
3,a885,-20,-17000.0,"{'rain_damage': 5, 'river_damage': 4}",20000,Personal improvements;Modest house renovations;Structual house changes,Personal improvements;Modest house renovations;Structual house changes;Flood insurance;Sandbags;Waterproofing walls & floors;Green garden;Flood insurance;Personal improvements;Modest house renovations;Structual house changes
3,a886,-11,-10000.0,"{'rain_damage': 5, 'river_damage': 4}",4000,,Personal improvements;Modest house renovations;Structual house changes;Flood insurance;Sandbags;Waterproofing walls & floors;Green garden;Rain barrel;Water pump;Self-activating wall
3,a887,-9,-4000.0,"{'rain_damage': 5, 'river_damage': 4}",4000,Personal improvements;Modest house renovations,Personal improvements;Modest house renovations;Structual house changes;Flood insurance;Water pump;Sandbags;Waterproofing walls & floors;Green garden;Rain barrel;Self-activating wall;Personal improvements;Modest house renovations
3,a888,-35,-89000.0,"{'rain_damage': 5, 'river_damage': 4}",32000,,Personal improvements;Modest house renovations;Structual house changes;Flood insurance;Sandbags
3,a889,-17,-37000.0,"{'rain_damage': 5, 'river_damage': 4}",12000,,Personal improvements;Modest house renovations;Structual house changes;Flood insurance;Sandbags;Waterproofing walls & floors;Green garden;Rain barrel;Water pump
3,a890,-21,-16000.0,"{'rain_damage': 5, 'river_damage': 4}",20000,Personal improvements;Modest house renovations;Structual house changes,Personal improvements;Modest house renovations;Structual house changes;Flood insurance;Sandbags;Waterproofing walls & floors;Water pump;Flood insurance;Personal improvements;Modest house renovations;Structual house changes
3,a891,-31,-59000.0,"{'rain_damage': 5, 'river_damage': 4}",28000,,Personal improvements;Modest house renovations;Structual house changes;Flood insurance;Green garden;Sandbags
3,a892,-35,-72000.0,"{'rain_damage': 5, 'river_damage': 4}",32000,,Personal improvements;Modest house renovations;Structual house changes;Flood insurance;Sandbags
3,a893,-17,-37000.0,"{'rain_damage': 5, 'river_damage': 4}",12000,,Personal improvements;Modest house renovations;Structual house changes;Flood insurance;Sandbags;Waterproofing walls & floors;Green garden;Rain barrel;Water pump
3,a894,-32,-51000.0,"{'rain_damage': 5, 'river_damage': 4}",28000,,Personal improvements;Modest house renovations;Structual house changes;Flood insurance;Sandbags;Water pump
3,a895,-10,-4000.0,"{'rain_damage': 5, 'river_damage': 4}",4000,Personal improvements;Modest house renovations;Structual house changes;Flood insurance;Self-activating wall,Personal improvements;Modest house renovations;Structual house changes;Flood insurance;Sandbags;Waterproofing walls & floors;Green garden;Rain barrel;Water pump;Flood insurance;Personal improvements;Modest house renovations;Structual house changes;Flood insurance;Self-activating wall
3,a896,-11,-10000.0,"{'rain_damage': 5, 'river_damage': 4}",4000,,Personal improvements;Modest house renovations;Structual house changes;Flood insurance;Sandbags;Waterproofing walls & floors;Green garden;Rain barrel;Water pump;Self-activating wall
3,a897,-10,-4000.0,"{'rain_damage': 5, 'river_damage': 4}",4000,Personal improvements;Modest house renovations;Structual house changes;Flood insurance;Self-activating wall,Personal improvements;Modest house renovations;Structual house changes;Flood insurance;Sandbags;Waterproofing walls & floors;Green garden;Rain barrel;Water pump;Flood insurance;Personal improvements;Modest house renovations;Structual house changes;Flood insurance;Self-activating wall
3,a898,-38,-96000.0,"{'rain_damage': 5, 'river_damage': 4}",36000,,Personal improvements;Modest house renovations;Structual house changes;Flood insurance
3,a899,-34,-83000.0,"{'rain_damage': 5, 'river_damage': 4}",32000,,Personal improvements;Modest house renovations;Structual house changes;Flood insurance;Green garden
3,a900,-36,-83000.0,"{'rain_damage': 5, 'river_damage': 4}",32000,,Personal improvements;Modest house renovations;Structual house changes;Sandbags
3,a901,-36,-102000.0,"{'rain_damage': 5, 'river_damage': 4}",32000,,Personal improvements;Modest house renovations;Flood insurance;Sandbags
3,a902,-28,-55000.0,"{'rain_damage': 5, 'river_damage': 4}",24000,,Personal improvements;Modest house renovations;Structual house changes;Flood insurance;Waterproofing walls & floors;Sandbags
3,a903,-31,-89000.0,"{'rain_damage': 5, 'river_damage': 4}",28000,,Personal improvements;Modest house renovations;Structual house changes;Flood insurance;Green garden;Sandbags
3,a904,-2,26000.0,"{'rain_damage': 5, 'river_damage': 4}",4000,Personal improvements;Modest house renovations;Structual house changes;Flood insurance,Personal improvements;Modest house renovations;Structual house changes;Flood insurance;Water pump;Self-activating wall;Sandbags;Waterproofing walls & floors;Green garden;Rain barrel;Personal improvements;Modest house renovations;Structual house changes;Flood insurance;Personal improvements;Modest house renovations;Structual house changes;Flood insurance
3,a905,-39,-114000.0,"{'rain_damage': 5, 'river_damage': 4}",36000,,Personal improvements;Modest house renovations;Flood insurance
3,a906,-32,-51000.0,"{'rain_damage': 5, 'river_damage': 4}",28000,,Personal improvements;Modest house renovations;Structual house changes;Flood insurance;Sandbags;Water pump
3,a907,-34,-63000.0,"{'rain_damage': 5, 'river_damage': 4}",32000,,Personal improvements;Modest house renovations;Structual house changes;Flood insurance;Green garden
3,a908,-11,-10000.0,"{'rain_damage': 5, 'river_damage': 4}",4000,,Personal improvements;Modest house renovations;Structual house changes;Flood insurance;Sandbags;Waterproofing walls & floors;Green garden;Rain barrel;Water pump;Self-activating wall
3,a909,-2,26000.0,"{'rain_damage': 5, 'river_damage': 4}",4000,Personal improvements;Modest house renovations;Structual house changes;Flood insurance,Personal improvements;Modest house renovations;Structual house changes;Flood insurance;Water pump;Self-activating wall;Sandbags;Waterproofing walls & floors;Green garden;Rain barrel;Personal improvements;Modest house renovations;Structual house changes;Flood insurance;Personal improvements;Modest house renovations;Structual house changes;Flood insurance
3,a910,-10,-1000.0,"{'rain_damage': 5, 'river_damage': 4}",4000,Flood insurance,Personal improvements;Modest house renovations;Structual house changes;Flood insurance;Water pump;Sandbags;Waterproofing walls & floors;Green garden;Rain barrel;Self-activating wall;Flood insurance
3,a911,-35,-74000.0,"{'rain_damage': 5, 'river_damage': 4}",32000,,Personal improvements;Modest house renovations;Structual house changes;Flood insurance;Sandbags
3,a912,-34,-63000.0,"{'rain_damage': 5, 'river_damage': 4}",32000,,Personal improvements;Modest house renovations;Structual house changes;Flood insurance;Green garden
3,a913,-3,8000.0,"{'rain_damage': 5, 'river_damage': 4}",4000,Personal improvements;Modest house renovations;Structual house changes;Flood insurance,Personal improvements;Modest house renovations;Structual house changes;Flood insurance;Water pump;Sandbags;Waterproofing walls & floors;Green garden;Rain barrel;Self-activating wall;Personal improvements;Modest house renovations;Flood insurance;Personal improvements;Modest house renovations;Structual house changes;Flood insurance
3,a914,-25,-34000.0,"{'rain_damage': 5, 'river_damage': 4}",20000,,Personal improvements;Modest house renovations;Structual house changes;Flood insurance;Sandbags;Waterproofing walls & floors;Water pump
3,a915,-39,-114000.0,"{'rain_damage': 5, 'river_damage': 4}",36000,,Personal improvements;Modest house renovations;Flood insurance
3,a916,-36,-93000.0,"{'rain_damage': 5, 'river_damage': 4}",32000,,Personal improvements;Modest house renovations;Structual house changes;Sandbags
3,a917,-7,-1000.0,"{'rain_damage': 5, 'river_damage': 4}",4000,Personal improvements;Modest house renovations;Flood insurance,Personal improvements;Modest house renovations;Structual house changes;Flood insurance;Water pump;Sandbags;Waterproofing walls & floors;Green garden;Rain barrel;Self-activating wall;Flood insurance;Personal improvements;Modest house renovations;Flood insurance
3,a918,-39,-116000.0,"{'rain_damage': 5, 'river_damage': 4}",36000,,Personal improvements;Modest house renovations;Flood insurance
3,a919,-25,-34000.0,"{'rain_damage': 5, 'river_damage': 4}",20000,,Personal improvements;Modest house renovations;Structual house changes;Flood insurance;Sandbags;Waterproofing walls & floors;Water pump
3,a920,-16,-13000.0,"{'rain_damage': 5, 'river_damage': 4}",16000,Personal improvements;Modest house renovations;Structual house changes,Personal improvements;Modest house renovations;Structual house changes;Flood insurance;Sandbags;Waterproofing walls & floors;Green garden;Water pump;Flood insurance;Personal improvements;Personal improvements;Modest house renovations;Structual house changes
3,a921,-17,-37000.0,"{'rain_damage': 5, 'river_damage': 4}",12000,,Personal improvements;Modest house renovations;Structual house changes;Flood insurance;Sandbags;Waterproofing walls & floors;Green garden;Rain barrel;Water pump
3,a922,-9,-4000.0,"{'rain_damage': 5, 'river_damage': 4}",4000,Personal improvements;Modest house renovations,Personal improvements;Modest house renovations;Structual house changes;Flood insurance;Water pump;Sandbags;Waterproofing walls & floors;Green garden;Rain barrel;Self-activating wall;Personal improvements;Modest house renovations
3,a923,-35,-69000.0,"{'rain_damage': 5, 'river_damage': 4}",32000,,Personal improvements;Modest house renovations;Structual house changes;Flood insurance;Sandbags
3,a924,-36,-93000.0,"{'rain_damage': 5, 'river_damage': 4}",32000,,Personal improvements;Modest house renovations;Structual house changes;Sandbags
3,a925,-10,-1000.0,"{'rain_damage': 5, 'river_damage': 4}",4000,Flood insurance,Personal improvements;Modest house renovations;Structual house changes;Flood insurance;Water pump;Sandbags;Waterproofing walls & floors;Green garden;Rain barrel;Self-activating wall;Flood insurance
3,a926,-31,-89000.0,"{'rain_damage': 5, 'river_damage': 4}",28000,,Personal improvements;Modest house renovations;Structual house changes;Flood insurance;Green garden;Sandbags
3,a927,-28,-55000.0,"{'rain_damage': 5, 'river_damage': 4}",24000,,Personal improvements;Modest house renovations;Structual house changes;Flood insurance;Waterproofing walls & floors;Sandbags
3,a928,-39,-114000.0,"{'rain_damage': 5, 'river_damage': 4}",36000,,Personal improvements;Modest house renovations;Flood insurance
3,a929,-11,-10000.0,"{'rain_damage': 5, 'river_damage': 4}",4000,,Personal improvements;Modest house renovations;Structual house changes;Flood insurance;Sandbags;Waterproofing walls & floors;Green garden;Rain barrel;Water pump;Self-activating wall
3,a930,-14,-8000.0,"{'rain_damage': 5, 'river_damage': 4}",8000,Flood insurance,Personal improvements;Modest house renovations;Structual house changes;Flood insurance;Sandbags;Waterproofing walls & floors;Green garden;Water pump;Self-activating wall;Flood insurance
3,a931,-35,-74000.0,"{'rain_damage': 5, 'river_damage': 4}",32000,,Personal improvements;Modest house renovations;Structual house changes;Flood insurance;Sandbags
3,a932,-21,-16000.0,"{'rain_damage': 5, 'river_damage': 4}",20000,Personal improvements;Modest house renovations;Structual house changes,Personal improvements;Modest house renovations;Structual house changes;Flood insurance;Sandbags;Waterproofing walls & floors;Water pump;Flood insurance;Personal improvements;Modest house renovations;Structual house changes
3,a933,-39,-114000.0,"{'rain_damage': 5, 'river_damage': 4}",36000,,Personal improvements;Modest house renovations;Flood insurance
3,a934,-21,-44000.0,"{'rain_damage': 5, 'river_damage': 4}",16000,,Personal improvements;Modest house renovations;Structual house changes;Flood insurance;Sandbags;Waterproofing walls & floors;Green garden;Water pump
3,a935,-28,-40000.0,"{'rain_damage': 5, 'river_damage': 4}",24000,,Personal improvements;Modest house renovations;Structual house changes;Flood insurance;Waterproofing walls & floors;Sandbags
3,a936,-35,-89000.0,"{'rain_damage': 5, 'river_damage': 4}",32000,,Personal improvements;Modest house renovations;Structual house changes;Flood insurance;Sandbags
3,a937,-21,-29000.0,"{'rain_damage': 5, 'river_damage': 4}",16000,,Personal improvements;Modest house renovations;Structual house changes;Flood insurance;Sandbags;Waterproofing walls & floors;Green garden;Water pump
3,a938,-3,8000.0,"{'rain_damage': 5, 'river_damage': 4}",4000,Personal improvements;Modest house renovations;Structual house changes;Flood insurance,Personal improvements;Modest house renovations;Structual house changes;Flood insurance;Water pump;Sandbags;Waterproofing walls & floors;Green garden;Rain barrel;Self-activating wall;Personal improvements;Modest house renovations;Flood insurance;Personal improvements;Modest house renovations;Structual house changes;Flood insurance
3,a939,-32,-51000.0,"{'rain_damage': 5, 'river_damage': 4}",28000,,Personal improvements;Modest house renovations;Structual house changes;Flood insurance;Sandbags;Water pump
3,a940,-17,-37000.0,"{'rain_damage': 5, 'river_damage': 4}",12000,,Personal improvements;Modest house renovations;Structual house changes;Flood insurance;Sandbags;Waterproofing walls & floors;Green garden;Rain barrel;Water pump
3,a941,-20,-13000.0,"{'rain_damage': 5, 'river_damage': 4}",16000,,Personal improvements;Modest house renovations;Structual house changes;Flood insurance;Sandbags;Waterproofing walls & floors;Green garden;Rain barrel
3,a942,-28,-55000.0,"{'rain_damage': 5, 'river_damage': 4}",24000,,Personal improvements;Modest house renovations;Structual house changes;Flood insurance;Waterproofing walls & floors;Sandbags
3,a943,-36,-83000.0,"{'rain_damage': 5, 'river_damage': 4}",32000,,Personal improvements;Modest house renovations;Structual house changes;Sandbags
3,a944,-7,-1000.0,"{'rain_damage': 5, 'river_damage': 4}",4000,Personal improvements;Modest house renovations;Flood insurance,Personal improvements;Modest house renovations;Structual house changes;Flood insurance;Water pump;Sandbags;Waterproofing walls & floors;Green garden;Rain barrel;Self-activating wall;Flood insurance;Personal improvements;Modest house renovations;Flood insurance
3,a945,-36,-102000.0,"{'rain_damage': 5, 'river_damage': 4}",32000,,Personal improvements;Modest house renovations;Flood insurance;Sandbags
3,a946,-39,-114000.0,"{'rain_damage': 5, 'river_damage': 4}",36000,,Personal improvements;Modest house renovations;Flood insurance
3,a947,-20,-17000.0,"{'rain_damage': 5, 'river_damage': 4}",20000,Personal improvements;Modest house renovations;Structual house changes,Personal improvements;Modest house renovations;Structual house changes;Flood insurance;Sandbags;Waterproofing walls & floors;Green garden;Flood insurance;Personal improvements;Modest house renovations;Structual house changes
3,a948,-35,-84000.0,"{'rain_damage': 5, 'river_damage': 4}",32000,,Personal improvements;Modest house renovations;Structual house changes;Flood insurance;Sandbags
3,a949,-28,-70000.0,"{'rain_damage': 5, 'river_damage': 4}",24000,,Personal improvements;Modest house renovations;Structual house changes;Flood insurance;Waterproofing walls & floors;Sandbags
3,a950,-11,-10000.0,"{'rain_damage': 5, 'river_damage': 4}",4000,,Personal improvements;Modest house renovations;Structual house changes;Flood insurance;Sandbags;Waterproofing walls & floors;Green garden;Rain barrel;Water pump;Self-activating wall
3,a951,-35,-84000.0,"{'rain_damage': 5, 'river_damage': 4}",32000,,Personal improvements;Modest house renovations;Structual house changes;Flood insurance;Sandbags
3,a952,-35,-59000.0,"{'rain_damage': 5, 'river_damage': 4}",32000,,Personal improvements;Modest house renovations;Structual house changes;Flood insurance;Sandbags
3,a953,-10,-4000.0,"{'rain_damage': 5, 'river_damage': 4}",4000,Personal improvements;Modest house renovations;Structual house changes;Flood insurance;Self-activating wall,Personal improvements;Modest house renovations;Structual house changes;Flood insurance;Sandbags;Waterproofing walls & floors;Green garden;Rain barrel;Water pump;Flood insurance;Personal improvements;Modest house renovations;Structual house changes;Flood insurance;Self-activating wall
3,a954,-36,-102000.0,"{'rain_damage': 5, 'river_damage': 4}",32000,,Personal improvements;Modest house renovations;Flood insurance;Sandbags
3,a955,-35,-69000.0,"{'rain_damage': 5, 'river_damage': 4}",32000,,Personal improvements;Modest house renovations;Structual house changes;Flood insurance;Sandbags
3,a956,-36,-93000.0,"{'rain_damage': 5, 'river_damage': 4}",32000,,Personal improvements;Modest house renovations;Structual house changes;Sandbags
3,a957,-36,-83000.0,"{'rain_damage': 5, 'river_damage': 4}",32000,,Personal improvements;Modest house renovations;Structual house changes;Sandbags
3,a958,-39,-116000.0,"{'rain_damage': 5, 'river_damage': 4}",36000,,Personal improvements;Modest house renovations;Flood insurance
3,a959,-20,-13000.0,"{'rain_damage': 5, 'river_damage': 4}",16000,,Personal improvements;Modest house renovations;Structual house changes;Flood insurance;Sandbags;Waterproofing walls & floors;Green garden;Rain barrel
3,a960,-21,-44000.0,"{'rain_damage': 5, 'river_damage': 4}",16000,,Personal improvements;Modest house renovations;Structual house changes;Flood insurance;Sandbags;Waterproofing walls & floors;Green garden;Water pump
3,a961,-25,-34000.0,"{'rain_damage': 5, 'river_damage': 4}",20000,,Personal improvements;Modest house renovations;Structual house changes;Flood insurance;Sandbags;Waterproofing walls & floors;Water pump
3,a962,-36,-92000.0,"{'rain_damage': 5, 'river_damage': 4}",32000,,Personal improvements;Modest house renovations;Flood insurance;Sandbags
3,a963,-21,-44000.0,"{'rain_damage': 5, 'river_damage': 4}",16000,,Personal improvements;Modest house renovations;Structual house changes;Flood insurance;Sandbags;Waterproofing walls & floors;Green garden;Water pump
3,a964,-39,-114000.0,"{'rain_damage': 5, 'river_damage': 4}",36000,,Personal improvements;Modest house renovations;Flood insurance
3,a965,-9,-4000.0,"{'rain_damage': 5, 'river_damage': 4}",4000,Personal improvements;Modest house renovations,Personal improvements;Modest house renovations;Structual house changes;Flood insurance;Water pump;Sandbags;Waterproofing walls & floors;Green garden;Rain barrel;Self-activating wall;Personal improvements;Modest house renovations
3,a966,-21,-16000.0,"{'rain_damage': 5, 'river_damage': 4}",20000,Personal improvements;Modest house renovations;Structual house changes,Personal improvements;Modest house renovations;Structual house changes;Flood insurance;Sandbags;Waterproofing walls & floors;Water pump;Flood insurance;Personal improvements;Modest house renovations;Structual house changes
3,a967,-14,-8000.0,"{'rain_damage': 5, 'river_damage': 4}",8000,Flood insurance,Personal improvements;Modest house renovations;Structual house changes;Flood insurance;Sandbags;Waterproofing walls & floors;Green garden;Water pump;Self-activating wall;Flood insurance
3,a968,-7,-1000.0,"{'rain_damage': 5, 'river_damage': 4}",4000,Personal improvements;Modest house renovations;Flood insurance,Personal improvements;Modest house renovations;Structual house changes;Flood insurance;Water pump;Sandbags;Waterproofing walls & floors;Green garden;Rain barrel;Self-activating wall;Flood insurance;Personal improvements;Modest house renovations;Flood insurance
3,a969,-25,-34000.0,"{'rain_damage': 5, 'river_damage': 4}",20000,,Personal improvements;Modest house renovations;Structual house changes;Flood insurance;Sandbags;Waterproofing walls & floors;Water pump
3,a970,-28,-55000.0,"{'rain_damage': 5, 'river_damage': 4}",24000,,Personal improvements;Modest house renovations;Structual house changes;Flood insurance;Waterproofing walls & floors;Sandbags
3,a971,-34,-83000.0,"{'rain_damage': 5, 'river_damage': 4}",32000,,Personal improvements;Modest house renovations;Structual house changes;Flood insurance;Green garden
3,a972,-20,-17000.0,"{'rain_damage': 5, 'river_damage': 4}",20000,Personal improvements;Modest house renovations;Structual house changes,Personal improvements;Modest house renovations;Structual house changes;Flood insurance;Sandbags;Waterproofing walls & floors;Green garden;Flood insurance;Personal improvements;Modest house renovations;Structual house changes
3,a973,-9,-4000.0,"{'rain_damage': 5, 'river_damage': 4}",4000,Personal improvements;Modest house renovations,Personal improvements;Modest house renovations;Structual house changes;Flood insurance;Water pump;Sandbags;Waterproofing walls & floors;Green garden;Rain barrel;Self-activating wall;Personal improvements;Modest house renovations
3,a974,-39,-116000.0,"{'rain_damage': 5, 'river_damage': 4}",36000,,Personal improvements;Modest house renovations;Flood insurance
3,a975,-39,-116000.0,"{'rain_damage': 5, 'river_damage': 4}",36000,,Personal improvements;Modest house renovations;Flood insurance
3,a976,-10,-4000.0,"{'rain_damage': 5, 'river_damage': 4}",4000,Personal improvements;Modest house renovations;Structual house changes;Flood insurance;Self-activating wall,Personal improvements;Modest house renovations;Structual house changes;Flood insurance;Sandbags;Waterproofing walls & floors;Green garden;Rain barrel;Water pump;Flood insurance;Personal improvements;Modest house renovations;Structual house changes;Flood insurance;Self-activating wall
3,a977,-35,-59000.0,"{'rain_damage': 5, 'river_damage': 4}",32000,,Personal improvements;Modest house renovations;Structual house changes;Flood insurance;Sandbags
3,a978,-39,-105000.0,"{'rain_damage': 5, 'river_damage': 4}",36000,,Personal improvements;Modest house renovations;Structual house changes
3,a979,-35,-69000.0,"{'rain_damage': 5, 'river_damage': 4}",32000,,Personal improvements;Modest house renovations;Structual house changes;Flood insurance;Sandbags
3,a980,-35,-84000.0,"{'rain_damage': 5, 'river_damage': 4}",32000,,Personal improvements;Modest house renovations;Structual house changes;Flood insurance;Sandbags
3,a981,-35,-69000.0,"{'rain_damage': 5, 'river_damage': 4}",32000,,Personal improvements;Modest house renovations;Structual house changes;Flood insurance;Sandbags
3,a982,-14,-8000.0,"{'rain_damage': 5, 'river_damage': 4}",8000,Flood insurance,Personal improvements;Modest house renovations;Structual house changes;Flood insurance;Sandbags;Waterproofing walls & floors;Green garden;Water pump;Self-activating wall;Flood insurance
3,a983,-35,-84000.0,"{'rain_damage': 5, 'river_damage': 4}",32000,,Personal improvements;Modest house renovations;Structual house changes;Flood insurance;Sandbags
3,a984,-34,-83000.0,"{'rain_damage': 5, 'river_damage': 4}",32000,,Personal improvements;Modest house renovations;Structual house changes;Flood insurance;Green garden
3,a985,-35,-84000.0,"{'rain_damage': 5, 'river_damage': 4}",32000,,Personal improvements;Modest house renovations;Structual house changes;Flood insurance;Sandbags
3,a986,-31,-89000.0,"{'rain_damage': 5, 'river_damage': 4}",28000,,Personal improvements;Modest house renovations;Structual house changes;Flood insurance;Green garden;Sandbags
3,a987,-36,-92000.0,"{'rain_damage': 5, 'river_damage': 4}",32000,,Personal improvements;Modest house renovations;Flood insurance;Sandbags
3,a988,-21,-44000.0,"{'rain_damage': 5, 'river_damage': 4}",16000,,Personal improvements;Modest house renovations;Structual house changes;Flood insurance;Sandbags;Waterproofing walls & floors;Green garden;Water pump
3,a989,-16,-13000.0,"{'rain_damage': 5, 'river_damage': 4}",16000,Personal improvements;Modest house renovations;Structual house changes,Personal improvements;Modest house renovations;Structual house changes;Flood insurance;Sandbags;Waterproofing walls & floors;Green garden;Water pump;Flood insurance;Personal improvements;Personal improvements;Modest house renovations;Structual house changes
3,a990,-20,-13000.0,"{'rain_damage': 5, 'river_damage': 4}",16000,,Personal improvements;Modest house renovations;Structual house changes;Flood insurance;Sandbags;Waterproofing walls & floors;Green garden;Rain barrel
3,a991,-39,-116000.0,"{'rain_damage': 5, 'river_damage': 4}",36000,,Personal improvements;Modest house renovations;Flood insurance
3,a992,-35,-59000.0,"{'rain_damage': 5, 'river_damage': 4}",32000,,Personal improvements;Modest house renovations;Structual house changes;Flood insurance;Sandbags
3,a993,-10,-4000.0,"{'rain_damage': 5, 'river_damage': 4}",4000,Personal improvements;Modest house renovations;Structual house changes;Flood insurance;Self-activating wall,Personal improvements;Modest house renovations;Structual house changes;Flood insurance;Sandbags;Waterproofing walls & floors;Green garden;Rain barrel;Water pump;Flood insurance;Personal improvements;Modest house renovations;Structual house changes;Flood insurance;Self-activating wall
3,a994,-24,-65000.0,"{'rain_damage': 5, 'river_damage': 4}",20000,,Personal improvements;Modest house renovations;Structual house changes;Flood insurance;Sandbags;Waterproofing walls & floors;Green garden
3,a995,-28,-40000.0,"{'rain_damage': 5, 'river_damage': 4}",24000,,Personal improvements;Modest house renovations;Structual house changes;Flood insurance;Waterproofing walls & floors;Sandbags
3,a996,-35,-72000.0,"{'rain_damage': 5, 'river_damage': 4}",32000,,Personal improvements;Modest house renovations;Structual house changes;Flood insurance;Sandbags
3,a997,-35,-59000.0,"{'rain_damage': 5, 'river_damage': 4}",32000,,Personal improvements;Modest house renovations;Structual house changes;Flood insurance;Sandbags
3,a998,-10,-4000.0,"{'rain_damage': 5, 'river_damage': 4}",4000,Personal improvements;Modest house renovations;Structual house changes;Flood insurance;Self-activating wall,Personal improvements;Modest house renovations;Structual house changes;Flood insurance;Sandbags;Waterproofing walls & floors;Green garden;Rain barrel;Water pump;Flood insurance;Personal improvements;Modest house renovations;Structual house changes;Flood insurance;Self-activating wall
3,a999,-34,-63000.0,"{'rain_damage': 5, 'river_damage': 4}",32000,,Personal improvements;Modest house renovations;Structual house changes;Flood insurance;Green garden
3,a1000,-36,-93000.0,"{'rain_damage': 5, 'river_damage': 4}",32000,,Personal improvements;Modest house renovations;Structual house changes;Sandbags
4,a1,-41,-59000.0,"{'rain_damage': 1, 'river_damage': 1}",16000,,Personal improvements;Modest house renovations;Structual house changes;Sandbags
4,a2,-36,-13000.0,"{'rain_damage': 1, 'river_damage': 1}",12000,,Personal improvements;Modest house renovations;Structual house changes;Flood insurance;Sandbags;Water pump
4,a3,-40,-25000.0,"{'rain_damage': 1, 'river_damage': 1}",16000,,Personal improvements;Modest house renovations;Structual house changes;Flood insurance;Sandbags
4,a4,-24,-3000.0,"{'rain_damage': 1, 'river_damage': 1}",4000,Personal improvements;Modest house renovations,Personal improvements;Modest house renovations;Structual house changes;Flood insurance;Sandbags;Waterproofing walls & floors;Green garden;Personal improvements;Modest house renovations
4,a5,-45,-106000.0,"{'rain_damage': 1, 'river_damage': 1}",20000,,Personal improvements;Modest house renovations;Flood insurance
4,a6,-40,-90000.0,"{'rain_damage': 1, 'river_damage': 1}",16000,,Personal improvements;Modest house renovations;Structual house changes;Flood insurance;Sandbags
4,a7,-35,-26000.0,"{'rain_damage': 1, 'river_damage': 1}",12000,,Personal improvements;Modest house renovations;Structual house changes;Flood insurance;Green garden;Sandbags
4,a8,-9,1000.0,"{'rain_damage': 1, 'river_damage': 1}",0,Personal improvements;Modest house renovations,Personal improvements;Modest house renovations;Structual house changes;Flood insurance;Sandbags;Waterproofing walls & floors;Green garden;Rain barrel;Water pump;Self-activating wall;Personal improvements;Modest house renovations
4,a9,-24,-3000.0,"{'rain_damage': 1, 'river_damage': 1}",4000,Personal improvements;Modest house renovations,Personal improvements;Modest house renovations;Structual house changes;Flood insurance;Sandbags;Waterproofing walls & floors;Green garden;Personal improvements;Modest house renovations
4,a10,-40,-90000.0,"{'rain_damage': 1, 'river_damage': 1}",16000,,Personal improvements;Modest house renovations;Structual house changes;Flood insurance;Sandbags
4,a11,-44,-76000.0,"{'rain_damage': 1, 'river_damage': 1}",20000,,Personal improvements;Modest house renovations;Structual house changes;Flood insurance
4,a12,-9,1000.0,"{'rain_damage': 1, 'river_damage': 1}",0,Personal improvements;Modest house renovations,Personal improvements;Modest house renovations;Structual house changes;Flood insurance;Sandbags;Waterproofing walls & floors;Green garden;Rain barrel;Water pump;Self-activating wall;Personal improvements;Modest house renovations
4,a13,-17,1000.0,"{'rain_damage': 1, 'river_damage': 1}",4000,Personal improvements;Modest house renovations;Structual house changes;Flood insurance;Green garden,Personal improvements;Modest house renovations;Structual house changes;Flood insurance;Sandbags;Waterproofing walls & floors;Water pump;Flood insurance;Personal improvements;Modest house renovations;Structual house changes;Personal improvements;Modest house renovations;Structual house changes;Flood insurance;Green garden
4,a14,-31,-43000.0,"{'rain_damage': 1, 'river_damage': 1}",8000,,Personal improvements;Modest house renovations;Structual house changes;Flood insurance;Waterproofing walls & floors;Sandbags
4,a15,-19,-11000.0,"{'rain_damage': 1, 'river_damage': 1}",4000,,Personal improvements;Modest house renovations;Structual house changes;Flood insurance;Sandbags;Waterproofing walls & floors;Green garden;Rain barrel;Water pump
4,a16,-17,3000.0,"{'rain_damage': 1, 'river_damage': 1}",4000,Personal improvements;Modest house renovations;Structual house changes;Flood insurance;Water pump,Personal improvements;Modest house renovations;Structual house changes;Flood insurance;Sandbags;Waterproofing walls & floors;Green garden;Flood insurance;Personal improvements;Modest house renovations;Structual house changes;Personal improvements;Modest house renovations;Structual house changes;Flood insurance;Water pump
4,a17,-40,-70000.0,"{'rain_damage': 1, 'river_damage': 1}",16000,,Personal improvements;Modest house renovations;Structual house changes;Flood insurance;Sandbags
4,a18,-6,29000.0,"{'rain_damage': 1, 'river_damage': 1}",0,Personal improvements;Modest house renovations;Structual house changes;Flood insurance,Personal improvements;Modest house renovations;Structual house changes;Flood insurance;Sandbags;Waterproofing walls & floors;Green garden;Rain barrel;Water pump;Flood insurance;Personal improvements;Modest house renovations;Structual house changes;Flood insurance;Self-activating wall;Personal improvements;Modest house renovations;Structual house changes;Flood insurance
4,a19,-44,-76000.0,"{'rain_damage': 1, 'river_damage': 1}",20000,,Personal improvements;Modest house renovations;Structual house changes;Flood insurance
4,a20,-19,-11000.0,"{'rain_damage': 1, 'river_damage': 1}",4000,,Personal improvements;Modest house renovations;Structual house changes;Flood insurance;Sandbags;Waterproofing walls & floors;Green garden;Rain barrel;Water pump
4,a21,-26,-39000.0,"{'rain_damage': 1, 'river_damage': 1}",4000,,Personal improvements;Modest house renovations;Structual house changes;Flood insurance;Sandbags;Waterproofing walls & floors;Green garden
4,a22,-39,-59000.0,"{'rain_damage': 1, 'river_damage': 1}",16000,,Personal improvements;Modest house renovations;Structual house changes;Flood insurance;Green garden
4,a23,-40,-45000.0,"{'rain_damage': 1, 'river_damage': 1}",16000,,Personal improvements;Modest house renovations;Structual house changes;Flood insurance;Sandbags
4,a24,-19,-11000.0,"{'rain_damage': 1, 'river_damage': 1}",4000,,Personal improvements;Modest house renovations;Structual house changes;Flood insurance;Sandbags;Waterproofing walls & floors;Green garden;Rain barrel;Water pump
4,a25,-35,-26000.0,"{'rain_damage': 1, 'river_damage': 1}",12000,,Personal improvements;Modest house renovations;Structual house changes;Flood insurance;Green garden;Sandbags
4,a26,-40,-45000.0,"{'rain_damage': 1, 'river_damage': 1}",16000,,Personal improvements;Modest house renovations;Structual house changes;Flood insurance;Sandbags
4,a27,2,59000.0,"{'rain_damage': 1, 'river_damage': 1}",0,Personal improvements;Modest house renovations;Structual house changes;Flood insurance,Personal improvements;Modest house renovations;Structual house changes;Flood insurance;Water pump;Self-activating wall;Sandbags;Waterproofing walls & floors;Green garden;Rain barrel;Personal improvements;Modest house renovations;Structual house changes;Flood insurance;Personal improvements;Modest house renovations;Structual house changes;Flood insurance;Personal improvements;Modest house renovations;Structual house changes;Flood insurance
4,a28,-17,6000.0,"{'rain_damage': 1, 'river_damage': 1}",4000,Personal improvements;Modest house renovations;Structual house changes;Flood insurance;Water pump,Personal improvements;Modest house renovations;Structual house changes;Flood insurance;Sandbags;Waterproofing walls & floors;Green garden;Flood insurance;Personal improvements;Modest house renovations;Structual house changes;Personal improvements;Modest house renovations;Structual house changes;Flood insurance;Water pump
4,a29,-40,-25000.0,"{'rain_damage': 1, 'river_damage': 1}",16000,,Personal improvements;Modest house renovations;Structual house changes;Flood insurance;Sandbags
4,a30,-41,-59000.0,"{'rain_damage': 1, 'river_damage': 1}",16000,,Personal improvements;Modest house renovations;Structual house changes;Sandbags
4,a31,-26,-39000.0,"{'rain_damage': 1, 'river_damage': 1}",4000,,Personal improvements;Modest house renovations;Structual house changes;Flood insurance;Sandbags;Waterproofing walls & floors;Green garden
4,a32,2,59000.0,"{'rain_damage': 1, 'river_damage': 1}",0,Personal improvements;Modest house renovations;Structual house changes;Flood insurance,Personal improvements;Modest house renovations;Structual house changes;Flood insurance;Water pump;Self-activating wall;Sandbags;Waterproofing walls & floors;Green garden;Rain barrel;Personal improvements;Modest house renovations;Structual house changes;Flood insurance;Personal improvements;Modest house renovations;Structual house changes;Flood insurance;Personal improvements;Modest house renovations;Structual house changes;Flood insurance
4,a33,-26,-39000.0,"{'rain_damage': 1, 'river_damage': 1}",4000,,Personal improvements;Modest house renovations;Structual house changes;Flood insurance;Sandbags;Waterproofing walls & floors;Green garden
4,a34,-30,-4000.0,"{'rain_damage': 1, 'river_damage': 1}",8000,Flood insurance,Personal improvements;Modest house renovations;Structual house changes;Flood insurance;Waterproofing walls & floors;Sandbags;Flood insurance
4,a35,1,41000.0,"{'rain_damage': 1, 'river_damage': 1}",0,Personal improvements;Modest house renovations;Structual house changes;Flood insurance,Personal improvements;Modest house renovations;Structual house changes;Flood insurance;Water pump;Sandbags;Waterproofing walls & floors;Green garden;Rain barrel;Self-activating wall;Personal improvements;Modest house renovations;Flood insurance;Personal improvements;Modest house renovations;Structual house changes;Flood insurance;Personal improvements;Modest house renovations;Structual house changes;Flood insurance
4,a36,-9,1000.0,"{'rain_damage': 1, 'river_damage': 1}",0,Personal improvements;Modest house renovations,Personal improvements;Modest house renovations;Structual house changes;Flood insurance;Sandbags;Waterproofing walls & floors;Green garden;Rain barrel;Water pump;Self-activating wall;Personal improvements;Modest house renovations
4,a37,-9,1000.0,"{'rain_damage': 1, 'river_damage': 1}",0,Personal improvements;Modest house renovations,Personal improvements;Modest house renovations;Structual house changes;Flood insurance;Sandbags;Waterproofing walls & floors;Green garden;Rain barrel;Water pump;Self-activating wall;Personal improvements;Modest house renovations
4,a38,-9,1000.0,"{'rain_damage': 1, 'river_damage': 1}",0,Personal improvements;Modest house renovations,Personal improvements;Modest house renovations;Structual house changes;Flood insurance;Sandbags;Waterproofing walls & floors;Green garden;Rain barrel;Water pump;Self-activating wall;Personal improvements;Modest house renovations
4,a39,-35,-71000.0,"{'rain_damage': 1, 'river_damage': 1}",12000,,Personal improvements;Modest house renovations;Structual house changes;Flood insurance;Green garden;Sandbags
4,a40,-30,-4000.0,"{'rain_damage': 1, 'river_damage': 1}",8000,Flood insurance,Personal improvements;Modest house renovations;Structual house changes;Flood insurance;Waterproofing walls & floors;Sandbags;Flood insurance
4,a41,-7,3000.0,"{'rain_damage': 1, 'river_damage': 1}",0,Personal improvements;Modest house renovations;Structual house changes,Personal improvements;Modest house renovations;Structual house changes;Flood insurance;Water pump;Sandbags;Waterproofing walls & floors;Green garden;Rain barrel;Self-activating wall;Flood insurance;Personal improvements;Modest house renovations;Structual house changes
4,a42,-40,-70000.0,"{'rain_damage': 1, 'river_damage': 1}",16000,,Personal improvements;Modest house renovations;Structual house changes;Flood insurance;Sandbags
4,a43,-40,-43000.0,"{'rain_damage': 1, 'river_damage': 1}",16000,,Personal improvements;Modest house renovations;Structual house changes;Flood insurance;Sandbags
4,a44,-31,-23000.0,"{'rain_damage': 1, 'river_damage': 1}",8000,,Personal improvements;Modest house renovations;Structual house changes;Flood insurance;Waterproofing walls & floors;Sandbags
4,a45,-41,-88000.0,"{'rain_damage': 1, 'river_damage': 1}",16000,,Personal improvements;Modest house renovations;Flood insurance;Sandbags
4,a46,-45,-106000.0,"{'rain_damage': 1, 'river_damage': 1}",20000,,Personal improvements;Modest house renovations;Flood insurance
4,a47,-25,1000.0,"{'rain_damage': 1, 'river_damage': 1}",4000,Flood insurance,Personal improvements;Modest house renovations;Structual house changes;Flood insurance;Sandbags;Waterproofing walls & floors;Water pump;Flood insurance
4,a48,-31,-23000.0,"{'rain_damage': 1, 'river_damage': 1}",8000,,Personal improvements;Modest house renovations;Structual house changes;Flood insurance;Waterproofing walls & floors;Sandbags
4,a49,-7,3000.0,"{'rain_damage': 1, 'river_damage': 1}",0,Personal improvements;Modest house renovations;Structual house changes,Personal improvements;Modest house renovations;Structual house changes;Flood insurance;Water pump;Sandbags;Waterproofing walls & floors;Green garden;Rain barrel;Self-activating wall;Flood insurance;Personal improvements;Modest house renovations;Structual house changes
4,a50,-13,-4000.0,"{'rain_damage': 1, 'river_damage': 1}",4000,Personal improvements;Modest house renovations;Structual house changes;Flood insurance;Rain barrel,Personal improvements;Modest house renovations;Structual house changes;Flood insurance;Sandbags;Waterproofing walls & floors;Green garden;Water pump;Flood insurance;Personal improvements;Personal improvements;Modest house renovations;Structual house changes;Personal improvements;Modest house renovations;Structual house changes;Flood insurance;Rain barrel
4,a51,-45,-106000.0,"{'rain_damage': 1, 'river_damage': 1}",20000,,Personal improvements;Modest house renovations;Flood insurance
4,a52,-19,-3000.0,"{'rain_damage': 1, 'river_damage': 1}",4000,Personal improvements;Modest house renovations;Structual house changes,Personal improvements;Modest house renovations;Structual house changes;Flood insurance;Sandbags;Waterproofing walls & floors;Green garden;Rain barrel;Personal improvements;Modest house renovations;Structual house changes
4,a53,-44,-76000.0,"{'rain_damage': 1, 'river_damage': 1}",20000,,Personal improvements;Modest house renovations;Structual house changes;Flood insurance
4,a54,-3,7000.0,"{'rain_damage': 1, 'river_damage': 1}",0,Personal improvements;Modest house renovations;Structual house changes;Flood insurance,Personal improvements;Modest house renovations;Structual house changes;Flood insurance;Water pump;Sandbags;Waterproofing walls & floors;Green garden;Rain barrel;Self-activating wall;Flood insurance;Personal improvements;Modest house renovations;Flood insurance;Personal improvements;Modest house renovations;Structual house changes;Flood insurance
4,a55,-45,-106000.0,"{'rain_damage': 1, 'river_damage': 1}",20000,,Personal improvements;Modest house renovations;Flood insurance
4,a56,-7,3000.0,"{'rain_damage': 1, 'river_damage': 1}",0,Personal improvements;Modest house renovations;Structual house changes,Personal improvements;Modest house renovations;Structual house changes;Flood insurance;Water pump;Sandbags;Waterproofing walls & floors;Green garden;Rain barrel;Self-activating wall;Flood insurance;Personal improvements;Modest house renovations;Structual house changes
4,a57,-41,-59000.0,"{'rain_damage': 1, 'river_damage': 1}",16000,,Personal improvements;Modest house renovations;Structual house changes;Sandbags
4,a58,-19,-3000.0,"{'rain_damage': 1, 'river_damage': 1}",4000,Personal improvements;Modest house renovations;Structual house changes,Personal improvements;Modest house renovations;Structual house changes;Flood insurance;Sandbags;Waterproofing walls & floors;Green garden;Rain barrel;Personal improvements;Modest house renovations;Structual house changes
4,a59,1,41000.0,"{'rain_damage': 1, 'river_damage': 1}",0,Personal improvements;Modest house renovations;Structual house changes;Flood insurance,Personal improvements;Modest house renovations;Structual house changes;Flood insurance;Water pump;Sandbags;Waterproofing walls & floors;Green garden;Rain barrel;Self-activating wall;Personal improvements;Modest house renovations;Flood insurance;Personal improvements;Modest house renovations;Structual house changes;Flood insurance;Personal improvements;Modest house renovations;Structual house changes;Flood insurance
4,a60,-3,7000.0,"{'rain_damage': 1, 'river_damage': 1}",0,Personal improvements;Modest house renovations;Structual house changes;Flood insurance,Personal improvements;Modest house renovations;Structual house changes;Flood insurance;Water pump;Sandbags;Waterproofing walls & floors;Green garden;Rain barrel;Self-activating wall;Flood insurance;Personal improvements;Modest house renovations;Flood insurance;Personal improvements;Modest house renovations;Structual house changes;Flood insurance
4,a61,-40,-43000.0,"{'rain_damage': 1, 'river_damage': 1}",16000,,Personal improvements;Modest house renovations;Structual house changes;Flood insurance;Sandbags
4,a62,-40,-25000.0,"{'rain_damage': 1, 'river_damage': 1}",16000,,Personal improvements;Modest house renovations;Structual house changes;Flood insurance;Sandbags
4,a63,-40,-25000.0,"{'rain_damage': 1, 'river_damage': 1}",16000,,Personal improvements;Modest house renovations;Structual house changes;Flood insurance;Sandbags
4,a64,-41,-73000.0,"{'rain_damage': 1, 'river_damage': 1}",16000,,Personal improvements;Modest house renovations;Flood insurance;Sandbags
4,a65,-40,-90000.0,"{'rain_damage': 1, 'river_damage': 1}",16000,,Personal improvements;Modest house renovations;Structual house changes;Flood insurance;Sandbags
4,a66,-6,5000.0,"{'rain_damage': 1, 'river_damage': 1}",0,Personal improvements;Modest house renovations;Structual house changes,Personal improvements;Modest house renovations;Structual house changes;Flood insurance;Water pump;Sandbags;Waterproofing walls & floors;Green garden;Rain barrel;Self-activating wall;Personal improvements;Modest house renovations;Personal improvements;Modest house renovations;Structual house changes
4,a67,-17,3000.0,"{'rain_damage': 1, 'river_damage': 1}",4000,Personal improvements;Modest house renovations;Structual house changes;Flood insurance;Water pump,Personal improvements;Modest house renovations;Structual house changes;Flood insurance;Sandbags;Waterproofing walls & floors;Green garden;Flood insurance;Personal improvements;Modest house renovations;Structual house changes;Personal improvements;Modest house renovations;Structual house changes;Flood insurance;Water pump
4,a68,-3,7000.0,"{'rain_damage': 1, 'river_damage': 1}",0,Personal improvements;Modest house renovations;Structual house changes;Flood insurance,Personal improvements;Modest house renovations;Structual house changes;Flood insurance;Water pump;Sandbags;Waterproofing walls & floors;Green garden;Rain barrel;Self-activating wall;Flood insurance;Personal improvements;Modest house renovations;Flood insurance;Personal improvements;Modest house renovations;Structual house changes;Flood insurance
4,a69,-41,-74000.0,"{'rain_damage': 1, 'river_damage': 1}",16000,,Personal improvements;Modest house renovations;Structual house changes;Sandbags
4,a70,-30,-4000.0,"{'rain_damage': 1, 'river_damage': 1}",8000,Flood insurance,Personal improvements;Modest house renovations;Structual house changes;Flood insurance;Waterproofing walls & floors;Sandbags;Flood insurance
4,a71,-11,1000.0,"{'rain_damage': 1, 'river_damage': 1}",0,Personal improvements;Modest house renovations;Structual house changes,Personal improvements;Modest house renovations;Structual house changes;Flood insurance;Sandbags;Waterproofing walls & floors;Green garden;Water pump;Self-activating wall;Flood insurance;Personal improvements;Modest house renovations;Structual house changes
4,a72,-40,-70000.0,"{'rain_damage': 1, 'river_damage': 1}",16000,,Personal improvements;Modest house renovations;Structual house changes;Flood insurance;Sandbags
4,a73,-23,-13000.0,"{'rain_damage': 1, 'river_damage': 1}",4000,,Personal improvements;Modest house renovations;Structual house changes;Flood insurance;Sandbags;Waterproofing walls & floors;Green garden;Water pump
4,a74,-45,-106000.0,"{'rain_damage': 1, 'river_damage': 1}",20000,,Personal improvements;Modest house renovations;Flood insurance
4,a75,-41,-73000.0,"{'rain_damage': 1, 'river_damage': 1}",16000,,Personal improvements;Modest house renovations;Flood insurance;Sandbags
4,a76,-23,-13000.0,"{'rain_damage': 1, 'river_damage': 1}",4000,,Personal improvements;Modest house renovations;Structual house changes;Flood insurance;Sandbags;Waterproofing walls & floors;Green garden;Water pump
4,a77,-7,3000.0,"{'rain_damage': 1, 'river_damage': 1}",0,Personal improvements;Modest house renovations;Structual house changes,Personal improvements;Modest house renovations;Structual house changes;Flood insurance;Water pump;Sandbags;Waterproofing walls & floors;Green garden;Rain barrel;Self-activating wall;Flood insurance;Personal improvements;Modest house renovations;Structual house changes
4,a78,-23,-13000.0,"{'rain_damage': 1, 'river_damage': 1}",4000,,Personal improvements;Modest house renovations;Structual house changes;Flood insurance;Sandbags;Waterproofing walls & floors;Green garden;Water pump
4,a79,-17,6000.0,"{'rain_damage': 1, 'river_damage': 1}",4000,Personal improvements;Modest house renovations;Structual house changes;Flood insurance;Water pump,Personal improvements;Modest house renovations;Structual house changes;Flood insurance;Sandbags;Waterproofing walls & floors;Green garden;Flood insurance;Personal improvements;Modest house renovations;Structual house changes;Personal improvements;Modest house renovations;Structual house changes;Flood insurance;Water pump
4,a80,-36,-13000.0,"{'rain_damage': 1, 'river_damage': 1}",12000,,Personal improvements;Modest house renovations;Structual house changes;Flood insurance;Sandbags;Water pump
4,a81,-40,-60000.0,"{'rain_damage': 1, 'river_damage': 1}",16000,,Personal improvements;Modest house renovations;Structual house changes;Flood insurance;Sandbags
4,a82,-45,-90000.0,"{'rain_damage': 1, 'river_damage': 1}",20000,,Personal improvements;Modest house renovations;Structual house changes
4,a83,-45,-104000.0,"{'rain_damage': 1, 'river_damage': 1}",20000,,Personal improvements;Modest house renovations;Flood insurance
4,a84,-6,29000.0,"{'rain_damage': 1, 'river_damage': 1}",0,Personal improvements;Modest house renovations;Structual house changes;Flood insurance,Personal improvements;Modest house renovations;Structual house changes;Flood insurance;Sandbags;Waterproofing walls & floors;Green garden;Rain barrel;Water pump;Flood insurance;Personal improvements;Modest house renovations;Structual house changes;Flood insurance;Self-activating wall;Personal improvements;Modest house renovations;Structual house changes;Flood insurance
4,a85,-41,-73000.0,"{'rain_damage': 1, 'river_damage': 1}",16000,,Personal improvements;Modest house renovations;Flood insurance;Sandbags
4,a86,-31,-43000.0,"{'rain_damage': 1, 'river_damage': 1}",8000,,Personal improvements;Modest house renovations;Structual house changes;Flood insurance;Waterproofing walls & floors;Sandbags
4,a87,-41,-88000.0,"{'rain_damage': 1, 'river_damage': 1}",16000,,Personal improvements;Modest house renovations;Flood insurance;Sandbags
4,a88,-41,-59000.0,"{'rain_damage': 1, 'river_damage': 1}",16000,,Personal improvements;Modest house renovations;Structual house changes;Sandbags
4,a89,-40,-60000.0,"{'rain_damage': 1, 'river_damage': 1}",16000,,Personal improvements;Modest house renovations;Structual house changes;Flood insurance;Sandbags
4,a90,-40,-40000.0,"{'rain_damage': 1, 'river_damage': 1}",16000,,Personal improvements;Modest house renovations;Structual house changes;Flood insurance;Sandbags
4,a91,-19,-3000.0,"{'rain_damage': 1, 'river_damage': 1}",4000,Personal improvements;Modest house renovations;Structual house changes,Personal improvements;Modest house renovations;Structual house changes;Flood insurance;Sandbags;Waterproofing walls & floors;Green garden;Rain barrel;Personal improvements;Modest house renovations;Structual house changes
4,a92,-21,1000.0,"{'rain_damage': 1, 'river_damage': 1}",4000,Flood insurance,Personal improvements;Modest house renovations;Structual house changes;Flood insurance;Sandbags;Waterproofing walls & floors;Green garden;Water pump;Flood insurance
4,a93,-41,-59000.0,"{'rain_damage': 1, 'river_damage': 1}",16000,,Personal improvements;Modest house renovations;Structual house changes;Sandbags
4,a94,-36,-13000.0,"{'rain_damage': 1, 'river_damage': 1}",12000,,Personal improvements;Modest house renovations;Structual house changes;Flood insurance;Sandbags;Water pump
4,a95,-40,-70000.0,"{'rain_damage': 1, 'river_damage': 1}",16000,,Personal improvements;Modest house renovations;Structual house changes;Flood insurance;Sandbags
4,a96,-24,-3000.0,"{'rain_damage': 1, 'river_damage': 1}",4000,Personal improvements;Modest house renovations,Personal improvements;Modest house renovations;Structual house changes;Flood insurance;Sandbags;Waterproofing walls & floors;Green garden;Personal improvements;Modest house renovations
4,a97,-24,-3000.0,"{'rain_damage': 1, 'river_damage': 1}",4000,Personal improvements;Modest house renovations,Personal improvements;Modest house renovations;Structual house changes;Flood insurance;Sandbags;Waterproofing walls & floors;Green garden;Personal improvements;Modest house renovations
4,a98,-7,3000.0,"{'rain_damage': 1, 'river_damage': 1}",0,Personal improvements;Modest house renovations;Structual house changes,Personal improvements;Modest house renovations;Structual house changes;Flood insurance;Water pump;Sandbags;Waterproofing walls & floors;Green garden;Rain barrel;Self-activating wall;Flood insurance;Personal improvements;Modest house renovations;Structual house changes
4,a99,-31,-23000.0,"{'rain_damage': 1, 'river_damage': 1}",8000,,Personal improvements;Modest house renovations;Structual house changes;Flood insurance;Waterproofing walls & floors;Sandbags
4,a100,-23,-13000.0,"{'rain_damage': 1, 'river_damage': 1}",4000,,Personal improvements;Modest house renovations;Structual house changes;Flood insurance;Sandbags;Waterproofing walls & floors;Green garden;Water pump
4,a101,-41,-73000.0,"{'rain_damage': 1, 'river_damage': 1}",16000,,Personal improvements;Modest house renovations;Flood insurance;Sandbags
4,a102,-31,-23000.0,"{'rain_damage': 1, 'river_damage': 1}",8000,,Personal improvements;Modest house renovations;Structual house changes;Flood insurance;Waterproofing walls & floors;Sandbags
4,a103,-24,-3000.0,"{'rain_damage': 1, 'river_damage': 1}",4000,Personal improvements;Modest house renovations,Personal improvements;Modest house renovations;Structual house changes;Flood insurance;Sandbags;Waterproofing walls & floors;Green garden;Personal improvements;Modest house renovations
4,a104,-3,7000.0,"{'rain_damage': 1, 'river_damage': 1}",0,Personal improvements;Modest house renovations;Structual house changes;Flood insurance,Personal improvements;Modest house renovations;Structual house changes;Flood insurance;Water pump;Sandbags;Waterproofing walls & floors;Green garden;Rain barrel;Self-activating wall;Flood insurance;Personal improvements;Modest house renovations;Flood insurance;Personal improvements;Modest house renovations;Structual house changes;Flood insurance
4,a105,-31,-23000.0,"{'rain_damage': 1, 'river_damage': 1}",8000,,Personal improvements;Modest house renovations;Structual house changes;Flood insurance;Waterproofing walls & floors;Sandbags
4,a106,-35,-26000.0,"{'rain_damage': 1, 'river_damage': 1}",12000,,Personal improvements;Modest house renovations;Structual house changes;Flood insurance;Green garden;Sandbags
4,a107,-40,-25000.0,"{'rain_damage': 1, 'river_damage': 1}",16000,,Personal improvements;Modest house renovations;Structual house changes;Flood insurance;Sandbags
4,a108,-39,-29000.0,"{'rain_damage': 1, 'river_damage': 1}",16000,,Personal improvements;Modest house renovations;Structual house changes;Flood insurance;Green garden
4,a109,-11,1000.0,"{'rain_damage': 1, 'river_damage': 1}",0,Personal improvements;Modest house renovations;Structual house changes,Personal improvements;Modest house renovations;Structual house changes;Flood insurance;Sandbags;Waterproofing walls & floors;Green garden;Water pump;Self-activating wall;Flood insurance;Personal improvements;Modest house renovations;Structual house changes
4,a110,-11,1000.0,"{'rain_damage': 1, 'river_damage': 1}",0,Personal improvements;Modest house renovations;Structual house changes,Personal improvements;Modest house renovations;Structual house changes;Flood insurance;Sandbags;Waterproofing walls & floors;Green garden;Water pump;Self-activating wall;Flood insurance;Personal improvements;Modest house renovations;Structual house changes
4,a111,-41,-59000.0,"{'rain_damage': 1, 'river_damage': 1}",16000,,Personal improvements;Modest house renovations;Structual house changes;Sandbags
4,a112,-19,-3000.0,"{'rain_damage': 1, 'river_damage': 1}",4000,Personal improvements;Modest house renovations;Structual house changes,Personal improvements;Modest house renovations;Structual house changes;Flood insurance;Sandbags;Waterproofing walls & floors;Green garden;Rain barrel;Personal improvements;Modest house renovations;Structual house changes
4,a113,-44,-76000.0,"{'rain_damage': 1, 'river_damage': 1}",20000,,Personal improvements;Modest house renovations;Structual house changes;Flood insurance
4,a114,-17,6000.0,"{'rain_damage': 1, 'river_damage': 1}",4000,Personal improvements;Modest house renovations;Structual house changes;Flood insurance;Water pump,Personal improvements;Modest house renovations;Structual house changes;Flood insurance;Sandbags;Waterproofing walls & floors;Green garden;Flood insurance;Personal improvements;Modest house renovations;Structual house changes;Personal improvements;Modest house renovations;Structual house changes;Flood insurance;Water pump
4,a115,-6,5000.0,"{'rain_damage': 1, 'river_damage': 1}",0,Personal improvements;Modest house renovations;Structual house changes,Personal improvements;Modest house renovations;Structual house changes;Flood insurance;Water pump;Sandbags;Waterproofing walls & floors;Green garden;Rain barrel;Self-activating wall;Personal improvements;Modest house renovations;Personal improvements;Modest house renovations;Structual house changes
4,a116,-19,-3000.0,"{'rain_damage': 1, 'river_damage': 1}",4000,Personal improvements;Modest house renovations;Structual house changes,Personal improvements;Modest house renovations;Structual house changes;Flood insurance;Sandbags;Waterproofing walls & floors;Green garden;Rain barrel;Personal improvements;Modest house renovations;Structual house changes
4,a117,-17,6000.0,"{'rain_damage': 1, 'river_damage': 1}",4000,Personal improvements;Modest house renovations;Structual house changes;Flood insurance;Water pump,Personal improvements;Modest house renovations;Structual house changes;Flood insurance;Sandbags;Waterproofing walls & floors;Green garden;Flood insurance;Personal improvements;Modest house renovations;Structual house changes;Personal improvements;Modest house renovations;Structual house changes;Flood insurance;Water pump
4,a118,-44,-76000.0,"{'rain_damage': 1, 'river_damage': 1}",20000,,Personal improvements;Modest house renovations;Structual house changes;Flood insurance
4,a119,-6,5000.0,"{'rain_damage': 1, 'river_damage': 1}",0,Personal improvements;Modest house renovations;Structual house changes,Personal improvements;Modest house renovations;Structual house changes;Flood insurance;Water pump;Sandbags;Waterproofing walls & floors;Green garden;Rain barrel;Self-activating wall;Personal improvements;Modest house renovations;Personal improvements;Modest house renovations;Structual house changes
4,a120,-40,-60000.0,"{'rain_damage': 1, 'river_damage': 1}",16000,,Personal improvements;Modest house renovations;Structual house changes;Flood insurance;Sandbags
4,a121,-45,-104000.0,"{'rain_damage': 1, 'river_damage': 1}",20000,,Personal improvements;Modest house renovations;Flood insurance
4,a122,-45,-90000.0,"{'rain_damage': 1, 'river_damage': 1}",20000,,Personal improvements;Modest house renovations;Structual house changes
4,a123,-41,-74000.0,"{'rain_damage': 1, 'river_damage': 1}",16000,,Personal improvements;Modest house renovations;Structual house changes;Sandbags
4,a124,-30,-4000.0,"{'rain_damage': 1, 'river_damage': 1}",8000,Flood insurance,Personal improvements;Modest house renovations;Structual house changes;Flood insurance;Waterproofing walls & floors;Sandbags;Flood insurance
4,a125,-40,-45000.0,"{'rain_damage': 1, 'river_damage': 1}",16000,,Personal improvements;Modest house renovations;Structual house changes;Flood insurance;Sandbags
4,a126,-40,-70000.0,"{'rain_damage': 1, 'river_damage': 1}",16000,,Personal improvements;Modest house renovations;Structual house changes;Flood insurance;Sandbags
4,a127,-39,-59000.0,"{'rain_damage': 1, 'river_damage': 1}",16000,,Personal improvements;Modest house renovations;Structual house changes;Flood insurance;Green garden
4,a128,-25,1000.0,"{'rain_damage': 1, 'river_damage': 1}",4000,Flood insurance,Personal improvements;Modest house renovations;Structual house changes;Flood insurance;Sandbags;Waterproofing walls & floors;Water pump;Flood insurance
4,a129,-9,1000.0,"{'rain_damage': 1, 'river_damage': 1}",0,Personal improvements;Modest house renovations,Personal improvements;Modest house renovations;Structual house changes;Flood insurance;Sandbags;Waterproofing walls & floors;Green garden;Rain barrel;Water pump;Self-activating wall;Personal improvements;Modest house renovations
4,a130,-17,3000.0,"{'rain_damage': 1, 'river_damage': 1}",4000,Personal improvements;Modest house renovations;Structual house changes;Flood insurance;Water pump,Personal improvements;Modest house renovations;Structual house changes;Flood insurance;Sandbags;Waterproofing walls & floors;Green garden;Flood insurance;Personal improvements;Modest house renovations;Structual house changes;Personal improvements;Modest house renovations;Structual house changes;Flood insurance;Water pump
4,a131,1,41000.0,"{'rain_damage': 1, 'river_damage': 1}",0,Personal improvements;Modest house renovations;Structual house changes;Flood insurance,Personal improvements;Modest house renovations;Structual house changes;Flood insurance;Water pump;Sandbags;Waterproofing walls & floors;Green garden;Rain barrel;Self-activating wall;Personal improvements;Modest house renovations;Flood insurance;Personal improvements;Modest house renovations;Structual house changes;Flood insurance;Personal improvements;Modest house renovations;Structual house changes;Flood insurance
4,a132,-24,-3000.0,"{'rain_damage': 1, 'river_damage': 1}",4000,Personal improvements;Modest house renovations,Personal improvements;Modest house renovations;Structual house changes;Flood insurance;Sandbags;Waterproofing walls & floors;Green garden;Personal improvements;Modest house renovations
4,a133,-31,-23000.0,"{'rain_damage': 1, 'river_damage': 1}",8000,,Personal improvements;Modest house renovations;Structual house changes;Flood insurance;Waterproofing walls & floors;Sandbags
4,a134,-41,-88000.0,"{'rain_damage': 1, 'river_damage': 1}",16000,,Personal improvements;Modest house renovations;Flood insurance;Sandbags
4,a135,-11,1000.0,"{'rain_damage': 1, 'river_damage': 1}",0,Personal improvements;Modest house renovations;Structual house changes,Personal improvements;Modest house renovations;Structual house changes;Flood insurance;Sandbags;Waterproofing walls & floors;Green garden;Water pump;Self-activating wall;Flood insurance;Personal improvements;Modest house renovations;Structual house changes
4,a136,-36,-13000.0,"{'rain_damage': 1, 'river_damage': 1}",12000,,Personal improvements;Modest house renovations;Structual house changes;Flood insurance;Sandbags;Water pump
4,a137,-3,7000.0,"{'rain_damage': 1, 'river_damage': 1}",0,Personal improvements;Modest house renovations;Structual house changes;Flood insurance,Personal improvements;Modest house renovations;Structual house changes;Flood insurance;Water pump;Sandbags;Waterproofing walls & floors;Green garden;Rain barrel;Self-activating wall;Flood insurance;Personal improvements;Modest house renovations;Flood insurance;Personal improvements;Modest house renovations;Structual house changes;Flood insurance
4,a138,-11,1000.0,"{'rain_damage': 1, 'river_damage': 1}",0,Personal improvements;Modest house renovations;Structual house changes,Personal improvements;Modest house renovations;Structual house changes;Flood insurance;Sandbags;Waterproofing walls & floors;Green garden;Water pump;Self-activating wall;Flood insurance;Personal improvements;Modest house renovations;Structual house changes
4,a139,-9,1000.0,"{'rain_damage': 1, 'river_damage': 1}",0,Personal improvements;Modest house renovations,Personal improvements;Modest house renovations;Structual house changes;Flood insurance;Sandbags;Waterproofing walls & floors;Green garden;Rain barrel;Water pump;Self-activating wall;Personal improvements;Modest house renovations
4,a140,-19,-11000.0,"{'rain_damage': 1, 'river_damage': 1}",4000,,Personal improvements;Modest house renovations;Structual house changes;Flood insurance;Sandbags;Waterproofing walls & floors;Green garden;Rain barrel;Water pump
4,a141,1,41000.0,"{'rain_damage': 1, 'river_damage': 1}",0,Personal improvements;Modest house renovations;Structual house changes;Flood insurance,Personal improvements;Modest house renovations;Structual house changes;Flood insurance;Water pump;Sandbags;Waterproofing walls & floors;Green garden;Rain barrel;Self-activating wall;Personal improvements;Modest house renovations;Flood insurance;Personal improvements;Modest house renovations;Structual house changes;Flood insurance;Personal improvements;Modest house renovations;Structual house changes;Flood insurance
4,a142,-13,-4000.0,"{'rain_damage': 1, 'river_damage': 1}",4000,Personal improvements;Modest house renovations;Structual house changes;Flood insurance;Rain barrel,Personal improvements;Modest house renovations;Structual house changes;Flood insurance;Sandbags;Waterproofing walls & floors;Green garden;Water pump;Flood insurance;Personal improvements;Personal improvements;Modest house renovations;Structual house changes;Personal improvements;Modest house renovations;Structual house changes;Flood insurance;Rain barrel
4,a143,-23,-13000.0,"{'rain_damage': 1, 'river_damage': 1}",4000,,Personal improvements;Modest house renovations;Structual house changes;Flood insurance;Sandbags;Waterproofing walls & floors;Green garden;Water pump
4,a144,-35,-71000.0,"{'rain_damage': 1, 'river_damage': 1}",12000,,Personal improvements;Modest house renovations;Structual house changes;Flood insurance;Green garden;Sandbags
4,a145,-45,-106000.0,"{'rain_damage': 1, 'river_damage': 1}",20000,,Personal improvements;Modest house renovations;Flood insurance
4,a146,-40,-40000.0,"{'rain_damage': 1, 'river_damage': 1}",16000,,Personal improvements;Modest house renovations;Structual house changes;Flood insurance;Sandbags
4,a147,-24,-3000.0,"{'rain_damage': 1, 'river_damage': 1}",4000,Personal improvements;Modest house renovations,Personal improvements;Modest house renovations;Structual house changes;Flood insurance;Sandbags;Waterproofing walls & floors;Green garden;Personal improvements;Modest house renovations
4,a148,-19,-3000.0,"{'rain_damage': 1, 'river_damage': 1}",4000,Personal improvements;Modest house renovations;Structual house changes,Personal improvements;Modest house renovations;Structual house changes;Flood insurance;Sandbags;Waterproofing walls & floors;Green garden;Rain barrel;Personal improvements;Modest house renovations;Structual house changes
4,a149,-36,-13000.0,"{'rain_damage': 1, 'river_damage': 1}",12000,,Personal improvements;Modest house renovations;Structual house changes;Flood insurance;Sandbags;Water pump
4,a150,-11,1000.0,"{'rain_damage': 1, 'river_damage': 1}",0,Personal improvements;Modest house renovations;Structual house changes,Personal improvements;Modest house renovations;Structual house changes;Flood insurance;Sandbags;Waterproofing walls & floors;Green garden;Water pump;Self-activating wall;Flood insurance;Personal improvements;Modest house renovations;Structual house changes
4,a151,-40,-60000.0,"{'rain_damage': 1, 'river_damage': 1}",16000,,Personal improvements;Modest house renovations;Structual house changes;Flood insurance;Sandbags
4,a152,-40,-40000.0,"{'rain_damage': 1, 'river_damage': 1}",16000,,Personal improvements;Modest house renovations;Structual house changes;Flood insurance;Sandbags
4,a153,1,41000.0,"{'rain_damage': 1, 'river_damage': 1}",0,Personal improvements;Modest house renovations;Structual house changes;Flood insurance,Personal improvements;Modest house renovations;Structual house changes;Flood insurance;Water pump;Sandbags;Waterproofing walls & floors;Green garden;Rain barrel;Self-activating wall;Personal improvements;Modest house renovations;Flood insurance;Personal improvements;Modest house renovations;Structual house changes;Flood insurance;Personal improvements;Modest house renovations;Structual house changes;Flood insurance
4,a154,-35,-26000.0,"{'rain_damage': 1, 'river_damage': 1}",12000,,Personal improvements;Modest house renovations;Structual house changes;Flood insurance;Green garden;Sandbags
4,a155,-41,-59000.0,"{'rain_damage': 1, 'river_damage': 1}",16000,,Personal improvements;Modest house renovations;Structual house changes;Sandbags
4,a156,-25,1000.0,"{'rain_damage': 1, 'river_damage': 1}",4000,Flood insurance,Personal improvements;Modest house renovations;Structual house changes;Flood insurance;Sandbags;Waterproofing walls & floors;Water pump;Flood insurance
4,a157,1,41000.0,"{'rain_damage': 1, 'river_damage': 1}",0,Personal improvements;Modest house renovations;Structual house changes;Flood insurance,Personal improvements;Modest house renovations;Structual house changes;Flood insurance;Water pump;Sandbags;Waterproofing walls & floors;Green garden;Rain barrel;Self-activating wall;Personal improvements;Modest house renovations;Flood insurance;Personal improvements;Modest house renovations;Structual house changes;Flood insurance;Personal improvements;Modest house renovations;Structual house changes;Flood insurance
4,a158,-45,-106000.0,"{'rain_damage': 1, 'river_damage': 1}",20000,,Personal improvements;Modest house renovations;Flood insurance
4,a159,-45,-104000.0,"{'rain_damage': 1, 'river_damage': 1}",20000,,Personal improvements;Modest house renovations;Flood insurance
4,a160,-21,1000.0,"{'rain_damage': 1, 'river_damage': 1}",4000,Flood insurance,Personal improvements;Modest house renovations;Structual house changes;Flood insurance;Sandbags;Waterproofing walls & floors;Green garden;Water pump;Flood insurance
4,a161,-11,1000.0,"{'rain_damage': 1, 'river_damage': 1}",0,Personal improvements;Modest house renovations;Structual house changes,Personal improvements;Modest house renovations;Structual house changes;Flood insurance;Sandbags;Waterproofing walls & floors;Green garden;Water pump;Self-activating wall;Flood insurance;Personal improvements;Modest house renovations;Structual house changes
4,a162,-36,-13000.0,"{'rain_damage': 1, 'river_damage': 1}",12000,,Personal improvements;Modest house renovations;Structual house changes;Flood insurance;Sandbags;Water pump
4,a163,-31,-43000.0,"{'rain_damage': 1, 'river_damage': 1}",8000,,Personal improvements;Modest house renovations;Structual house changes;Flood insurance;Waterproofing walls & floors;Sandbags
4,a164,2,59000.0,"{'rain_damage': 1, 'river_damage': 1}",0,Personal improvements;Modest house renovations;Structual house changes;Flood insurance,Personal improvements;Modest house renovations;Structual house changes;Flood insurance;Water pump;Self-activating wall;Sandbags;Waterproofing walls & floors;Green garden;Rain barrel;Personal improvements;Modest house renovations;Structual house changes;Flood insurance;Personal improvements;Modest house renovations;Structual house changes;Flood insurance;Personal improvements;Modest house renovations;Structual house changes;Flood insurance
4,a165,-41,-88000.0,"{'rain_damage': 1, 'river_damage': 1}",16000,,Personal improvements;Modest house renovations;Flood insurance;Sandbags
4,a166,-40,-90000.0,"{'rain_damage': 1, 'river_damage': 1}",16000,,Personal improvements;Modest house renovations;Structual house changes;Flood insurance;Sandbags
4,a167,1,41000.0,"{'rain_damage': 1, 'river_damage': 1}",0,Personal improvements;Modest house renovations;Structual house changes;Flood insurance,Personal improvements;Modest house renovations;Structual house changes;Flood insurance;Water pump;Sandbags;Waterproofing walls & floors;Green garden;Rain barrel;Self-activating wall;Personal improvements;Modest house renovations;Flood insurance;Personal improvements;Modest house renovations;Structual house changes;Flood insurance;Personal improvements;Modest house renovations;Structual house changes;Flood insurance
4,a168,-40,-70000.0,"{'rain_damage': 1, 'river_damage': 1}",16000,,Personal improvements;Modest house renovations;Structual house changes;Flood insurance;Sandbags
4,a169,-19,-11000.0,"{'rain_damage': 1, 'river_damage': 1}",4000,,Personal improvements;Modest house renovations;Structual house changes;Flood insurance;Sandbags;Waterproofing walls & floors;Green garden;Rain barrel;Water pump
4,a170,-41,-74000.0,"{'rain_damage': 1, 'river_damage': 1}",16000,,Personal improvements;Modest house renovations;Structual house changes;Sandbags
4,a171,-35,-26000.0,"{'rain_damage': 1, 'river_damage': 1}",12000,,Personal improvements;Modest house renovations;Structual house changes;Flood insurance;Green garden;Sandbags
4,a172,-19,-11000.0,"{'rain_damage': 1, 'river_damage': 1}",4000,,Personal improvements;Modest house renovations;Structual house changes;Flood insurance;Sandbags;Waterproofing walls & floors;Green garden;Rain barrel;Water pump
4,a173,-21,1000.0,"{'rain_damage': 1, 'river_damage': 1}",4000,Flood insurance,Personal improvements;Modest house renovations;Structual house changes;Flood insurance;Sandbags;Waterproofing walls & floors;Green garden;Water pump;Flood insurance
4,a174,-11,1000.0,"{'rain_damage': 1, 'river_damage': 1}",0,Personal improvements;Modest house renovations;Structual house changes,Personal improvements;Modest house renovations;Structual house changes;Flood insurance;Sandbags;Waterproofing walls & floors;Green garden;Water pump;Self-activating wall;Flood insurance;Personal improvements;Modest house renovations;Structual house changes
4,a175,-40,-70000.0,"{'rain_damage': 1, 'river_damage': 1}",16000,,Personal improvements;Modest house renovations;Structual house changes;Flood insurance;Sandbags
4,a176,-35,-26000.0,"{'rain_damage': 1, 'river_damage': 1}",12000,,Personal improvements;Modest house renovations;Structual house changes;Flood insurance;Green garden;Sandbags
4,a177,-41,-59000.0,"{'rain_damage': 1, 'river_damage': 1}",16000,,Personal improvements;Modest house renovations;Structual house changes;Sandbags
4,a178,-39,-29000.0,"{'rain_damage': 1, 'river_damage': 1}",16000,,Personal improvements;Modest house renovations;Structual house changes;Flood insurance;Green garden
4,a179,-7,3000.0,"{'rain_damage': 1, 'river_damage': 1}",0,Personal improvements;Modest house renovations;Structual house changes,Personal improvements;Modest house renovations;Structual house changes;Flood insurance;Water pump;Sandbags;Waterproofing walls & floors;Green garden;Rain barrel;Self-activating wall;Flood insurance;Personal improvements;Modest house renovations;Structual house changes
4,a180,-9,1000.0,"{'rain_damage': 1, 'river_damage': 1}",0,Personal improvements;Modest house renovations,Personal improvements;Modest house renovations;Structual house changes;Flood insurance;Sandbags;Waterproofing walls & floors;Green garden;Rain barrel;Water pump;Self-activating wall;Personal improvements;Modest house renovations
4,a181,-24,-3000.0,"{'rain_damage': 1, 'river_damage': 1}",4000,Personal improvements;Modest house renovations,Personal improvements;Modest house renovations;Structual house changes;Flood insurance;Sandbags;Waterproofing walls & floors;Green garden;Personal improvements;Modest house renovations
4,a182,-40,-90000.0,"{'rain_damage': 1, 'river_damage': 1}",16000,,Personal improvements;Modest house renovations;Structual house changes;Flood insurance;Sandbags
4,a183,-40,-45000.0,"{'rain_damage': 1, 'river_damage': 1}",16000,,Personal improvements;Modest house renovations;Structual house changes;Flood insurance;Sandbags
4,a184,-31,-23000.0,"{'rain_damage': 1, 'river_damage': 1}",8000,,Personal improvements;Modest house renovations;Structual house changes;Flood insurance;Waterproofing walls & floors;Sandbags
4,a185,-21,1000.0,"{'rain_damage': 1, 'river_damage': 1}",4000,Flood insurance,Personal improvements;Modest house renovations;Structual house changes;Flood insurance;Sandbags;Waterproofing walls & floors;Green garden;Water pump;Flood insurance
4,a186,-19,-3000.0,"{'rain_damage': 1, 'river_damage': 1}",4000,Personal improvements;Modest house renovations;Structual house changes,Personal improvements;Modest house renovations;Structual house changes;Flood insurance;Sandbags;Waterproofing walls & floors;Green garden;Rain barrel;Personal improvements;Modest house renovations;Structual house changes
4,a187,-23,-13000.0,"{'rain_damage': 1, 'river_damage': 1}",4000,,Personal improvements;Modest house renovations;Structual house changes;Flood insurance;Sandbags;Waterproofing walls & floors;Green garden;Water pump
4,a188,-40,-60000.0,"{'rain_damage': 1, 'river_damage': 1}",16000,,Personal improvements;Modest house renovations;Structual house changes;Flood insurance;Sandbags
4,a189,-17,3000.0,"{'rain_damage': 1, 'river_damage': 1}",4000,Personal improvements;Modest house renovations;Structual house changes;Flood insurance;Water pump,Personal improvements;Modest house renovations;Structual house changes;Flood insurance;Sandbags;Waterproofing walls & floors;Green garden;Flood insurance;Personal improvements;Modest house renovations;Structual house changes;Personal improvements;Modest house renovations;Structual house changes;Flood insurance;Water pump
4,a190,-39,-59000.0,"{'rain_damage': 1, 'river_damage': 1}",16000,,Personal improvements;Modest house renovations;Structual house changes;Flood insurance;Green garden
4,a191,-31,-43000.0,"{'rain_damage': 1, 'river_damage': 1}",8000,,Personal improvements;Modest house renovations;Structual house changes;Flood insurance;Waterproofing walls & floors;Sandbags
4,a192,-17,3000.0,"{'rain_damage': 1, 'river_damage': 1}",4000,Personal improvements;Modest house renovations;Structual house changes;Flood insurance;Water pump,Personal improvements;Modest house renovations;Structual house changes;Flood insurance;Sandbags;Waterproofing walls & floors;Green garden;Flood insurance;Personal improvements;Modest house renovations;Structual house changes;Personal improvements;Modest house renovations;Structual house changes;Flood insurance;Water pump
4,a193,-7,3000.0,"{'rain_damage': 1, 'river_damage': 1}",0,Personal improvements;Modest house renovations;Structual house changes,Personal improvements;Modest house renovations;Structual house changes;Flood insurance;Water pump;Sandbags;Waterproofing walls & floors;Green garden;Rain barrel;Self-activating wall;Flood insurance;Personal improvements;Modest house renovations;Structual house changes
4,a194,-30,-4000.0,"{'rain_damage': 1, 'river_damage': 1}",8000,Flood insurance,Personal improvements;Modest house renovations;Structual house changes;Flood insurance;Waterproofing walls & floors;Sandbags;Flood insurance
4,a195,-11,1000.0,"{'rain_damage': 1, 'river_damage': 1}",0,Personal improvements;Modest house renovations;Structual house changes,Personal improvements;Modest house renovations;Structual house changes;Flood insurance;Sandbags;Waterproofing walls & floors;Green garden;Water pump;Self-activating wall;Flood insurance;Personal improvements;Modest house renovations;Structual house changes
4,a196,-30,-4000.0,"{'rain_damage': 1, 'river_damage': 1}",8000,Flood insurance,Personal improvements;Modest house renovations;Structual house changes;Flood insurance;Waterproofing walls & floors;Sandbags;Flood insurance
4,a197,-17,6000.0,"{'rain_damage': 1, 'river_damage': 1}",4000,Personal improvements;Modest house renovations;Structual house changes;Flood insurance;Water pump,Personal improvements;Modest house renovations;Structual house changes;Flood insurance;Sandbags;Waterproofing walls & floors;Green garden;Flood insurance;Personal improvements;Modest house renovations;Structual house changes;Personal improvements;Modest house renovations;Structual house changes;Flood insurance;Water pump
4,a198,-41,-59000.0,"{'rain_damage': 1, 'river_damage': 1}",16000,,Personal improvements;Modest house renovations;Structual house changes;Sandbags
4,a199,-40,-90000.0,"{'rain_damage': 1, 'river_damage': 1}",16000,,Personal improvements;Modest house renovations;Structual house changes;Flood insurance;Sandbags
4,a200,-45,-104000.0,"{'rain_damage': 1, 'river_damage': 1}",20000,,Personal improvements;Modest house renovations;Flood insurance
4,a201,-17,1000.0,"{'rain_damage': 1, 'river_damage': 1}",4000,Personal improvements;Modest house renovations;Structual house changes;Flood insurance;Green garden,Personal improvements;Modest house renovations;Structual house changes;Flood insurance;Sandbags;Waterproofing walls & floors;Water pump;Flood insurance;Personal improvements;Modest house renovations;Structual house changes;Personal improvements;Modest house renovations;Structual house changes;Flood insurance;Green garden
4,a202,-45,-104000.0,"{'rain_damage': 1, 'river_damage': 1}",20000,,Personal improvements;Modest house renovations;Flood insurance
4,a203,-11,1000.0,"{'rain_damage': 1, 'river_damage': 1}",0,Personal improvements;Modest house renovations;Structual house changes,Personal improvements;Modest house renovations;Structual house changes;Flood insurance;Sandbags;Waterproofing walls & floors;Green garden;Water pump;Self-activating wall;Flood insurance;Personal improvements;Modest house renovations;Structual house changes
4,a204,-3,7000.0,"{'rain_damage': 1, 'river_damage': 1}",0,Personal improvements;Modest house renovations;Structual house changes;Flood insurance,Personal improvements;Modest house renovations;Structual house changes;Flood insurance;Water pump;Sandbags;Waterproofing walls & floors;Green garden;Rain barrel;Self-activating wall;Flood insurance;Personal improvements;Modest house renovations;Flood insurance;Personal improvements;Modest house renovations;Structual house changes;Flood insurance
4,a205,-17,3000.0,"{'rain_damage': 1, 'river_damage': 1}",4000,Personal improvements;Modest house renovations;Structual house changes;Flood insurance;Water pump,Personal improvements;Modest house renovations;Structual house changes;Flood insurance;Sandbags;Waterproofing walls & floors;Green garden;Flood insurance;Personal improvements;Modest house renovations;Structual house changes;Personal improvements;Modest house renovations;Structual house changes;Flood insurance;Water pump
4,a206,-40,-40000.0,"{'rain_damage': 1, 'river_damage': 1}",16000,,Personal improvements;Modest house renovations;Structual house changes;Flood insurance;Sandbags
4,a207,-31,-23000.0,"{'rain_damage': 1, 'river_damage': 1}",8000,,Personal improvements;Modest house renovations;Structual house changes;Flood insurance;Waterproofing walls & floors;Sandbags
4,a208,-40,-60000.0,"{'rain_damage': 1, 'river_damage': 1}",16000,,Personal improvements;Modest house renovations;Structual house changes;Flood insurance;Sandbags
4,a209,-40,-40000.0,"{'rain_damage': 1, 'river_damage': 1}",16000,,Personal improvements;Modest house renovations;Structual house changes;Flood insurance;Sandbags
4,a210,-45,-106000.0,"{'rain_damage': 1, 'river_damage': 1}",20000,,Personal improvements;Modest house renovations;Flood insurance
4,a211,-40,-40000.0,"{'rain_damage': 1, 'river_damage': 1}",16000,,Personal improvements;Modest house renovations;Structual house changes;Flood insurance;Sandbags
4,a212,-25,1000.0,"{'rain_damage': 1, 'river_damage': 1}",4000,Flood insurance,Personal improvements;Modest house renovations;Structual house changes;Flood insurance;Sandbags;Waterproofing walls & floors;Water pump;Flood insurance
4,a213,-21,1000.0,"{'rain_damage': 1, 'river_damage': 1}",4000,Flood insurance,Personal improvements;Modest house renovations;Structual house changes;Flood insurance;Sandbags;Waterproofing walls & floors;Green garden;Water pump;Flood insurance
4,a214,-41,-73000.0,"{'rain_damage': 1, 'river_damage': 1}",16000,,Personal improvements;Modest house renovations;Flood insurance;Sandbags
4,a215,-45,-104000.0,"{'rain_damage': 1, 'river_damage': 1}",20000,,Personal improvements;Modest house renovations;Flood insurance
4,a216,-6,5000.0,"{'rain_damage': 1, 'river_damage': 1}",0,Personal improvements;Modest house renovations;Structual house changes,Personal improvements;Modest house renovations;Structual house changes;Flood insurance;Water pump;Sandbags;Waterproofing walls & floors;Green garden;Rain barrel;Self-activating wall;Personal improvements;Modest house renovations;Personal improvements;Modest house renovations;Structual house changes
4,a217,-35,-26000.0,"{'rain_damage': 1, 'river_damage': 1}",12000,,Personal improvements;Modest house renovations;Structual house changes;Flood insurance;Green garden;Sandbags
4,a218,-11,1000.0,"{'rain_damage': 1, 'river_damage': 1}",0,Personal improvements;Modest house renovations;Structual house changes,Personal improvements;Modest house renovations;Structual house changes;Flood insurance;Sandbags;Waterproofing walls & floors;Green garden;Water pump;Self-activating wall;Flood insurance;Personal improvements;Modest house renovations;Structual house changes
4,a219,-40,-40000.0,"{'rain_damage': 1, 'river_damage': 1}",16000,,Personal improvements;Modest house renovations;Structual house changes;Flood insurance;Sandbags
4,a220,-11,1000.0,"{'rain_damage': 1, 'river_damage': 1}",0,Personal improvements;Modest house renovations;Structual house changes,Personal improvements;Modest house renovations;Structual house changes;Flood insurance;Sandbags;Waterproofing walls & floors;Green garden;Water pump;Self-activating wall;Flood insurance;Personal improvements;Modest house renovations;Structual house changes
4,a221,-39,-29000.0,"{'rain_damage': 1, 'river_damage': 1}",16000,,Personal improvements;Modest house renovations;Structual house changes;Flood insurance;Green garden
4,a222,-17,6000.0,"{'rain_damage': 1, 'river_damage': 1}",4000,Personal improvements;Modest house renovations;Structual house changes;Flood insurance;Water pump,Personal improvements;Modest house renovations;Structual house changes;Flood insurance;Sandbags;Waterproofing walls & floors;Green garden;Flood insurance;Personal improvements;Modest house renovations;Structual house changes;Personal improvements;Modest house renovations;Structual house changes;Flood insurance;Water pump
4,a223,-41,-59000.0,"{'rain_damage': 1, 'river_damage': 1}",16000,,Personal improvements;Modest house renovations;Structual house changes;Sandbags
4,a224,1,41000.0,"{'rain_damage': 1, 'river_damage': 1}",0,Personal improvements;Modest house renovations;Structual house changes;Flood insurance,Personal improvements;Modest house renovations;Structual house changes;Flood insurance;Water pump;Sandbags;Waterproofing walls & floors;Green garden;Rain barrel;Self-activating wall;Personal improvements;Modest house renovations;Flood insurance;Personal improvements;Modest house renovations;Structual house changes;Flood insurance;Personal improvements;Modest house renovations;Structual house changes;Flood insurance
4,a225,-39,-29000.0,"{'rain_damage': 1, 'river_damage': 1}",16000,,Personal improvements;Modest house renovations;Structual house changes;Flood insurance;Green garden
4,a226,-45,-104000.0,"{'rain_damage': 1, 'river_damage': 1}",20000,,Personal improvements;Modest house renovations;Flood insurance
4,a227,1,41000.0,"{'rain_damage': 1, 'river_damage': 1}",0,Personal improvements;Modest house renovations;Structual house changes;Flood insurance,Personal improvements;Modest house renovations;Structual house changes;Flood insurance;Water pump;Sandbags;Waterproofing walls & floors;Green garden;Rain barrel;Self-activating wall;Personal improvements;Modest house renovations;Flood insurance;Personal improvements;Modest house renovations;Structual house changes;Flood insurance;Personal improvements;Modest house renovations;Structual house changes;Flood insurance
4,a228,-17,1000.0,"{'rain_damage': 1, 'river_damage': 1}",4000,Personal improvements;Modest house renovations;Structual house changes;Flood insurance;Green garden,Personal improvements;Modest house renovations;Structual house changes;Flood insurance;Sandbags;Waterproofing walls & floors;Water pump;Flood insurance;Personal improvements;Modest house renovations;Structual house changes;Personal improvements;Modest house renovations;Structual house changes;Flood insurance;Green garden
4,a229,-40,-45000.0,"{'rain_damage': 1, 'river_damage': 1}",16000,,Personal improvements;Modest house renovations;Structual house changes;Flood insurance;Sandbags
4,a230,-45,-90000.0,"{'rain_damage': 1, 'river_damage': 1}",20000,,Personal improvements;Modest house renovations;Structual house changes
4,a231,-41,-59000.0,"{'rain_damage': 1, 'river_damage': 1}",16000,,Personal improvements;Modest house renovations;Structual house changes;Sandbags
4,a232,-7,3000.0,"{'rain_damage': 1, 'river_damage': 1}",0,Personal improvements;Modest house renovations;Structual house changes,Personal improvements;Modest house renovations;Structual house changes;Flood insurance;Water pump;Sandbags;Waterproofing walls & floors;Green garden;Rain barrel;Self-activating wall;Flood insurance;Personal improvements;Modest house renovations;Structual house changes
4,a233,-17,1000.0,"{'rain_damage': 1, 'river_damage': 1}",4000,Personal improvements;Modest house renovations;Structual house changes;Flood insurance;Green garden,Personal improvements;Modest house renovations;Structual house changes;Flood insurance;Sandbags;Waterproofing walls & floors;Water pump;Flood insurance;Personal improvements;Modest house renovations;Structual house changes;Personal improvements;Modest house renovations;Structual house changes;Flood insurance;Green garden
4,a234,-36,-13000.0,"{'rain_damage': 1, 'river_damage': 1}",12000,,Personal improvements;Modest house renovations;Structual house changes;Flood insurance;Sandbags;Water pump
4,a235,2,59000.0,"{'rain_damage': 1, 'river_damage': 1}",0,Personal improvements;Modest house renovations;Structual house changes;Flood insurance,Personal improvements;Modest house renovations;Structual house changes;Flood insurance;Water pump;Self-activating wall;Sandbags;Waterproofing walls & floors;Green garden;Rain barrel;Personal improvements;Modest house renovations;Structual house changes;Flood insurance;Personal improvements;Modest house renovations;Structual house changes;Flood insurance;Personal improvements;Modest house renovations;Structual house changes;Flood insurance
4,a236,-31,-43000.0,"{'rain_damage': 1, 'river_damage': 1}",8000,,Personal improvements;Modest house renovations;Structual house changes;Flood insurance;Waterproofing walls & floors;Sandbags
4,a237,-39,-59000.0,"{'rain_damage': 1, 'river_damage': 1}",16000,,Personal improvements;Modest house renovations;Structual house changes;Flood insurance;Green garden
4,a238,-41,-73000.0,"{'rain_damage': 1, 'river_damage': 1}",16000,,Personal improvements;Modest house renovations;Flood insurance;Sandbags
4,a239,-40,-70000.0,"{'rain_damage': 1, 'river_damage': 1}",16000,,Personal improvements;Modest house renovations;Structual house changes;Flood insurance;Sandbags
4,a240,-7,3000.0,"{'rain_damage': 1, 'river_damage': 1}",0,Personal improvements;Modest house renovations;Structual house changes,Personal improvements;Modest house renovations;Structual house changes;Flood insurance;Water pump;Sandbags;Waterproofing walls & floors;Green garden;Rain barrel;Self-activating wall;Flood insurance;Personal improvements;Modest house renovations;Structual house changes
4,a241,-40,-60000.0,"{'rain_damage': 1, 'river_damage': 1}",16000,,Personal improvements;Modest house renovations;Structual house changes;Flood insurance;Sandbags
4,a242,-23,-13000.0,"{'rain_damage': 1, 'river_damage': 1}",4000,,Personal improvements;Modest house renovations;Structual house changes;Flood insurance;Sandbags;Waterproofing walls & floors;Green garden;Water pump
4,a243,-45,-90000.0,"{'rain_damage': 1, 'river_damage': 1}",20000,,Personal improvements;Modest house renovations;Structual house changes
4,a244,-19,-11000.0,"{'rain_damage': 1, 'river_damage': 1}",4000,,Personal improvements;Modest house renovations;Structual house changes;Flood insurance;Sandbags;Waterproofing walls & floors;Green garden;Rain barrel;Water pump
4,a245,-39,-59000.0,"{'rain_damage': 1, 'river_damage': 1}",16000,,Personal improvements;Modest house renovations;Structual house changes;Flood insurance;Green garden
4,a246,-41,-73000.0,"{'rain_damage': 1, 'river_damage': 1}",16000,,Personal improvements;Modest house renovations;Flood insurance;Sandbags
4,a247,-31,-23000.0,"{'rain_damage': 1, 'river_damage': 1}",8000,,Personal improvements;Modest house renovations;Structual house changes;Flood insurance;Waterproofing walls & floors;Sandbags
4,a248,-41,-74000.0,"{'rain_damage': 1, 'river_damage': 1}",16000,,Personal improvements;Modest house renovations;Structual house changes;Sandbags
4,a249,-40,-90000.0,"{'rain_damage': 1, 'river_damage': 1}",16000,,Personal improvements;Modest house renovations;Structual house changes;Flood insurance;Sandbags
4,a250,-24,-3000.0,"{'rain_damage': 1, 'river_damage': 1}",4000,Personal improvements;Modest house renovations,Personal improvements;Modest house renovations;Structual house changes;Flood insurance;Sandbags;Waterproofing walls & floors;Green garden;Personal improvements;Modest house renovations
4,a251,-17,1000.0,"{'rain_damage': 1, 'river_damage': 1}",4000,Personal improvements;Modest house renovations;Structual house changes;Flood insurance;Green garden,Personal improvements;Modest house renovations;Structual house changes;Flood insurance;Sandbags;Waterproofing walls & floors;Water pump;Flood insurance;Personal improvements;Modest house renovations;Structual house changes;Personal improvements;Modest house renovations;Structual house changes;Flood insurance;Green garden
4,a252,-17,6000.0,"{'rain_damage': 1, 'river_damage': 1}",4000,Personal improvements;Modest house renovations;Structual house changes;Flood insurance;Water pump,Personal improvements;Modest house renovations;Structual house changes;Flood insurance;Sandbags;Waterproofing walls & floors;Green garden;Flood insurance;Personal improvements;Modest house renovations;Structual house changes;Personal improvements;Modest house renovations;Structual house changes;Flood insurance;Water pump
4,a253,-31,-43000.0,"{'rain_damage': 1, 'river_damage': 1}",8000,,Personal improvements;Modest house renovations;Structual house changes;Flood insurance;Waterproofing walls & floors;Sandbags
4,a254,-35,-71000.0,"{'rain_damage': 1, 'river_damage': 1}",12000,,Personal improvements;Modest house renovations;Structual house changes;Flood insurance;Green garden;Sandbags
4,a255,-6,5000.0,"{'rain_damage': 1, 'river_damage': 1}",0,Personal improvements;Modest house renovations;Structual house changes,Personal improvements;Modest house renovations;Structual house changes;Flood insurance;Water pump;Sandbags;Waterproofing walls & floors;Green garden;Rain barrel;Self-activating wall;Personal improvements;Modest house renovations;Personal improvements;Modest house renovations;Structual house changes
4,a256,-23,-13000.0,"{'rain_damage': 1, 'river_damage': 1}",4000,,Personal improvements;Modest house renovations;Structual house changes;Flood insurance;Sandbags;Waterproofing walls & floors;Green garden;Water pump
4,a257,-41,-88000.0,"{'rain_damage': 1, 'river_damage': 1}",16000,,Personal improvements;Modest house renovations;Flood insurance;Sandbags
4,a258,-7,3000.0,"{'rain_damage': 1, 'river_damage': 1}",0,Personal improvements;Modest house renovations;Structual house changes,Personal improvements;Modest house renovations;Structual house changes;Flood insurance;Water pump;Sandbags;Waterproofing walls & floors;Green garden;Rain barrel;Self-activating wall;Flood insurance;Personal improvements;Modest house renovations;Structual house changes
4,a259,-7,3000.0,"{'rain_damage': 1, 'river_damage': 1}",0,Personal improvements;Modest house renovations;Structual house changes,Personal improvements;Modest house renovations;Structual house changes;Flood insurance;Water pump;Sandbags;Waterproofing walls & floors;Green garden;Rain barrel;Self-activating wall;Flood insurance;Personal improvements;Modest house renovations;Structual house changes
4,a260,-40,-45000.0,"{'rain_damage': 1, 'river_damage': 1}",16000,,Personal improvements;Modest house renovations;Structual house changes;Flood insurance;Sandbags
4,a261,-17,6000.0,"{'rain_damage': 1, 'river_damage': 1}",4000,Personal improvements;Modest house renovations;Structual house changes;Flood insurance;Water pump,Personal improvements;Modest house renovations;Structual house changes;Flood insurance;Sandbags;Waterproofing walls & floors;Green garden;Flood insurance;Personal improvements;Modest house renovations;Structual house changes;Personal improvements;Modest house renovations;Structual house changes;Flood insurance;Water pump
4,a262,-39,-59000.0,"{'rain_damage': 1, 'river_damage': 1}",16000,,Personal improvements;Modest house renovations;Structual house changes;Flood insurance;Green garden
4,a263,-26,-39000.0,"{'rain_damage': 1, 'river_damage': 1}",4000,,Personal improvements;Modest house renovations;Structual house changes;Flood insurance;Sandbags;Waterproofing walls & floors;Green garden
4,a264,-40,-90000.0,"{'rain_damage': 1, 'river_damage': 1}",16000,,Personal improvements;Modest house renovations;Structual house changes;Flood insurance;Sandbags
4,a265,-19,-11000.0,"{'rain_damage': 1, 'river_damage': 1}",4000,,Personal improvements;Modest house renovations;Structual house changes;Flood insurance;Sandbags;Waterproofing walls & floors;Green garden;Rain barrel;Water pump
4,a266,-45,-104000.0,"{'rain_damage': 1, 'river_damage': 1}",20000,,Personal improvements;Modest house renovations;Flood insurance
4,a267,-31,-23000.0,"{'rain_damage': 1, 'river_damage': 1}",8000,,Personal improvements;Modest house renovations;Structual house changes;Flood insurance;Waterproofing walls & floors;Sandbags
4,a268,-40,-60000.0,"{'rain_damage': 1, 'river_damage': 1}",16000,,Personal improvements;Modest house renovations;Structual house changes;Flood insurance;Sandbags
4,a269,-23,-13000.0,"{'rain_damage': 1, 'river_damage': 1}",4000,,Personal improvements;Modest house renovations;Structual house changes;Flood insurance;Sandbags;Waterproofing walls & floors;Green garden;Water pump
4,a270,-25,1000.0,"{'rain_damage': 1, 'river_damage': 1}",4000,Flood insurance,Personal improvements;Modest house renovations;Structual house changes;Flood insurance;Sandbags;Waterproofing walls & floors;Water pump;Flood insurance
4,a271,-23,-13000.0,"{'rain_damage': 1, 'river_damage': 1}",4000,,Personal improvements;Modest house renovations;Structual house changes;Flood insurance;Sandbags;Waterproofing walls & floors;Green garden;Water pump
4,a272,-6,5000.0,"{'rain_damage': 1, 'river_damage': 1}",0,Personal improvements;Modest house renovations;Structual house changes,Personal improvements;Modest house renovations;Structual house changes;Flood insurance;Water pump;Sandbags;Waterproofing walls & floors;Green garden;Rain barrel;Self-activating wall;Personal improvements;Modest house renovations;Personal improvements;Modest house renovations;Structual house changes
4,a273,-24,-3000.0,"{'rain_damage': 1, 'river_damage': 1}",4000,Personal improvements;Modest house renovations,Personal improvements;Modest house renovations;Structual house changes;Flood insurance;Sandbags;Waterproofing walls & floors;Green garden;Personal improvements;Modest house renovations
4,a274,-40,-90000.0,"{'rain_damage': 1, 'river_damage': 1}",16000,,Personal improvements;Modest house renovations;Structual house changes;Flood insurance;Sandbags
4,a275,-40,-25000.0,"{'rain_damage': 1, 'river_damage': 1}",16000,,Personal improvements;Modest house renovations;Structual house changes;Flood insurance;Sandbags
4,a276,-6,29000.0,"{'rain_damage': 1, 'river_damage': 1}",0,Personal improvements;Modest house renovations;Structual house changes;Flood insurance,Personal improvements;Modest house renovations;Structual house changes;Flood insurance;Sandbags;Waterproofing walls & floors;Green garden;Rain barrel;Water pump;Flood insurance;Personal improvements;Modest house renovations;Structual house changes;Flood insurance;Self-activating wall;Personal improvements;Modest house renovations;Structual house changes;Flood insurance
4,a277,-45,-106000.0,"{'rain_damage': 1, 'river_damage': 1}",20000,,Personal improvements;Modest house renovations;Flood insurance
4,a278,-30,-4000.0,"{'rain_damage': 1, 'river_damage': 1}",8000,Flood insurance,Personal improvements;Modest house renovations;Structual house changes;Flood insurance;Waterproofing walls & floors;Sandbags;Flood insurance
4,a279,-31,-23000.0,"{'rain_damage': 1, 'river_damage': 1}",8000,,Personal improvements;Modest house renovations;Structual house changes;Flood insurance;Waterproofing walls & floors;Sandbags
4,a280,1,41000.0,"{'rain_damage': 1, 'river_damage': 1}",0,Personal improvements;Modest house renovations;Structual house changes;Flood insurance,Personal improvements;Modest house renovations;Structual house changes;Flood insurance;Water pump;Sandbags;Waterproofing walls & floors;Green garden;Rain barrel;Self-activating wall;Personal improvements;Modest house renovations;Flood insurance;Personal improvements;Modest house renovations;Structual house changes;Flood insurance;Personal improvements;Modest house renovations;Structual house changes;Flood insurance
4,a281,-6,29000.0,"{'rain_damage': 1, 'river_damage': 1}",0,Personal improvements;Modest house renovations;Structual house changes;Flood insurance,Personal improvements;Modest house renovations;Structual house changes;Flood insurance;Sandbags;Waterproofing walls & floors;Green garden;Rain barrel;Water pump;Flood insurance;Personal improvements;Modest house renovations;Structual house changes;Flood insurance;Self-activating wall;Personal improvements;Modest house renovations;Structual house changes;Flood insurance
4,a282,-35,-26000.0,"{'rain_damage': 1, 'river_damage': 1}",12000,,Personal improvements;Modest house renovations;Structual house changes;Flood insurance;Green garden;Sandbags
4,a283,-17,3000.0,"{'rain_damage': 1, 'river_damage': 1}",4000,Personal improvements;Modest house renovations;Structual house changes;Flood insurance;Water pump,Personal improvements;Modest house renovations;Structual house changes;Flood insurance;Sandbags;Waterproofing walls & floors;Green garden;Flood insurance;Personal improvements;Modest house renovations;Structual house changes;Personal improvements;Modest house renovations;Structual house changes;Flood insurance;Water pump
4,a284,-25,1000.0,"{'rain_damage': 1, 'river_damage': 1}",4000,Flood insurance,Personal improvements;Modest house renovations;Structual house changes;Flood insurance;Sandbags;Waterproofing walls & floors;Water pump;Flood insurance
4,a285,-19,-3000.0,"{'rain_damage': 1, 'river_damage': 1}",4000,Personal improvements;Modest house renovations;Structual house changes,Personal improvements;Modest house renovations;Structual house changes;Flood insurance;Sandbags;Waterproofing walls & floors;Green garden;Rain barrel;Personal improvements;Modest house renovations;Structual house changes
4,a286,-39,-59000.0,"{'rain_damage': 1, 'river_damage': 1}",16000,,Personal improvements;Modest house renovations;Structual house changes;Flood insurance;Green garden
4,a287,-36,-13000.0,"{'rain_damage': 1, 'river_damage': 1}",12000,,Personal improvements;Modest house renovations;Structual house changes;Flood insurance;Sandbags;Water pump
4,a288,-41,-88000.0,"{'rain_damage': 1, 'river_damage': 1}",16000,,Personal improvements;Modest house renovations;Flood insurance;Sandbags
4,a289,-31,-43000.0,"{'rain_damage': 1, 'river_damage': 1}",8000,,Personal improvements;Modest house renovations;Structual house changes;Flood insurance;Waterproofing walls & floors;Sandbags
4,a290,-11,1000.0,"{'rain_damage': 1, 'river_damage': 1}",0,Personal improvements;Modest house renovations;Structual house changes,Personal improvements;Modest house renovations;Structual house changes;Flood insurance;Sandbags;Waterproofing walls & floors;Green garden;Water pump;Self-activating wall;Flood insurance;Personal improvements;Modest house renovations;Structual house changes
4,a291,-31,-43000.0,"{'rain_damage': 1, 'river_damage': 1}",8000,,Personal improvements;Modest house renovations;Structual house changes;Flood insurance;Waterproofing walls & floors;Sandbags
4,a292,-40,-43000.0,"{'rain_damage': 1, 'river_damage': 1}",16000,,Personal improvements;Modest house renovations;Structual house changes;Flood insurance;Sandbags
4,a293,-19,-11000.0,"{'rain_damage': 1, 'river_damage': 1}",4000,,Personal improvements;Modest house renovations;Structual house changes;Flood insurance;Sandbags;Waterproofing walls & floors;Green garden;Rain barrel;Water pump
4,a294,1,41000.0,"{'rain_damage': 1, 'river_damage': 1}",0,Personal improvements;Modest house renovations;Structual house changes;Flood insurance,Personal improvements;Modest house renovations;Structual house changes;Flood insurance;Water pump;Sandbags;Waterproofing walls & floors;Green garden;Rain barrel;Self-activating wall;Personal improvements;Modest house renovations;Flood insurance;Personal improvements;Modest house renovations;Structual house changes;Flood insurance;Personal improvements;Modest house renovations;Structual house changes;Flood insurance
4,a295,-45,-106000.0,"{'rain_damage': 1, 'river_damage': 1}",20000,,Personal improvements;Modest house renovations;Flood insurance
4,a296,-45,-106000.0,"{'rain_damage': 1, 'river_damage': 1}",20000,,Personal improvements;Modest house renovations;Flood insurance
4,a297,-31,-43000.0,"{'rain_damage': 1, 'river_damage': 1}",8000,,Personal improvements;Modest house renovations;Structual house changes;Flood insurance;Waterproofing walls & floors;Sandbags
4,a298,-26,-39000.0,"{'rain_damage': 1, 'river_damage': 1}",4000,,Personal improvements;Modest house renovations;Structual house changes;Flood insurance;Sandbags;Waterproofing walls & floors;Green garden
4,a299,-36,-13000.0,"{'rain_damage': 1, 'river_damage': 1}",12000,,Personal improvements;Modest house renovations;Structual house changes;Flood insurance;Sandbags;Water pump
4,a300,-6,5000.0,"{'rain_damage': 1, 'river_damage': 1}",0,Personal improvements;Modest house renovations;Structual house changes,Personal improvements;Modest house renovations;Structual house changes;Flood insurance;Water pump;Sandbags;Waterproofing walls & floors;Green garden;Rain barrel;Self-activating wall;Personal improvements;Modest house renovations;Personal improvements;Modest house renovations;Structual house changes
4,a301,-19,-11000.0,"{'rain_damage': 1, 'river_damage': 1}",4000,,Personal improvements;Modest house renovations;Structual house changes;Flood insurance;Sandbags;Waterproofing walls & floors;Green garden;Rain barrel;Water pump
4,a302,-40,-70000.0,"{'rain_damage': 1, 'river_damage': 1}",16000,,Personal improvements;Modest house renovations;Structual house changes;Flood insurance;Sandbags
4,a303,-45,-104000.0,"{'rain_damage': 1, 'river_damage': 1}",20000,,Personal improvements;Modest house renovations;Flood insurance
4,a304,-41,-74000.0,"{'rain_damage': 1, 'river_damage': 1}",16000,,Personal improvements;Modest house renovations;Structual house changes;Sandbags
4,a305,-40,-70000.0,"{'rain_damage': 1, 'river_damage': 1}",16000,,Personal improvements;Modest house renovations;Structual house changes;Flood insurance;Sandbags
4,a306,-40,-70000.0,"{'rain_damage': 1, 'river_damage': 1}",16000,,Personal improvements;Modest house renovations;Structual house changes;Flood insurance;Sandbags
4,a307,-40,-70000.0,"{'rain_damage': 1, 'river_damage': 1}",16000,,Personal improvements;Modest house renovations;Structual house changes;Flood insurance;Sandbags
4,a308,-45,-90000.0,"{'rain_damage': 1, 'river_damage': 1}",20000,,Personal improvements;Modest house renovations;Structual house changes
4,a309,-6,29000.0,"{'rain_damage': 1, 'river_damage': 1}",0,Personal improvements;Modest house renovations;Structual house changes;Flood insurance,Personal improvements;Modest house renovations;Structual house changes;Flood insurance;Sandbags;Waterproofing walls & floors;Green garden;Rain barrel;Water pump;Flood insurance;Personal improvements;Modest house renovations;Structual house changes;Flood insurance;Self-activating wall;Personal improvements;Modest house renovations;Structual house changes;Flood insurance
4,a310,-6,29000.0,"{'rain_damage': 1, 'river_damage': 1}",0,Personal improvements;Modest house renovations;Structual house changes;Flood insurance,Personal improvements;Modest house renovations;Structual house changes;Flood insurance;Sandbags;Waterproofing walls & floors;Green garden;Rain barrel;Water pump;Flood insurance;Personal improvements;Modest house renovations;Structual house changes;Flood insurance;Self-activating wall;Personal improvements;Modest house renovations;Structual house changes;Flood insurance
4,a311,-41,-74000.0,"{'rain_damage': 1, 'river_damage': 1}",16000,,Personal improvements;Modest house renovations;Structual house changes;Sandbags
4,a312,-19,-11000.0,"{'rain_damage': 1, 'river_damage': 1}",4000,,Personal improvements;Modest house renovations;Structual house changes;Flood insurance;Sandbags;Waterproofing walls & floors;Green garden;Rain barrel;Water pump
4,a313,-9,1000.0,"{'rain_damage': 1, 'river_damage': 1}",0,Personal improvements;Modest house renovations,Personal improvements;Modest house renovations;Structual house changes;Flood insurance;Sandbags;Waterproofing walls & floors;Green garden;Rain barrel;Water pump;Self-activating wall;Personal improvements;Modest house renovations
4,a314,-41,-73000.0,"{'rain_damage': 1, 'river_damage': 1}",16000,,Personal improvements;Modest house renovations;Flood insurance;Sandbags
4,a315,-17,1000.0,"{'rain_damage': 1, 'river_damage': 1}",4000,Personal improvements;Modest house renovations;Structual house changes;Flood insurance;Green garden,Personal improvements;Modest house renovations;Structual house changes;Flood insurance;Sandbags;Waterproofing walls & floors;Water pump;Flood insurance;Personal improvements;Modest house renovations;Structual house changes;Personal improvements;Modest house renovations;Structual house changes;Flood insurance;Green garden
4,a316,-45,-104000.0,"{'rain_damage': 1, 'river_damage': 1}",20000,,Personal improvements;Modest house renovations;Flood insurance
4,a317,-17,3000.0,"{'rain_damage': 1, 'river_damage': 1}",4000,Personal improvements;Modest house renovations;Structual house changes;Flood insurance;Water pump,Personal improvements;Modest house renovations;Structual house changes;Flood insurance;Sandbags;Waterproofing walls & floors;Green garden;Flood insurance;Personal improvements;Modest house renovations;Structual house changes;Personal improvements;Modest house renovations;Structual house changes;Flood insurance;Water pump
4,a318,-17,3000.0,"{'rain_damage': 1, 'river_damage': 1}",4000,Personal improvements;Modest house renovations;Structual house changes;Flood insurance;Water pump,Personal improvements;Modest house renovations;Structual house changes;Flood insurance;Sandbags;Waterproofing walls & floors;Green garden;Flood insurance;Personal improvements;Modest house renovations;Structual house changes;Personal improvements;Modest house renovations;Structual house changes;Flood insurance;Water pump
4,a319,-31,-23000.0,"{'rain_damage': 1, 'river_damage': 1}",8000,,Personal improvements;Modest house renovations;Structual house changes;Flood insurance;Waterproofing walls & floors;Sandbags
4,a320,-9,1000.0,"{'rain_damage': 1, 'river_damage': 1}",0,Personal improvements;Modest house renovations,Personal improvements;Modest house renovations;Structual house changes;Flood insurance;Sandbags;Waterproofing walls & floors;Green garden;Rain barrel;Water pump;Self-activating wall;Personal improvements;Modest house renovations
4,a321,-41,-74000.0,"{'rain_damage': 1, 'river_damage': 1}",16000,,Personal improvements;Modest house renovations;Structual house changes;Sandbags
4,a322,-23,-13000.0,"{'rain_damage': 1, 'river_damage': 1}",4000,,Personal improvements;Modest house renovations;Structual house changes;Flood insurance;Sandbags;Waterproofing walls & floors;Green garden;Water pump
4,a323,-17,3000.0,"{'rain_damage': 1, 'river_damage': 1}",4000,Personal improvements;Modest house renovations;Structual house changes;Flood insurance;Water pump,Personal improvements;Modest house renovations;Structual house changes;Flood insurance;Sandbags;Waterproofing walls & floors;Green garden;Flood insurance;Personal improvements;Modest house renovations;Structual house changes;Personal improvements;Modest house renovations;Structual house changes;Flood insurance;Water pump
4,a324,-26,-39000.0,"{'rain_damage': 1, 'river_damage': 1}",4000,,Personal improvements;Modest house renovations;Structual house changes;Flood insurance;Sandbags;Waterproofing walls & floors;Green garden
4,a325,-40,-90000.0,"{'rain_damage': 1, 'river_damage': 1}",16000,,Personal improvements;Modest house renovations;Structual house changes;Flood insurance;Sandbags
4,a326,-19,-3000.0,"{'rain_damage': 1, 'river_damage': 1}",4000,Personal improvements;Modest house renovations;Structual house changes,Personal improvements;Modest house renovations;Structual house changes;Flood insurance;Sandbags;Waterproofing walls & floors;Green garden;Rain barrel;Personal improvements;Modest house renovations;Structual house changes
4,a327,-19,-3000.0,"{'rain_damage': 1, 'river_damage': 1}",4000,Personal improvements;Modest house renovations;Structual house changes,Personal improvements;Modest house renovations;Structual house changes;Flood insurance;Sandbags;Waterproofing walls & floors;Green garden;Rain barrel;Personal improvements;Modest house renovations;Structual house changes
4,a328,-35,-71000.0,"{'rain_damage': 1, 'river_damage': 1}",12000,,Personal improvements;Modest house renovations;Structual house changes;Flood insurance;Green garden;Sandbags
4,a329,-24,-3000.0,"{'rain_damage': 1, 'river_damage': 1}",4000,Personal improvements;Modest house renovations,Personal improvements;Modest house renovations;Structual house changes;Flood insurance;Sandbags;Waterproofing walls & floors;Green garden;Personal improvements;Modest house renovations
4,a330,-19,-11000.0,"{'rain_damage': 1, 'river_damage': 1}",4000,,Personal improvements;Modest house renovations;Structual house changes;Flood insurance;Sandbags;Waterproofing walls & floors;Green garden;Rain barrel;Water pump
4,a331,-45,-90000.0,"{'rain_damage': 1, 'river_damage': 1}",20000,,Personal improvements;Modest house renovations;Structual house changes
4,a332,-41,-74000.0,"{'rain_damage': 1, 'river_damage': 1}",16000,,Personal improvements;Modest house renovations;Structual house changes;Sandbags
4,a333,-30,-4000.0,"{'rain_damage': 1, 'river_damage': 1}",8000,Flood insurance,Personal improvements;Modest house renovations;Structual house changes;Flood insurance;Waterproofing walls & floors;Sandbags;Flood insurance
4,a334,-40,-90000.0,"{'rain_damage': 1, 'river_damage': 1}",16000,,Personal improvements;Modest house renovations;Structual house changes;Flood insurance;Sandbags
4,a335,-6,29000.0,"{'rain_damage': 1, 'river_damage': 1}",0,Personal improvements;Modest house renovations;Structual house changes;Flood insurance,Personal improvements;Modest house renovations;Structual house changes;Flood insurance;Sandbags;Waterproofing walls & floors;Green garden;Rain barrel;Water pump;Flood insurance;Personal improvements;Modest house renovations;Structual house changes;Flood insurance;Self-activating wall;Personal improvements;Modest house renovations;Structual house changes;Flood insurance
4,a336,-39,-29000.0,"{'rain_damage': 1, 'river_damage': 1}",16000,,Personal improvements;Modest house renovations;Structual house changes;Flood insurance;Green garden
4,a337,-31,-23000.0,"{'rain_damage': 1, 'river_damage': 1}",8000,,Personal improvements;Modest house renovations;Structual house changes;Flood insurance;Waterproofing walls & floors;Sandbags
4,a338,-11,1000.0,"{'rain_damage': 1, 'river_damage': 1}",0,Personal improvements;Modest house renovations;Structual house changes,Personal improvements;Modest house renovations;Structual house changes;Flood insurance;Sandbags;Waterproofing walls & floors;Green garden;Water pump;Self-activating wall;Flood insurance;Personal improvements;Modest house renovations;Structual house changes
4,a339,-35,-26000.0,"{'rain_damage': 1, 'river_damage': 1}",12000,,Personal improvements;Modest house renovations;Structual house changes;Flood insurance;Green garden;Sandbags
4,a340,-40,-25000.0,"{'rain_damage': 1, 'river_damage': 1}",16000,,Personal improvements;Modest house renovations;Structual house changes;Flood insurance;Sandbags
4,a341,-41,-88000.0,"{'rain_damage': 1, 'river_damage': 1}",16000,,Personal improvements;Modest house renovations;Flood insurance;Sandbags
4,a342,1,41000.0,"{'rain_damage': 1, 'river_damage': 1}",0,Personal improvements;Modest house renovations;Structual house changes;Flood insurance,Personal improvements;Modest house renovations;Structual house changes;Flood insurance;Water pump;Sandbags;Waterproofing walls & floors;Green garden;Rain barrel;Self-activating wall;Personal improvements;Modest house renovations;Flood insurance;Personal improvements;Modest house renovations;Structual house changes;Flood insurance;Personal improvements;Modest house renovations;Structual house changes;Flood insurance
4,a343,-45,-104000.0,"{'rain_damage': 1, 'river_damage': 1}",20000,,Personal improvements;Modest house renovations;Flood insurance
4,a344,-17,1000.0,"{'rain_damage': 1, 'river_damage': 1}",4000,Personal improvements;Modest house renovations;Structual house changes;Flood insurance;Green garden,Personal improvements;Modest house renovations;Structual house changes;Flood insurance;Sandbags;Waterproofing walls & floors;Water pump;Flood insurance;Personal improvements;Modest house renovations;Structual house changes;Personal improvements;Modest house renovations;Structual house changes;Flood insurance;Green garden
4,a345,-26,-39000.0,"{'rain_damage': 1, 'river_damage': 1}",4000,,Personal improvements;Modest house renovations;Structual house changes;Flood insurance;Sandbags;Waterproofing walls & floors;Green garden
4,a346,-40,-40000.0,"{'rain_damage': 1, 'river_damage': 1}",16000,,Personal improvements;Modest house renovations;Structual house changes;Flood insurance;Sandbags
4,a347,-40,-70000.0,"{'rain_damage': 1, 'river_damage': 1}",16000,,Personal improvements;Modest house renovations;Structual house changes;Flood insurance;Sandbags
4,a348,-40,-25000.0,"{'rain_damage': 1, 'river_damage': 1}",16000,,Personal improvements;Modest house renovations;Structual house changes;Flood insurance;Sandbags
4,a349,-36,-13000.0,"{'rain_damage': 1, 'river_damage': 1}",12000,,Personal improvements;Modest house renovations;Structual house changes;Flood insurance;Sandbags;Water pump
4,a350,-41,-74000.0,"{'rain_damage': 1, 'river_damage': 1}",16000,,Personal improvements;Modest house renovations;Structual house changes;Sandbags
4,a351,-40,-90000.0,"{'rain_damage': 1, 'river_damage': 1}",16000,,Personal improvements;Modest house renovations;Structual house changes;Flood insurance;Sandbags
4,a352,-31,-43000.0,"{'rain_damage': 1, 'river_damage': 1}",8000,,Personal improvements;Modest house renovations;Structual house changes;Flood insurance;Waterproofing walls & floors;Sandbags
4,a353,-30,-4000.0,"{'rain_damage': 1, 'river_damage': 1}",8000,Flood insurance,Personal improvements;Modest house renovations;Structual house changes;Flood insurance;Waterproofing walls & floors;Sandbags;Flood insurance
4,a354,2,59000.0,"{'rain_damage': 1, 'river_damage': 1}",0,Personal improvements;Modest house renovations;Structual house changes;Flood insurance,Personal improvements;Modest house renovations;Structual house changes;Flood insurance;Water pump;Self-activating wall;Sandbags;Waterproofing walls & floors;Green garden;Rain barrel;Personal improvements;Modest house renovations;Structual house changes;Flood insurance;Personal improvements;Modest house renovations;Structual house changes;Flood insurance;Personal improvements;Modest house renovations;Structual house changes;Flood insurance
4,a355,-36,-13000.0,"{'rain_damage': 1, 'river_damage': 1}",12000,,Personal improvements;Modest house renovations;Structual house changes;Flood insurance;Sandbags;Water pump
4,a356,-30,-4000.0,"{'rain_damage': 1, 'river_damage': 1}",8000,Flood insurance,Personal improvements;Modest house renovations;Structual house changes;Flood insurance;Waterproofing walls & floors;Sandbags;Flood insurance
4,a357,-44,-76000.0,"{'rain_damage': 1, 'river_damage': 1}",20000,,Personal improvements;Modest house renovations;Structual house changes;Flood insurance
4,a358,-40,-60000.0,"{'rain_damage': 1, 'river_damage': 1}",16000,,Personal improvements;Modest house renovations;Structual house changes;Flood insurance;Sandbags
4,a359,-39,-29000.0,"{'rain_damage': 1, 'river_damage': 1}",16000,,Personal improvements;Modest house renovations;Structual house changes;Flood insurance;Green garden
4,a360,-39,-59000.0,"{'rain_damage': 1, 'river_damage': 1}",16000,,Personal improvements;Modest house renovations;Structual house changes;Flood insurance;Green garden
4,a361,-9,1000.0,"{'rain_damage': 1, 'river_damage': 1}",0,Personal improvements;Modest house renovations,Personal improvements;Modest house renovations;Structual house changes;Flood insurance;Sandbags;Waterproofing walls & floors;Green garden;Rain barrel;Water pump;Self-activating wall;Personal improvements;Modest house renovations
4,a362,-30,-4000.0,"{'rain_damage': 1, 'river_damage': 1}",8000,Flood insurance,Personal improvements;Modest house renovations;Structual house changes;Flood insurance;Waterproofing walls & floors;Sandbags;Flood insurance
4,a363,-36,-13000.0,"{'rain_damage': 1, 'river_damage': 1}",12000,,Personal improvements;Modest house renovations;Structual house changes;Flood insurance;Sandbags;Water pump
4,a364,-35,-26000.0,"{'rain_damage': 1, 'river_damage': 1}",12000,,Personal improvements;Modest house renovations;Structual house changes;Flood insurance;Green garden;Sandbags
4,a365,-40,-45000.0,"{'rain_damage': 1, 'river_damage': 1}",16000,,Personal improvements;Modest house renovations;Structual house changes;Flood insurance;Sandbags
4,a366,-40,-60000.0,"{'rain_damage': 1, 'river_damage': 1}",16000,,Personal improvements;Modest house renovations;Structual house changes;Flood insurance;Sandbags
4,a367,-3,7000.0,"{'rain_damage': 1, 'river_damage': 1}",0,Personal improvements;Modest house renovations;Structual house changes;Flood insurance,Personal improvements;Modest house renovations;Structual house changes;Flood insurance;Water pump;Sandbags;Waterproofing walls & floors;Green garden;Rain barrel;Self-activating wall;Flood insurance;Personal improvements;Modest house renovations;Flood insurance;Personal improvements;Modest house renovations;Structual house changes;Flood insurance
4,a368,-40,-60000.0,"{'rain_damage': 1, 'river_damage': 1}",16000,,Personal improvements;Modest house renovations;Structual house changes;Flood insurance;Sandbags
4,a369,-40,-43000.0,"{'rain_damage': 1, 'river_damage': 1}",16000,,Personal improvements;Modest house renovations;Structual house changes;Flood insurance;Sandbags
4,a370,-17,1000.0,"{'rain_damage': 1, 'river_damage': 1}",4000,Personal improvements;Modest house renovations;Structual house changes;Flood insurance;Green garden,Personal improvements;Modest house renovations;Structual house changes;Flood insurance;Sandbags;Waterproofing walls & floors;Water pump;Flood insurance;Personal improvements;Modest house renovations;Structual house changes;Personal improvements;Modest house renovations;Structual house changes;Flood insurance;Green garden
4,a371,-31,-43000.0,"{'rain_damage': 1, 'river_damage': 1}",8000,,Personal improvements;Modest house renovations;Structual house changes;Flood insurance;Waterproofing walls & floors;Sandbags
4,a372,-39,-59000.0,"{'rain_damage': 1, 'river_damage': 1}",16000,,Personal improvements;Modest house renovations;Structual house changes;Flood insurance;Green garden
4,a373,-3,7000.0,"{'rain_damage': 1, 'river_damage': 1}",0,Personal improvements;Modest house renovations;Structual house changes;Flood insurance,Personal improvements;Modest house renovations;Structual house changes;Flood insurance;Water pump;Sandbags;Waterproofing walls & floors;Green garden;Rain barrel;Self-activating wall;Flood insurance;Personal improvements;Modest house renovations;Flood insurance;Personal improvements;Modest house renovations;Structual house changes;Flood insurance
4,a374,-40,-25000.0,"{'rain_damage': 1, 'river_damage': 1}",16000,,Personal improvements;Modest house renovations;Structual house changes;Flood insurance;Sandbags
4,a375,-30,-4000.0,"{'rain_damage': 1, 'river_damage': 1}",8000,Flood insurance,Personal improvements;Modest house renovations;Structual house changes;Flood insurance;Waterproofing walls & floors;Sandbags;Flood insurance
4,a376,-25,1000.0,"{'rain_damage': 1, 'river_damage': 1}",4000,Flood insurance,Personal improvements;Modest house renovations;Structual house changes;Flood insurance;Sandbags;Waterproofing walls & floors;Water pump;Flood insurance
4,a377,-40,-70000.0,"{'rain_damage': 1, 'river_damage': 1}",16000,,Personal improvements;Modest house renovations;Structual house changes;Flood insurance;Sandbags
4,a378,-24,-3000.0,"{'rain_damage': 1, 'river_damage': 1}",4000,Personal improvements;Modest house renovations,Personal improvements;Modest house renovations;Structual house changes;Flood insurance;Sandbags;Waterproofing walls & floors;Green garden;Personal improvements;Modest house renovations
4,a379,-35,-71000.0,"{'rain_damage': 1, 'river_damage': 1}",12000,,Personal improvements;Modest house renovations;Structual house changes;Flood insurance;Green garden;Sandbags
4,a380,-11,1000.0,"{'rain_damage': 1, 'river_damage': 1}",0,Personal improvements;Modest house renovations;Structual house changes,Personal improvements;Modest house renovations;Structual house changes;Flood insurance;Sandbags;Waterproofing walls & floors;Green garden;Water pump;Self-activating wall;Flood insurance;Personal improvements;Modest house renovations;Structual house changes
4,a381,-39,-29000.0,"{'rain_damage': 1, 'river_damage': 1}",16000,,Personal improvements;Modest house renovations;Structual house changes;Flood insurance;Green garden
4,a382,-36,-13000.0,"{'rain_damage': 1, 'river_damage': 1}",12000,,Personal improvements;Modest house renovations;Structual house changes;Flood insurance;Sandbags;Water pump
4,a383,-17,3000.0,"{'rain_damage': 1, 'river_damage': 1}",4000,Personal improvements;Modest house renovations;Structual house changes;Flood insurance;Water pump,Personal improvements;Modest house renovations;Structual house changes;Flood insurance;Sandbags;Waterproofing walls & floors;Green garden;Flood insurance;Personal improvements;Modest house renovations;Structual house changes;Personal improvements;Modest house renovations;Structual house changes;Flood insurance;Water pump
4,a384,-17,6000.0,"{'rain_damage': 1, 'river_damage': 1}",4000,Personal improvements;Modest house renovations;Structual house changes;Flood insurance;Water pump,Personal improvements;Modest house renovations;Structual house changes;Flood insurance;Sandbags;Waterproofing walls & floors;Green garden;Flood insurance;Personal improvements;Modest house renovations;Structual house changes;Personal improvements;Modest house renovations;Structual house changes;Flood insurance;Water pump
4,a385,-26,-39000.0,"{'rain_damage': 1, 'river_damage': 1}",4000,,Personal improvements;Modest house renovations;Structual house changes;Flood insurance;Sandbags;Waterproofing walls & floors;Green garden
4,a386,-21,1000.0,"{'rain_damage': 1, 'river_damage': 1}",4000,Flood insurance,Personal improvements;Modest house renovations;Structual house changes;Flood insurance;Sandbags;Waterproofing walls & floors;Green garden;Water pump;Flood insurance
4,a387,-25,1000.0,"{'rain_damage': 1, 'river_damage': 1}",4000,Flood insurance,Personal improvements;Modest house renovations;Structual house changes;Flood insurance;Sandbags;Waterproofing walls & floors;Water pump;Flood insurance
4,a388,1,41000.0,"{'rain_damage': 1, 'river_damage': 1}",0,Personal improvements;Modest house renovations;Structual house changes;Flood insurance,Personal improvements;Modest house renovations;Structual house changes;Flood insurance;Water pump;Sandbags;Waterproofing walls & floors;Green garden;Rain barrel;Self-activating wall;Personal improvements;Modest house renovations;Flood insurance;Personal improvements;Modest house renovations;Structual house changes;Flood insurance;Personal improvements;Modest house renovations;Structual house changes;Flood insurance
4,a389,-40,-25000.0,"{'rain_damage': 1, 'river_damage': 1}",16000,,Personal improvements;Modest house renovations;Structual house changes;Flood insurance;Sandbags
4,a390,-40,-25000.0,"{'rain_damage': 1, 'river_damage': 1}",16000,,Personal improvements;Modest house renovations;Structual house changes;Flood insurance;Sandbags
4,a391,-40,-40000.0,"{'rain_damage': 1, 'river_damage': 1}",16000,,Personal improvements;Modest house renovations;Structual house changes;Flood insurance;Sandbags
4,a392,-3,7000.0,"{'rain_damage': 1, 'river_damage': 1}",0,Personal improvements;Modest house renovations;Structual house changes;Flood insurance,Personal improvements;Modest house renovations;Structual house changes;Flood insurance;Water pump;Sandbags;Waterproofing walls & floors;Green garden;Rain barrel;Self-activating wall;Flood insurance;Personal improvements;Modest house renovations;Flood insurance;Personal improvements;Modest house renovations;Structual house changes;Flood insurance
4,a393,2,59000.0,"{'rain_damage': 1, 'river_damage': 1}",0,Personal improvements;Modest house renovations;Structual house changes;Flood insurance,Personal improvements;Modest house renovations;Structual house changes;Flood insurance;Water pump;Self-activating wall;Sandbags;Waterproofing walls & floors;Green garden;Rain barrel;Personal improvements;Modest house renovations;Structual house changes;Flood insurance;Personal improvements;Modest house renovations;Structual house changes;Flood insurance;Personal improvements;Modest house renovations;Structual house changes;Flood insurance
4,a394,-25,1000.0,"{'rain_damage': 1, 'river_damage': 1}",4000,Flood insurance,Personal improvements;Modest house renovations;Structual house changes;Flood insurance;Sandbags;Waterproofing walls & floors;Water pump;Flood insurance
4,a395,-11,1000.0,"{'rain_damage': 1, 'river_damage': 1}",0,Personal improvements;Modest house renovations;Structual house changes,Personal improvements;Modest house renovations;Structual house changes;Flood insurance;Sandbags;Waterproofing walls & floors;Green garden;Water pump;Self-activating wall;Flood insurance;Personal improvements;Modest house renovations;Structual house changes
4,a396,-40,-60000.0,"{'rain_damage': 1, 'river_damage': 1}",16000,,Personal improvements;Modest house renovations;Structual house changes;Flood insurance;Sandbags
4,a397,-45,-104000.0,"{'rain_damage': 1, 'river_damage': 1}",20000,,Personal improvements;Modest house renovations;Flood insurance
4,a398,-40,-43000.0,"{'rain_damage': 1, 'river_damage': 1}",16000,,Personal improvements;Modest house renovations;Structual house changes;Flood insurance;Sandbags
4,a399,-45,-106000.0,"{'rain_damage': 1, 'river_damage': 1}",20000,,Personal improvements;Modest house renovations;Flood insurance
4,a400,-7,3000.0,"{'rain_damage': 1, 'river_damage': 1}",0,Personal improvements;Modest house renovations;Structual house changes,Personal improvements;Modest house renovations;Structual house changes;Flood insurance;Water pump;Sandbags;Waterproofing walls & floors;Green garden;Rain barrel;Self-activating wall;Flood insurance;Personal improvements;Modest house renovations;Structual house changes
4,a401,-17,1000.0,"{'rain_damage': 1, 'river_damage': 1}",4000,Personal improvements;Modest house renovations;Structual house changes;Flood insurance;Green garden,Personal improvements;Modest house renovations;Structual house changes;Flood insurance;Sandbags;Waterproofing walls & floors;Water pump;Flood insurance;Personal improvements;Modest house renovations;Structual house changes;Personal improvements;Modest house renovations;Structual house changes;Flood insurance;Green garden
4,a402,-24,-3000.0,"{'rain_damage': 1, 'river_damage': 1}",4000,Personal improvements;Modest house renovations,Personal improvements;Modest house renovations;Structual house changes;Flood insurance;Sandbags;Waterproofing walls & floors;Green garden;Personal improvements;Modest house renovations
4,a403,-26,-39000.0,"{'rain_damage': 1, 'river_damage': 1}",4000,,Personal improvements;Modest house renovations;Structual house changes;Flood insurance;Sandbags;Waterproofing walls & floors;Green garden
4,a404,-40,-25000.0,"{'rain_damage': 1, 'river_damage': 1}",16000,,Personal improvements;Modest house renovations;Structual house changes;Flood insurance;Sandbags
4,a405,-24,-3000.0,"{'rain_damage': 1, 'river_damage': 1}",4000,Personal improvements;Modest house renovations,Personal improvements;Modest house renovations;Structual house changes;Flood insurance;Sandbags;Waterproofing walls & floors;Green garden;Personal improvements;Modest house renovations
4,a406,-40,-90000.0,"{'rain_damage': 1, 'river_damage': 1}",16000,,Personal improvements;Modest house renovations;Structual house changes;Flood insurance;Sandbags
4,a407,-9,1000.0,"{'rain_damage': 1, 'river_damage': 1}",0,Personal improvements;Modest house renovations,Personal improvements;Modest house renovations;Structual house changes;Flood insurance;Sandbags;Waterproofing walls & floors;Green garden;Rain barrel;Water pump;Self-activating wall;Personal improvements;Modest house renovations
4,a408,-31,-23000.0,"{'rain_damage': 1, 'river_damage': 1}",8000,,Personal improvements;Modest house renovations;Structual house changes;Flood insurance;Waterproofing walls & floors;Sandbags
4,a409,-25,1000.0,"{'rain_damage': 1, 'river_damage': 1}",4000,Flood insurance,Personal improvements;Modest house renovations;Structual house changes;Flood insurance;Sandbags;Waterproofing walls & floors;Water pump;Flood insurance
4,a410,-31,-23000.0,"{'rain_damage': 1, 'river_damage': 1}",8000,,Personal improvements;Modest house renovations;Structual house changes;Flood insurance;Waterproofing walls & floors;Sandbags
4,a411,-9,1000.0,"{'rain_damage': 1, 'river_damage': 1}",0,Personal improvements;Modest house renovations,Personal improvements;Modest house renovations;Structual house changes;Flood insurance;Sandbags;Waterproofing walls & floors;Green garden;Rain barrel;Water pump;Self-activating wall;Personal improvements;Modest house renovations
4,a412,-7,3000.0,"{'rain_damage': 1, 'river_damage': 1}",0,Personal improvements;Modest house renovations;Structual house changes,Personal improvements;Modest house renovations;Structual house changes;Flood insurance;Water pump;Sandbags;Waterproofing walls & floors;Green garden;Rain barrel;Self-activating wall;Flood insurance;Personal improvements;Modest house renovations;Structual house changes
4,a413,-40,-90000.0,"{'rain_damage': 1, 'river_damage': 1}",16000,,Personal improvements;Modest house renovations;Structual house changes;Flood insurance;Sandbags
4,a414,-17,6000.0,"{'rain_damage': 1, 'river_damage': 1}",4000,Personal improvements;Modest house renovations;Structual house changes;Flood insurance;Water pump,Personal improvements;Modest house renovations;Structual house changes;Flood insurance;Sandbags;Waterproofing walls & floors;Green garden;Flood insurance;Personal improvements;Modest house renovations;Structual house changes;Personal improvements;Modest house renovations;Structual house changes;Flood insurance;Water pump
4,a415,-21,1000.0,"{'rain_damage': 1, 'river_damage': 1}",4000,Flood insurance,Personal improvements;Modest house renovations;Structual house changes;Flood insurance;Sandbags;Waterproofing walls & floors;Green garden;Water pump;Flood insurance
4,a416,-44,-76000.0,"{'rain_damage': 1, 'river_damage': 1}",20000,,Personal improvements;Modest house renovations;Structual house changes;Flood insurance
4,a417,-31,-43000.0,"{'rain_damage': 1, 'river_damage': 1}",8000,,Personal improvements;Modest house renovations;Structual house changes;Flood insurance;Waterproofing walls & floors;Sandbags
4,a418,-41,-74000.0,"{'rain_damage': 1, 'river_damage': 1}",16000,,Personal improvements;Modest house renovations;Structual house changes;Sandbags
4,a419,-44,-76000.0,"{'rain_damage': 1, 'river_damage': 1}",20000,,Personal improvements;Modest house renovations;Structual house changes;Flood insurance
4,a420,-39,-59000.0,"{'rain_damage': 1, 'river_damage': 1}",16000,,Personal improvements;Modest house renovations;Structual house changes;Flood insurance;Green garden
4,a421,-23,-13000.0,"{'rain_damage': 1, 'river_damage': 1}",4000,,Personal improvements;Modest house renovations;Structual house changes;Flood insurance;Sandbags;Waterproofing walls & floors;Green garden;Water pump
4,a422,-41,-73000.0,"{'rain_damage': 1, 'river_damage': 1}",16000,,Personal improvements;Modest house renovations;Flood insurance;Sandbags
4,a423,-40,-40000.0,"{'rain_damage': 1, 'river_damage': 1}",16000,,Personal improvements;Modest house renovations;Structual house changes;Flood insurance;Sandbags
4,a424,-40,-60000.0,"{'rain_damage': 1, 'river_damage': 1}",16000,,Personal improvements;Modest house renovations;Structual house changes;Flood insurance;Sandbags
4,a425,-40,-25000.0,"{'rain_damage': 1, 'river_damage': 1}",16000,,Personal improvements;Modest house renovations;Structual house changes;Flood insurance;Sandbags
4,a426,-6,29000.0,"{'rain_damage': 1, 'river_damage': 1}",0,Personal improvements;Modest house renovations;Structual house changes;Flood insurance,Personal improvements;Modest house renovations;Structual house changes;Flood insurance;Sandbags;Waterproofing walls & floors;Green garden;Rain barrel;Water pump;Flood insurance;Personal improvements;Modest house renovations;Structual house changes;Flood insurance;Self-activating wall;Personal improvements;Modest house renovations;Structual house changes;Flood insurance
4,a427,2,59000.0,"{'rain_damage': 1, 'river_damage': 1}",0,Personal improvements;Modest house renovations;Structual house changes;Flood insurance,Personal improvements;Modest house renovations;Structual house changes;Flood insurance;Water pump;Self-activating wall;Sandbags;Waterproofing walls & floors;Green garden;Rain barrel;Personal improvements;Modest house renovations;Structual house changes;Flood insurance;Personal improvements;Modest house renovations;Structual house changes;Flood insurance;Personal improvements;Modest house renovations;Structual house changes;Flood insurance
4,a428,-41,-74000.0,"{'rain_damage': 1, 'river_damage': 1}",16000,,Personal improvements;Modest house renovations;Structual house changes;Sandbags
4,a429,-7,3000.0,"{'rain_damage': 1, 'river_damage': 1}",0,Personal improvements;Modest house renovations;Structual house changes,Personal improvements;Modest house renovations;Structual house changes;Flood insurance;Water pump;Sandbags;Waterproofing walls & floors;Green garden;Rain barrel;Self-activating wall;Flood insurance;Personal improvements;Modest house renovations;Structual house changes
4,a430,-40,-25000.0,"{'rain_damage': 1, 'river_damage': 1}",16000,,Personal improvements;Modest house renovations;Structual house changes;Flood insurance;Sandbags
4,a431,-39,-29000.0,"{'rain_damage': 1, 'river_damage': 1}",16000,,Personal improvements;Modest house renovations;Structual house changes;Flood insurance;Green garden
4,a432,-41,-88000.0,"{'rain_damage': 1, 'river_damage': 1}",16000,,Personal improvements;Modest house renovations;Flood insurance;Sandbags
4,a433,-31,-43000.0,"{'rain_damage': 1, 'river_damage': 1}",8000,,Personal improvements;Modest house renovations;Structual house changes;Flood insurance;Waterproofing walls & floors;Sandbags
4,a434,-19,-3000.0,"{'rain_damage': 1, 'river_damage': 1}",4000,Personal improvements;Modest house renovations;Structual house changes,Personal improvements;Modest house renovations;Structual house changes;Flood insurance;Sandbags;Waterproofing walls & floors;Green garden;Rain barrel;Personal improvements;Modest house renovations;Structual house changes
4,a435,-31,-43000.0,"{'rain_damage': 1, 'river_damage': 1}",8000,,Personal improvements;Modest house renovations;Structual house changes;Flood insurance;Waterproofing walls & floors;Sandbags
4,a436,-7,3000.0,"{'rain_damage': 1, 'river_damage': 1}",0,Personal improvements;Modest house renovations;Structual house changes,Personal improvements;Modest house renovations;Structual house changes;Flood insurance;Water pump;Sandbags;Waterproofing walls & floors;Green garden;Rain barrel;Self-activating wall;Flood insurance;Personal improvements;Modest house renovations;Structual house changes
4,a437,-24,-3000.0,"{'rain_damage': 1, 'river_damage': 1}",4000,Personal improvements;Modest house renovations,Personal improvements;Modest house renovations;Structual house changes;Flood insurance;Sandbags;Waterproofing walls & floors;Green garden;Personal improvements;Modest house renovations
4,a438,-41,-59000.0,"{'rain_damage': 1, 'river_damage': 1}",16000,,Personal improvements;Modest house renovations;Structual house changes;Sandbags
4,a439,-39,-29000.0,"{'rain_damage': 1, 'river_damage': 1}",16000,,Personal improvements;Modest house renovations;Structual house changes;Flood insurance;Green garden
4,a440,-41,-74000.0,"{'rain_damage': 1, 'river_damage': 1}",16000,,Personal improvements;Modest house renovations;Structual house changes;Sandbags
4,a441,-25,1000.0,"{'rain_damage': 1, 'river_damage': 1}",4000,Flood insurance,Personal improvements;Modest house renovations;Structual house changes;Flood insurance;Sandbags;Waterproofing walls & floors;Water pump;Flood insurance
4,a442,-23,-13000.0,"{'rain_damage': 1, 'river_damage': 1}",4000,,Personal improvements;Modest house renovations;Structual house changes;Flood insurance;Sandbags;Waterproofing walls & floors;Green garden;Water pump
4,a443,-45,-90000.0,"{'rain_damage': 1, 'river_damage': 1}",20000,,Personal improvements;Modest house renovations;Structual house changes
4,a444,-45,-104000.0,"{'rain_damage': 1, 'river_damage': 1}",20000,,Personal improvements;Modest house renovations;Flood insurance
4,a445,2,59000.0,"{'rain_damage': 1, 'river_damage': 1}",0,Personal improvements;Modest house renovations;Structual house changes;Flood insurance,Personal improvements;Modest house renovations;Structual house changes;Flood insurance;Water pump;Self-activating wall;Sandbags;Waterproofing walls & floors;Green garden;Rain barrel;Personal improvements;Modest house renovations;Structual house changes;Flood insurance;Personal improvements;Modest house renovations;Structual house changes;Flood insurance;Personal improvements;Modest house renovations;Structual house changes;Flood insurance
4,a446,-24,-3000.0,"{'rain_damage': 1, 'river_damage': 1}",4000,Personal improvements;Modest house renovations,Personal improvements;Modest house renovations;Structual house changes;Flood insurance;Sandbags;Waterproofing walls & floors;Green garden;Personal improvements;Modest house renovations
4,a447,-26,-39000.0,"{'rain_damage': 1, 'river_damage': 1}",4000,,Personal improvements;Modest house renovations;Structual house changes;Flood insurance;Sandbags;Waterproofing walls & floors;Green garden
4,a448,-3,7000.0,"{'rain_damage': 1, 'river_damage': 1}",0,Personal improvements;Modest house renovations;Structual house changes;Flood insurance,Personal improvements;Modest house renovations;Structual house changes;Flood insurance;Water pump;Sandbags;Waterproofing walls & floors;Green garden;Rain barrel;Self-activating wall;Flood insurance;Personal improvements;Modest house renovations;Flood insurance;Personal improvements;Modest house renovations;Structual house changes;Flood insurance
4,a449,-40,-43000.0,"{'rain_damage': 1, 'river_damage': 1}",16000,,Personal improvements;Modest house renovations;Structual house changes;Flood insurance;Sandbags
4,a450,-40,-45000.0,"{'rain_damage': 1, 'river_damage': 1}",16000,,Personal improvements;Modest house renovations;Structual house changes;Flood insurance;Sandbags
4,a451,-40,-60000.0,"{'rain_damage': 1, 'river_damage': 1}",16000,,Personal improvements;Modest house renovations;Structual house changes;Flood insurance;Sandbags
4,a452,-26,-39000.0,"{'rain_damage': 1, 'river_damage': 1}",4000,,Personal improvements;Modest house renovations;Structual house changes;Flood insurance;Sandbags;Waterproofing walls & floors;Green garden
4,a453,-36,-13000.0,"{'rain_damage': 1, 'river_damage': 1}",12000,,Personal improvements;Modest house renovations;Structual house changes;Flood insurance;Sandbags;Water pump
4,a454,-45,-106000.0,"{'rain_damage': 1, 'river_damage': 1}",20000,,Personal improvements;Modest house renovations;Flood insurance
4,a455,-45,-90000.0,"{'rain_damage': 1, 'river_damage': 1}",20000,,Personal improvements;Modest house renovations;Structual house changes
4,a456,-23,-13000.0,"{'rain_damage': 1, 'river_damage': 1}",4000,,Personal improvements;Modest house renovations;Structual house changes;Flood insurance;Sandbags;Waterproofing walls & floors;Green garden;Water pump
4,a457,-41,-88000.0,"{'rain_damage': 1, 'river_damage': 1}",16000,,Personal improvements;Modest house renovations;Flood insurance;Sandbags
4,a458,-35,-71000.0,"{'rain_damage': 1, 'river_damage': 1}",12000,,Personal improvements;Modest house renovations;Structual house changes;Flood insurance;Green garden;Sandbags
4,a459,-17,3000.0,"{'rain_damage': 1, 'river_damage': 1}",4000,Personal improvements;Modest house renovations;Structual house changes;Flood insurance;Water pump,Personal improvements;Modest house renovations;Structual house changes;Flood insurance;Sandbags;Waterproofing walls & floors;Green garden;Flood insurance;Personal improvements;Modest house renovations;Structual house changes;Personal improvements;Modest house renovations;Structual house changes;Flood insurance;Water pump
4,a460,-35,-26000.0,"{'rain_damage': 1, 'river_damage': 1}",12000,,Personal improvements;Modest house renovations;Structual house changes;Flood insurance;Green garden;Sandbags
4,a461,-40,-40000.0,"{'rain_damage': 1, 'river_damage': 1}",16000,,Personal improvements;Modest house renovations;Structual house changes;Flood insurance;Sandbags
4,a462,-40,-70000.0,"{'rain_damage': 1, 'river_damage': 1}",16000,,Personal improvements;Modest house renovations;Structual house changes;Flood insurance;Sandbags
4,a463,-11,1000.0,"{'rain_damage': 1, 'river_damage': 1}",0,Personal improvements;Modest house renovations;Structual house changes,Personal improvements;Modest house renovations;Structual house changes;Flood insurance;Sandbags;Waterproofing walls & floors;Green garden;Water pump;Self-activating wall;Flood insurance;Personal improvements;Modest house renovations;Structual house changes
4,a464,-40,-40000.0,"{'rain_damage': 1, 'river_damage': 1}",16000,,Personal improvements;Modest house renovations;Structual house changes;Flood insurance;Sandbags
4,a465,-31,-43000.0,"{'rain_damage': 1, 'river_damage': 1}",8000,,Personal improvements;Modest house renovations;Structual house changes;Flood insurance;Waterproofing walls & floors;Sandbags
4,a466,-19,-11000.0,"{'rain_damage': 1, 'river_damage': 1}",4000,,Personal improvements;Modest house renovations;Structual house changes;Flood insurance;Sandbags;Waterproofing walls & floors;Green garden;Rain barrel;Water pump
4,a467,-39,-29000.0,"{'rain_damage': 1, 'river_damage': 1}",16000,,Personal improvements;Modest house renovations;Structual house changes;Flood insurance;Green garden
4,a468,-40,-90000.0,"{'rain_damage': 1, 'river_damage': 1}",16000,,Personal improvements;Modest house renovations;Structual house changes;Flood insurance;Sandbags
4,a469,-19,-11000.0,"{'rain_damage': 1, 'river_damage': 1}",4000,,Personal improvements;Modest house renovations;Structual house changes;Flood insurance;Sandbags;Waterproofing walls & floors;Green garden;Rain barrel;Water pump
4,a470,-31,-23000.0,"{'rain_damage': 1, 'river_damage': 1}",8000,,Personal improvements;Modest house renovations;Structual house changes;Flood insurance;Waterproofing walls & floors;Sandbags
4,a471,-3,7000.0,"{'rain_damage': 1, 'river_damage': 1}",0,Personal improvements;Modest house renovations;Structual house changes;Flood insurance,Personal improvements;Modest house renovations;Structual house changes;Flood insurance;Water pump;Sandbags;Waterproofing walls & floors;Green garden;Rain barrel;Self-activating wall;Flood insurance;Personal improvements;Modest house renovations;Flood insurance;Personal improvements;Modest house renovations;Structual house changes;Flood insurance
4,a472,-31,-43000.0,"{'rain_damage': 1, 'river_damage': 1}",8000,,Personal improvements;Modest house renovations;Structual house changes;Flood insurance;Waterproofing walls & floors;Sandbags
4,a473,-17,6000.0,"{'rain_damage': 1, 'river_damage': 1}",4000,Personal improvements;Modest house renovations;Structual house changes;Flood insurance;Water pump,Personal improvements;Modest house renovations;Structual house changes;Flood insurance;Sandbags;Waterproofing walls & floors;Green garden;Flood insurance;Personal improvements;Modest house renovations;Structual house changes;Personal improvements;Modest house renovations;Structual house changes;Flood insurance;Water pump
4,a474,-11,1000.0,"{'rain_damage': 1, 'river_damage': 1}",0,Personal improvements;Modest house renovations;Structual house changes,Personal improvements;Modest house renovations;Structual house changes;Flood insurance;Sandbags;Waterproofing walls & floors;Green garden;Water pump;Self-activating wall;Flood insurance;Personal improvements;Modest house renovations;Structual house changes
4,a475,-40,-60000.0,"{'rain_damage': 1, 'river_damage': 1}",16000,,Personal improvements;Modest house renovations;Structual house changes;Flood insurance;Sandbags
4,a476,-44,-76000.0,"{'rain_damage': 1, 'river_damage': 1}",20000,,Personal improvements;Modest house renovations;Structual house changes;Flood insurance
4,a477,-40,-25000.0,"{'rain_damage': 1, 'river_damage': 1}",16000,,Personal improvements;Modest house renovations;Structual house changes;Flood insurance;Sandbags
4,a478,-41,-74000.0,"{'rain_damage': 1, 'river_damage': 1}",16000,,Personal improvements;Modest house renovations;Structual house changes;Sandbags
4,a479,-40,-40000.0,"{'rain_damage': 1, 'river_damage': 1}",16000,,Personal improvements;Modest house renovations;Structual house changes;Flood insurance;Sandbags
4,a480,-40,-45000.0,"{'rain_damage': 1, 'river_damage': 1}",16000,,Personal improvements;Modest house renovations;Structual house changes;Flood insurance;Sandbags
4,a481,-13,-4000.0,"{'rain_damage': 1, 'river_damage': 1}",4000,Personal improvements;Modest house renovations;Structual house changes;Flood insurance;Rain barrel,Personal improvements;Modest house renovations;Structual house changes;Flood insurance;Sandbags;Waterproofing walls & floors;Green garden;Water pump;Flood insurance;Personal improvements;Personal improvements;Modest house renovations;Structual house changes;Personal improvements;Modest house renovations;Structual house changes;Flood insurance;Rain barrel
4,a482,-45,-106000.0,"{'rain_damage': 1, 'river_damage': 1}",20000,,Personal improvements;Modest house renovations;Flood insurance
4,a483,-45,-90000.0,"{'rain_damage': 1, 'river_damage': 1}",20000,,Personal improvements;Modest house renovations;Structual house changes
4,a484,-17,3000.0,"{'rain_damage': 1, 'river_damage': 1}",4000,Personal improvements;Modest house renovations;Structual house changes;Flood insurance;Water pump,Personal improvements;Modest house renovations;Structual house changes;Flood insurance;Sandbags;Waterproofing walls & floors;Green garden;Flood insurance;Personal improvements;Modest house renovations;Structual house changes;Personal improvements;Modest house renovations;Structual house changes;Flood insurance;Water pump
4,a485,-7,3000.0,"{'rain_damage': 1, 'river_damage': 1}",0,Personal improvements;Modest house renovations;Structual house changes,Personal improvements;Modest house renovations;Structual house changes;Flood insurance;Water pump;Sandbags;Waterproofing walls & floors;Green garden;Rain barrel;Self-activating wall;Flood insurance;Personal improvements;Modest house renovations;Structual house changes
4,a486,-40,-60000.0,"{'rain_damage': 1, 'river_damage': 1}",16000,,Personal improvements;Modest house renovations;Structual house changes;Flood insurance;Sandbags
4,a487,-21,1000.0,"{'rain_damage': 1, 'river_damage': 1}",4000,Flood insurance,Personal improvements;Modest house renovations;Structual house changes;Flood insurance;Sandbags;Waterproofing walls & floors;Green garden;Water pump;Flood insurance
4,a488,-26,-39000.0,"{'rain_damage': 1, 'river_damage': 1}",4000,,Personal improvements;Modest house renovations;Structual house changes;Flood insurance;Sandbags;Waterproofing walls & floors;Green garden
4,a489,-45,-90000.0,"{'rain_damage': 1, 'river_damage': 1}",20000,,Personal improvements;Modest house renovations;Structual house changes
4,a490,-17,3000.0,"{'rain_damage': 1, 'river_damage': 1}",4000,Personal improvements;Modest house renovations;Structual house changes;Flood insurance;Water pump,Personal improvements;Modest house renovations;Structual house changes;Flood insurance;Sandbags;Waterproofing walls & floors;Green garden;Flood insurance;Personal improvements;Modest house renovations;Structual house changes;Personal improvements;Modest house renovations;Structual house changes;Flood insurance;Water pump
4,a491,-40,-45000.0,"{'rain_damage': 1, 'river_damage': 1}",16000,,Personal improvements;Modest house renovations;Structual house changes;Flood insurance;Sandbags
4,a492,-31,-43000.0,"{'rain_damage': 1, 'river_damage': 1}",8000,,Personal improvements;Modest house renovations;Structual house changes;Flood insurance;Waterproofing walls & floors;Sandbags
4,a493,-40,-25000.0,"{'rain_damage': 1, 'river_damage': 1}",16000,,Personal improvements;Modest house renovations;Structual house changes;Flood insurance;Sandbags
4,a494,-31,-43000.0,"{'rain_damage': 1, 'river_damage': 1}",8000,,Personal improvements;Modest house renovations;Structual house changes;Flood insurance;Waterproofing walls & floors;Sandbags
4,a495,-21,1000.0,"{'rain_damage': 1, 'river_damage': 1}",4000,Flood insurance,Personal improvements;Modest house renovations;Structual house changes;Flood insurance;Sandbags;Waterproofing walls & floors;Green garden;Water pump;Flood insurance
4,a496,-44,-76000.0,"{'rain_damage': 1, 'river_damage': 1}",20000,,Personal improvements;Modest house renovations;Structual house changes;Flood insurance
4,a497,-44,-76000.0,"{'rain_damage': 1, 'river_damage': 1}",20000,,Personal improvements;Modest house renovations;Structual house changes;Flood insurance
4,a498,-40,-60000.0,"{'rain_damage': 1, 'river_damage': 1}",16000,,Personal improvements;Modest house renovations;Structual house changes;Flood insurance;Sandbags
4,a499,-17,1000.0,"{'rain_damage': 1, 'river_damage': 1}",4000,Personal improvements;Modest house renovations;Structual house changes;Flood insurance;Green garden,Personal improvements;Modest house renovations;Structual house changes;Flood insurance;Sandbags;Waterproofing walls & floors;Water pump;Flood insurance;Personal improvements;Modest house renovations;Structual house changes;Personal improvements;Modest house renovations;Structual house changes;Flood insurance;Green garden
4,a500,-40,-45000.0,"{'rain_damage': 1, 'river_damage': 1}",16000,,Personal improvements;Modest house renovations;Structual house changes;Flood insurance;Sandbags
4,a501,-40,-40000.0,"{'rain_damage': 1, 'river_damage': 1}",16000,,Personal improvements;Modest house renovations;Structual house changes;Flood insurance;Sandbags
4,a502,-19,-11000.0,"{'rain_damage': 1, 'river_damage': 1}",4000,,Personal improvements;Modest house renovations;Structual house changes;Flood insurance;Sandbags;Waterproofing walls & floors;Green garden;Rain barrel;Water pump
4,a503,-30,-4000.0,"{'rain_damage': 1, 'river_damage': 1}",8000,Flood insurance,Personal improvements;Modest house renovations;Structual house changes;Flood insurance;Waterproofing walls & floors;Sandbags;Flood insurance
4,a504,-39,-59000.0,"{'rain_damage': 1, 'river_damage': 1}",16000,,Personal improvements;Modest house renovations;Structual house changes;Flood insurance;Green garden
4,a505,-31,-23000.0,"{'rain_damage': 1, 'river_damage': 1}",8000,,Personal improvements;Modest house renovations;Structual house changes;Flood insurance;Waterproofing walls & floors;Sandbags
4,a506,-21,1000.0,"{'rain_damage': 1, 'river_damage': 1}",4000,Flood insurance,Personal improvements;Modest house renovations;Structual house changes;Flood insurance;Sandbags;Waterproofing walls & floors;Green garden;Water pump;Flood insurance
4,a507,-30,-4000.0,"{'rain_damage': 1, 'river_damage': 1}",8000,Flood insurance,Personal improvements;Modest house renovations;Structual house changes;Flood insurance;Waterproofing walls & floors;Sandbags;Flood insurance
4,a508,-23,-13000.0,"{'rain_damage': 1, 'river_damage': 1}",4000,,Personal improvements;Modest house renovations;Structual house changes;Flood insurance;Sandbags;Waterproofing walls & floors;Green garden;Water pump
4,a509,-13,-4000.0,"{'rain_damage': 1, 'river_damage': 1}",4000,Personal improvements;Modest house renovations;Structual house changes;Flood insurance;Rain barrel,Personal improvements;Modest house renovations;Structual house changes;Flood insurance;Sandbags;Waterproofing walls & floors;Green garden;Water pump;Flood insurance;Personal improvements;Personal improvements;Modest house renovations;Structual house changes;Personal improvements;Modest house renovations;Structual house changes;Flood insurance;Rain barrel
4,a510,-40,-40000.0,"{'rain_damage': 1, 'river_damage': 1}",16000,,Personal improvements;Modest house renovations;Structual house changes;Flood insurance;Sandbags
4,a511,-6,5000.0,"{'rain_damage': 1, 'river_damage': 1}",0,Personal improvements;Modest house renovations;Structual house changes,Personal improvements;Modest house renovations;Structual house changes;Flood insurance;Water pump;Sandbags;Waterproofing walls & floors;Green garden;Rain barrel;Self-activating wall;Personal improvements;Modest house renovations;Personal improvements;Modest house renovations;Structual house changes
4,a512,-25,1000.0,"{'rain_damage': 1, 'river_damage': 1}",4000,Flood insurance,Personal improvements;Modest house renovations;Structual house changes;Flood insurance;Sandbags;Waterproofing walls & floors;Water pump;Flood insurance
4,a513,-31,-23000.0,"{'rain_damage': 1, 'river_damage': 1}",8000,,Personal improvements;Modest house renovations;Structual house changes;Flood insurance;Waterproofing walls & floors;Sandbags
4,a514,-23,-13000.0,"{'rain_damage': 1, 'river_damage': 1}",4000,,Personal improvements;Modest house renovations;Structual house changes;Flood insurance;Sandbags;Waterproofing walls & floors;Green garden;Water pump
4,a515,2,59000.0,"{'rain_damage': 1, 'river_damage': 1}",0,Personal improvements;Modest house renovations;Structual house changes;Flood insurance,Personal improvements;Modest house renovations;Structual house changes;Flood insurance;Water pump;Self-activating wall;Sandbags;Waterproofing walls & floors;Green garden;Rain barrel;Personal improvements;Modest house renovations;Structual house changes;Flood insurance;Personal improvements;Modest house renovations;Structual house changes;Flood insurance;Personal improvements;Modest house renovations;Structual house changes;Flood insurance
4,a516,-41,-74000.0,"{'rain_damage': 1, 'river_damage': 1}",16000,,Personal improvements;Modest house renovations;Structual house changes;Sandbags
4,a517,-19,-11000.0,"{'rain_damage': 1, 'river_damage': 1}",4000,,Personal improvements;Modest house renovations;Structual house changes;Flood insurance;Sandbags;Waterproofing walls & floors;Green garden;Rain barrel;Water pump
4,a518,-45,-90000.0,"{'rain_damage': 1, 'river_damage': 1}",20000,,Personal improvements;Modest house renovations;Structual house changes
4,a519,-41,-59000.0,"{'rain_damage': 1, 'river_damage': 1}",16000,,Personal improvements;Modest house renovations;Structual house changes;Sandbags
4,a520,-31,-43000.0,"{'rain_damage': 1, 'river_damage': 1}",8000,,Personal improvements;Modest house renovations;Structual house changes;Flood insurance;Waterproofing walls & floors;Sandbags
4,a521,-40,-90000.0,"{'rain_damage': 1, 'river_damage': 1}",16000,,Personal improvements;Modest house renovations;Structual house changes;Flood insurance;Sandbags
4,a522,-9,1000.0,"{'rain_damage': 1, 'river_damage': 1}",0,Personal improvements;Modest house renovations,Personal improvements;Modest house renovations;Structual house changes;Flood insurance;Sandbags;Waterproofing walls & floors;Green garden;Rain barrel;Water pump;Self-activating wall;Personal improvements;Modest house renovations
4,a523,2,59000.0,"{'rain_damage': 1, 'river_damage': 1}",0,Personal improvements;Modest house renovations;Structual house changes;Flood insurance,Personal improvements;Modest house renovations;Structual house changes;Flood insurance;Water pump;Self-activating wall;Sandbags;Waterproofing walls & floors;Green garden;Rain barrel;Personal improvements;Modest house renovations;Structual house changes;Flood insurance;Personal improvements;Modest house renovations;Structual house changes;Flood insurance;Personal improvements;Modest house renovations;Structual house changes;Flood insurance
4,a524,-40,-25000.0,"{'rain_damage': 1, 'river_damage': 1}",16000,,Personal improvements;Modest house renovations;Structual house changes;Flood insurance;Sandbags
4,a525,-3,7000.0,"{'rain_damage': 1, 'river_damage': 1}",0,Personal improvements;Modest house renovations;Structual house changes;Flood insurance,Personal improvements;Modest house renovations;Structual house changes;Flood insurance;Water pump;Sandbags;Waterproofing walls & floors;Green garden;Rain barrel;Self-activating wall;Flood insurance;Personal improvements;Modest house renovations;Flood insurance;Personal improvements;Modest house renovations;Structual house changes;Flood insurance
4,a526,-41,-74000.0,"{'rain_damage': 1, 'river_damage': 1}",16000,,Personal improvements;Modest house renovations;Structual house changes;Sandbags
4,a527,-7,3000.0,"{'rain_damage': 1, 'river_damage': 1}",0,Personal improvements;Modest house renovations;Structual house changes,Personal improvements;Modest house renovations;Structual house changes;Flood insurance;Water pump;Sandbags;Waterproofing walls & floors;Green garden;Rain barrel;Self-activating wall;Flood insurance;Personal improvements;Modest house renovations;Structual house changes
4,a528,-31,-43000.0,"{'rain_damage': 1, 'river_damage': 1}",8000,,Personal improvements;Modest house renovations;Structual house changes;Flood insurance;Waterproofing walls & floors;Sandbags
4,a529,-40,-25000.0,"{'rain_damage': 1, 'river_damage': 1}",16000,,Personal improvements;Modest house renovations;Structual house changes;Flood insurance;Sandbags
4,a530,-17,1000.0,"{'rain_damage': 1, 'river_damage': 1}",4000,Personal improvements;Modest house renovations;Structual house changes;Flood insurance;Green garden,Personal improvements;Modest house renovations;Structual house changes;Flood insurance;Sandbags;Waterproofing walls & floors;Water pump;Flood insurance;Personal improvements;Modest house renovations;Structual house changes;Personal improvements;Modest house renovations;Structual house changes;Flood insurance;Green garden
4,a531,-17,3000.0,"{'rain_damage': 1, 'river_damage': 1}",4000,Personal improvements;Modest house renovations;Structual house changes;Flood insurance;Water pump,Personal improvements;Modest house renovations;Structual house changes;Flood insurance;Sandbags;Waterproofing walls & floors;Green garden;Flood insurance;Personal improvements;Modest house renovations;Structual house changes;Personal improvements;Modest house renovations;Structual house changes;Flood insurance;Water pump
4,a532,2,59000.0,"{'rain_damage': 1, 'river_damage': 1}",0,Personal improvements;Modest house renovations;Structual house changes;Flood insurance,Personal improvements;Modest house renovations;Structual house changes;Flood insurance;Water pump;Self-activating wall;Sandbags;Waterproofing walls & floors;Green garden;Rain barrel;Personal improvements;Modest house renovations;Structual house changes;Flood insurance;Personal improvements;Modest house renovations;Structual house changes;Flood insurance;Personal improvements;Modest house renovations;Structual house changes;Flood insurance
4,a533,-40,-25000.0,"{'rain_damage': 1, 'river_damage': 1}",16000,,Personal improvements;Modest house renovations;Structual house changes;Flood insurance;Sandbags
4,a534,-40,-40000.0,"{'rain_damage': 1, 'river_damage': 1}",16000,,Personal improvements;Modest house renovations;Structual house changes;Flood insurance;Sandbags
4,a535,-13,-4000.0,"{'rain_damage': 1, 'river_damage': 1}",4000,Personal improvements;Modest house renovations;Structual house changes;Flood insurance;Rain barrel,Personal improvements;Modest house renovations;Structual house changes;Flood insurance;Sandbags;Waterproofing walls & floors;Green garden;Water pump;Flood insurance;Personal improvements;Personal improvements;Modest house renovations;Structual house changes;Personal improvements;Modest house renovations;Structual house changes;Flood insurance;Rain barrel
4,a536,-11,1000.0,"{'rain_damage': 1, 'river_damage': 1}",0,Personal improvements;Modest house renovations;Structual house changes,Personal improvements;Modest house renovations;Structual house changes;Flood insurance;Sandbags;Waterproofing walls & floors;Green garden;Water pump;Self-activating wall;Flood insurance;Personal improvements;Modest house renovations;Structual house changes
4,a537,-31,-23000.0,"{'rain_damage': 1, 'river_damage': 1}",8000,,Personal improvements;Modest house renovations;Structual house changes;Flood insurance;Waterproofing walls & floors;Sandbags
4,a538,-19,-3000.0,"{'rain_damage': 1, 'river_damage': 1}",4000,Personal improvements;Modest house renovations;Structual house changes,Personal improvements;Modest house renovations;Structual house changes;Flood insurance;Sandbags;Waterproofing walls & floors;Green garden;Rain barrel;Personal improvements;Modest house renovations;Structual house changes
4,a539,-19,-11000.0,"{'rain_damage': 1, 'river_damage': 1}",4000,,Personal improvements;Modest house renovations;Structual house changes;Flood insurance;Sandbags;Waterproofing walls & floors;Green garden;Rain barrel;Water pump
4,a540,-31,-23000.0,"{'rain_damage': 1, 'river_damage': 1}",8000,,Personal improvements;Modest house renovations;Structual house changes;Flood insurance;Waterproofing walls & floors;Sandbags
4,a541,-19,-3000.0,"{'rain_damage': 1, 'river_damage': 1}",4000,Personal improvements;Modest house renovations;Structual house changes,Personal improvements;Modest house renovations;Structual house changes;Flood insurance;Sandbags;Waterproofing walls & floors;Green garden;Rain barrel;Personal improvements;Modest house renovations;Structual house changes
4,a542,-41,-88000.0,"{'rain_damage': 1, 'river_damage': 1}",16000,,Personal improvements;Modest house renovations;Flood insurance;Sandbags
4,a543,-35,-71000.0,"{'rain_damage': 1, 'river_damage': 1}",12000,,Personal improvements;Modest house renovations;Structual house changes;Flood insurance;Green garden;Sandbags
4,a544,-21,1000.0,"{'rain_damage': 1, 'river_damage': 1}",4000,Flood insurance,Personal improvements;Modest house renovations;Structual house changes;Flood insurance;Sandbags;Waterproofing walls & floors;Green garden;Water pump;Flood insurance
4,a545,-41,-59000.0,"{'rain_damage': 1, 'river_damage': 1}",16000,,Personal improvements;Modest house renovations;Structual house changes;Sandbags
4,a546,-40,-45000.0,"{'rain_damage': 1, 'river_damage': 1}",16000,,Personal improvements;Modest house renovations;Structual house changes;Flood insurance;Sandbags
4,a547,-25,1000.0,"{'rain_damage': 1, 'river_damage': 1}",4000,Flood insurance,Personal improvements;Modest house renovations;Structual house changes;Flood insurance;Sandbags;Waterproofing walls & floors;Water pump;Flood insurance
4,a548,-35,-71000.0,"{'rain_damage': 1, 'river_damage': 1}",12000,,Personal improvements;Modest house renovations;Structual house changes;Flood insurance;Green garden;Sandbags
4,a549,-44,-76000.0,"{'rain_damage': 1, 'river_damage': 1}",20000,,Personal improvements;Modest house renovations;Structual house changes;Flood insurance
4,a550,-31,-23000.0,"{'rain_damage': 1, 'river_damage': 1}",8000,,Personal improvements;Modest house renovations;Structual house changes;Flood insurance;Waterproofing walls & floors;Sandbags
4,a551,-30,-4000.0,"{'rain_damage': 1, 'river_damage': 1}",8000,Flood insurance,Personal improvements;Modest house renovations;Structual house changes;Flood insurance;Waterproofing walls & floors;Sandbags;Flood insurance
4,a552,-19,-11000.0,"{'rain_damage': 1, 'river_damage': 1}",4000,,Personal improvements;Modest house renovations;Structual house changes;Flood insurance;Sandbags;Waterproofing walls & floors;Green garden;Rain barrel;Water pump
4,a553,-40,-70000.0,"{'rain_damage': 1, 'river_damage': 1}",16000,,Personal improvements;Modest house renovations;Structual house changes;Flood insurance;Sandbags
4,a554,-26,-39000.0,"{'rain_damage': 1, 'river_damage': 1}",4000,,Personal improvements;Modest house renovations;Structual house changes;Flood insurance;Sandbags;Waterproofing walls & floors;Green garden
4,a555,-40,-70000.0,"{'rain_damage': 1, 'river_damage': 1}",16000,,Personal improvements;Modest house renovations;Structual house changes;Flood insurance;Sandbags
4,a556,-39,-59000.0,"{'rain_damage': 1, 'river_damage': 1}",16000,,Personal improvements;Modest house renovations;Structual house changes;Flood insurance;Green garden
4,a557,-36,-13000.0,"{'rain_damage': 1, 'river_damage': 1}",12000,,Personal improvements;Modest house renovations;Structual house changes;Flood insurance;Sandbags;Water pump
4,a558,-36,-13000.0,"{'rain_damage': 1, 'river_damage': 1}",12000,,Personal improvements;Modest house renovations;Structual house changes;Flood insurance;Sandbags;Water pump
4,a559,-24,-3000.0,"{'rain_damage': 1, 'river_damage': 1}",4000,Personal improvements;Modest house renovations,Personal improvements;Modest house renovations;Structual house changes;Flood insurance;Sandbags;Waterproofing walls & floors;Green garden;Personal improvements;Modest house renovations
4,a560,-6,29000.0,"{'rain_damage': 1, 'river_damage': 1}",0,Personal improvements;Modest house renovations;Structual house changes;Flood insurance,Personal improvements;Modest house renovations;Structual house changes;Flood insurance;Sandbags;Waterproofing walls & floors;Green garden;Rain barrel;Water pump;Flood insurance;Personal improvements;Modest house renovations;Structual house changes;Flood insurance;Self-activating wall;Personal improvements;Modest house renovations;Structual house changes;Flood insurance
4,a561,-7,3000.0,"{'rain_damage': 1, 'river_damage': 1}",0,Personal improvements;Modest house renovations;Structual house changes,Personal improvements;Modest house renovations;Structual house changes;Flood insurance;Water pump;Sandbags;Waterproofing walls & floors;Green garden;Rain barrel;Self-activating wall;Flood insurance;Personal improvements;Modest house renovations;Structual house changes
4,a562,-24,-3000.0,"{'rain_damage': 1, 'river_damage': 1}",4000,Personal improvements;Modest house renovations,Personal improvements;Modest house renovations;Structual house changes;Flood insurance;Sandbags;Waterproofing walls & floors;Green garden;Personal improvements;Modest house renovations
4,a563,-41,-88000.0,"{'rain_damage': 1, 'river_damage': 1}",16000,,Personal improvements;Modest house renovations;Flood insurance;Sandbags
4,a564,-19,-3000.0,"{'rain_damage': 1, 'river_damage': 1}",4000,Personal improvements;Modest house renovations;Structual house changes,Personal improvements;Modest house renovations;Structual house changes;Flood insurance;Sandbags;Waterproofing walls & floors;Green garden;Rain barrel;Personal improvements;Modest house renovations;Structual house changes
4,a565,-41,-74000.0,"{'rain_damage': 1, 'river_damage': 1}",16000,,Personal improvements;Modest house renovations;Structual house changes;Sandbags
4,a566,-39,-59000.0,"{'rain_damage': 1, 'river_damage': 1}",16000,,Personal improvements;Modest house renovations;Structual house changes;Flood insurance;Green garden
4,a567,-35,-71000.0,"{'rain_damage': 1, 'river_damage': 1}",12000,,Personal improvements;Modest house renovations;Structual house changes;Flood insurance;Green garden;Sandbags
4,a568,-30,-4000.0,"{'rain_damage': 1, 'river_damage': 1}",8000,Flood insurance,Personal improvements;Modest house renovations;Structual house changes;Flood insurance;Waterproofing walls & floors;Sandbags;Flood insurance
4,a569,-31,-43000.0,"{'rain_damage': 1, 'river_damage': 1}",8000,,Personal improvements;Modest house renovations;Structual house changes;Flood insurance;Waterproofing walls & floors;Sandbags
4,a570,-44,-76000.0,"{'rain_damage': 1, 'river_damage': 1}",20000,,Personal improvements;Modest house renovations;Structual house changes;Flood insurance
4,a571,-41,-59000.0,"{'rain_damage': 1, 'river_damage': 1}",16000,,Personal improvements;Modest house renovations;Structual house changes;Sandbags
4,a572,-6,5000.0,"{'rain_damage': 1, 'river_damage': 1}",0,Personal improvements;Modest house renovations;Structual house changes,Personal improvements;Modest house renovations;Structual house changes;Flood insurance;Water pump;Sandbags;Waterproofing walls & floors;Green garden;Rain barrel;Self-activating wall;Personal improvements;Modest house renovations;Personal improvements;Modest house renovations;Structual house changes
4,a573,-41,-59000.0,"{'rain_damage': 1, 'river_damage': 1}",16000,,Personal improvements;Modest house renovations;Structual house changes;Sandbags
4,a574,-40,-45000.0,"{'rain_damage': 1, 'river_damage': 1}",16000,,Personal improvements;Modest house renovations;Structual house changes;Flood insurance;Sandbags
4,a575,-23,-13000.0,"{'rain_damage': 1, 'river_damage': 1}",4000,,Personal improvements;Modest house renovations;Structual house changes;Flood insurance;Sandbags;Waterproofing walls & floors;Green garden;Water pump
4,a576,-41,-73000.0,"{'rain_damage': 1, 'river_damage': 1}",16000,,Personal improvements;Modest house renovations;Flood insurance;Sandbags
4,a577,-41,-88000.0,"{'rain_damage': 1, 'river_damage': 1}",16000,,Personal improvements;Modest house renovations;Flood insurance;Sandbags
4,a578,2,59000.0,"{'rain_damage': 1, 'river_damage': 1}",0,Personal improvements;Modest house renovations;Structual house changes;Flood insurance,Personal improvements;Modest house renovations;Structual house changes;Flood insurance;Water pump;Self-activating wall;Sandbags;Waterproofing walls & floors;Green garden;Rain barrel;Personal improvements;Modest house renovations;Structual house changes;Flood insurance;Personal improvements;Modest house renovations;Structual house changes;Flood insurance;Personal improvements;Modest house renovations;Structual house changes;Flood insurance
4,a579,-6,29000.0,"{'rain_damage': 1, 'river_damage': 1}",0,Personal improvements;Modest house renovations;Structual house changes;Flood insurance,Personal improvements;Modest house renovations;Structual house changes;Flood insurance;Sandbags;Waterproofing walls & floors;Green garden;Rain barrel;Water pump;Flood insurance;Personal improvements;Modest house renovations;Structual house changes;Flood insurance;Self-activating wall;Personal improvements;Modest house renovations;Structual house changes;Flood insurance
4,a580,-45,-106000.0,"{'rain_damage': 1, 'river_damage': 1}",20000,,Personal improvements;Modest house renovations;Flood insurance
4,a581,-19,-3000.0,"{'rain_damage': 1, 'river_damage': 1}",4000,Personal improvements;Modest house renovations;Structual house changes,Personal improvements;Modest house renovations;Structual house changes;Flood insurance;Sandbags;Waterproofing walls & floors;Green garden;Rain barrel;Personal improvements;Modest house renovations;Structual house changes
4,a582,-21,1000.0,"{'rain_damage': 1, 'river_damage': 1}",4000,Flood insurance,Personal improvements;Modest house renovations;Structual house changes;Flood insurance;Sandbags;Waterproofing walls & floors;Green garden;Water pump;Flood insurance
4,a583,-40,-40000.0,"{'rain_damage': 1, 'river_damage': 1}",16000,,Personal improvements;Modest house renovations;Structual house changes;Flood insurance;Sandbags
4,a584,-24,-3000.0,"{'rain_damage': 1, 'river_damage': 1}",4000,Personal improvements;Modest house renovations,Personal improvements;Modest house renovations;Structual house changes;Flood insurance;Sandbags;Waterproofing walls & floors;Green garden;Personal improvements;Modest house renovations
4,a585,-17,3000.0,"{'rain_damage': 1, 'river_damage': 1}",4000,Personal improvements;Modest house renovations;Structual house changes;Flood insurance;Water pump,Personal improvements;Modest house renovations;Structual house changes;Flood insurance;Sandbags;Waterproofing walls & floors;Green garden;Flood insurance;Personal improvements;Modest house renovations;Structual house changes;Personal improvements;Modest house renovations;Structual house changes;Flood insurance;Water pump
4,a586,2,59000.0,"{'rain_damage': 1, 'river_damage': 1}",0,Personal improvements;Modest house renovations;Structual house changes;Flood insurance,Personal improvements;Modest house renovations;Structual house changes;Flood insurance;Water pump;Self-activating wall;Sandbags;Waterproofing walls & floors;Green garden;Rain barrel;Personal improvements;Modest house renovations;Structual house changes;Flood insurance;Personal improvements;Modest house renovations;Structual house changes;Flood insurance;Personal improvements;Modest house renovations;Structual house changes;Flood insurance
4,a587,-40,-90000.0,"{'rain_damage': 1, 'river_damage': 1}",16000,,Personal improvements;Modest house renovations;Structual house changes;Flood insurance;Sandbags
4,a588,-19,-11000.0,"{'rain_damage': 1, 'river_damage': 1}",4000,,Personal improvements;Modest house renovations;Structual house changes;Flood insurance;Sandbags;Waterproofing walls & floors;Green garden;Rain barrel;Water pump
4,a589,-35,-26000.0,"{'rain_damage': 1, 'river_damage': 1}",12000,,Personal improvements;Modest house renovations;Structual house changes;Flood insurance;Green garden;Sandbags
4,a590,-17,1000.0,"{'rain_damage': 1, 'river_damage': 1}",4000,Personal improvements;Modest house renovations;Structual house changes;Flood insurance;Green garden,Personal improvements;Modest house renovations;Structual house changes;Flood insurance;Sandbags;Waterproofing walls & floors;Water pump;Flood insurance;Personal improvements;Modest house renovations;Structual house changes;Personal improvements;Modest house renovations;Structual house changes;Flood insurance;Green garden
4,a591,-40,-40000.0,"{'rain_damage': 1, 'river_damage': 1}",16000,,Personal improvements;Modest house renovations;Structual house changes;Flood insurance;Sandbags
4,a592,-36,-13000.0,"{'rain_damage': 1, 'river_damage': 1}",12000,,Personal improvements;Modest house renovations;Structual house changes;Flood insurance;Sandbags;Water pump
4,a593,-35,-26000.0,"{'rain_damage': 1, 'river_damage': 1}",12000,,Personal improvements;Modest house renovations;Structual house changes;Flood insurance;Green garden;Sandbags
4,a594,-45,-90000.0,"{'rain_damage': 1, 'river_damage': 1}",20000,,Personal improvements;Modest house renovations;Structual house changes
4,a595,-45,-90000.0,"{'rain_damage': 1, 'river_damage': 1}",20000,,Personal improvements;Modest house renovations;Structual house changes
4,a596,-35,-26000.0,"{'rain_damage': 1, 'river_damage': 1}",12000,,Personal improvements;Modest house renovations;Structual house changes;Flood insurance;Green garden;Sandbags
4,a597,-17,3000.0,"{'rain_damage': 1, 'river_damage': 1}",4000,Personal improvements;Modest house renovations;Structual house changes;Flood insurance;Water pump,Personal improvements;Modest house renovations;Structual house changes;Flood insurance;Sandbags;Waterproofing walls & floors;Green garden;Flood insurance;Personal improvements;Modest house renovations;Structual house changes;Personal improvements;Modest house renovations;Structual house changes;Flood insurance;Water pump
4,a598,-45,-106000.0,"{'rain_damage': 1, 'river_damage': 1}",20000,,Personal improvements;Modest house renovations;Flood insurance
4,a599,1,41000.0,"{'rain_damage': 1, 'river_damage': 1}",0,Personal improvements;Modest house renovations;Structual house changes;Flood insurance,Personal improvements;Modest house renovations;Structual house changes;Flood insurance;Water pump;Sandbags;Waterproofing walls & floors;Green garden;Rain barrel;Self-activating wall;Personal improvements;Modest house renovations;Flood insurance;Personal improvements;Modest house renovations;Structual house changes;Flood insurance;Personal improvements;Modest house renovations;Structual house changes;Flood insurance
4,a600,-17,3000.0,"{'rain_damage': 1, 'river_damage': 1}",4000,Personal improvements;Modest house renovations;Structual house changes;Flood insurance;Water pump,Personal improvements;Modest house renovations;Structual house changes;Flood insurance;Sandbags;Waterproofing walls & floors;Green garden;Flood insurance;Personal improvements;Modest house renovations;Structual house changes;Personal improvements;Modest house renovations;Structual house changes;Flood insurance;Water pump
4,a601,2,59000.0,"{'rain_damage': 1, 'river_damage': 1}",0,Personal improvements;Modest house renovations;Structual house changes;Flood insurance,Personal improvements;Modest house renovations;Structual house changes;Flood insurance;Water pump;Self-activating wall;Sandbags;Waterproofing walls & floors;Green garden;Rain barrel;Personal improvements;Modest house renovations;Structual house changes;Flood insurance;Personal improvements;Modest house renovations;Structual house changes;Flood insurance;Personal improvements;Modest house renovations;Structual house changes;Flood insurance
4,a602,-25,1000.0,"{'rain_damage': 1, 'river_damage': 1}",4000,Flood insurance,Personal improvements;Modest house renovations;Structual house changes;Flood insurance;Sandbags;Waterproofing walls & floors;Water pump;Flood insurance
4,a603,-41,-88000.0,"{'rain_damage': 1, 'river_damage': 1}",16000,,Personal improvements;Modest house renovations;Flood insurance;Sandbags
4,a604,-17,1000.0,"{'rain_damage': 1, 'river_damage': 1}",4000,Personal improvements;Modest house renovations;Structual house changes;Flood insurance;Green garden,Personal improvements;Modest house renovations;Structual house changes;Flood insurance;Sandbags;Waterproofing walls & floors;Water pump;Flood insurance;Personal improvements;Modest house renovations;Structual house changes;Personal improvements;Modest house renovations;Structual house changes;Flood insurance;Green garden
4,a605,-40,-40000.0,"{'rain_damage': 1, 'river_damage': 1}",16000,,Personal improvements;Modest house renovations;Structual house changes;Flood insurance;Sandbags
4,a606,-41,-59000.0,"{'rain_damage': 1, 'river_damage': 1}",16000,,Personal improvements;Modest house renovations;Structual house changes;Sandbags
4,a607,-40,-40000.0,"{'rain_damage': 1, 'river_damage': 1}",16000,,Personal improvements;Modest house renovations;Structual house changes;Flood insurance;Sandbags
4,a608,-17,6000.0,"{'rain_damage': 1, 'river_damage': 1}",4000,Personal improvements;Modest house renovations;Structual house changes;Flood insurance;Water pump,Personal improvements;Modest house renovations;Structual house changes;Flood insurance;Sandbags;Waterproofing walls & floors;Green garden;Flood insurance;Personal improvements;Modest house renovations;Structual house changes;Personal improvements;Modest house renovations;Structual house changes;Flood insurance;Water pump
4,a609,-11,1000.0,"{'rain_damage': 1, 'river_damage': 1}",0,Personal improvements;Modest house renovations;Structual house changes,Personal improvements;Modest house renovations;Structual house changes;Flood insurance;Sandbags;Waterproofing walls & floors;Green garden;Water pump;Self-activating wall;Flood insurance;Personal improvements;Modest house renovations;Structual house changes
4,a610,-40,-40000.0,"{'rain_damage': 1, 'river_damage': 1}",16000,,Personal improvements;Modest house renovations;Structual house changes;Flood insurance;Sandbags
4,a611,-41,-73000.0,"{'rain_damage': 1, 'river_damage': 1}",16000,,Personal improvements;Modest house renovations;Flood insurance;Sandbags
4,a612,-39,-59000.0,"{'rain_damage': 1, 'river_damage': 1}",16000,,Personal improvements;Modest house renovations;Structual house changes;Flood insurance;Green garden
4,a613,-40,-45000.0,"{'rain_damage': 1, 'river_damage': 1}",16000,,Personal improvements;Modest house renovations;Structual house changes;Flood insurance;Sandbags
4,a614,-25,1000.0,"{'rain_damage': 1, 'river_damage': 1}",4000,Flood insurance,Personal improvements;Modest house renovations;Structual house changes;Flood insurance;Sandbags;Waterproofing walls & floors;Water pump;Flood insurance
4,a615,-19,-11000.0,"{'rain_damage': 1, 'river_damage': 1}",4000,,Personal improvements;Modest house renovations;Structual house changes;Flood insurance;Sandbags;Waterproofing walls & floors;Green garden;Rain barrel;Water pump
4,a616,-21,1000.0,"{'rain_damage': 1, 'river_damage': 1}",4000,Flood insurance,Personal improvements;Modest house renovations;Structual house changes;Flood insurance;Sandbags;Waterproofing walls & floors;Green garden;Water pump;Flood insurance
4,a617,-23,-13000.0,"{'rain_damage': 1, 'river_damage': 1}",4000,,Personal improvements;Modest house renovations;Structual house changes;Flood insurance;Sandbags;Waterproofing walls & floors;Green garden;Water pump
4,a618,-45,-104000.0,"{'rain_damage': 1, 'river_damage': 1}",20000,,Personal improvements;Modest house renovations;Flood insurance
4,a619,-44,-76000.0,"{'rain_damage': 1, 'river_damage': 1}",20000,,Personal improvements;Modest house renovations;Structual house changes;Flood insurance
4,a620,-30,-4000.0,"{'rain_damage': 1, 'river_damage': 1}",8000,Flood insurance,Personal improvements;Modest house renovations;Structual house changes;Flood insurance;Waterproofing walls & floors;Sandbags;Flood insurance
4,a621,-40,-70000.0,"{'rain_damage': 1, 'river_damage': 1}",16000,,Personal improvements;Modest house renovations;Structual house changes;Flood insurance;Sandbags
4,a622,-39,-29000.0,"{'rain_damage': 1, 'river_damage': 1}",16000,,Personal improvements;Modest house renovations;Structual house changes;Flood insurance;Green garden
4,a623,-40,-25000.0,"{'rain_damage': 1, 'river_damage': 1}",16000,,Personal improvements;Modest house renovations;Structual house changes;Flood insurance;Sandbags
4,a624,-9,1000.0,"{'rain_damage': 1, 'river_damage': 1}",0,Personal improvements;Modest house renovations,Personal improvements;Modest house renovations;Structual house changes;Flood insurance;Sandbags;Waterproofing walls & floors;Green garden;Rain barrel;Water pump;Self-activating wall;Personal improvements;Modest house renovations
4,a625,-40,-60000.0,"{'rain_damage': 1, 'river_damage': 1}",16000,,Personal improvements;Modest house renovations;Structual house changes;Flood insurance;Sandbags
4,a626,-41,-73000.0,"{'rain_damage': 1, 'river_damage': 1}",16000,,Personal improvements;Modest house renovations;Flood insurance;Sandbags
4,a627,-23,-13000.0,"{'rain_damage': 1, 'river_damage': 1}",4000,,Personal improvements;Modest house renovations;Structual house changes;Flood insurance;Sandbags;Waterproofing walls & floors;Green garden;Water pump
4,a628,-19,-3000.0,"{'rain_damage': 1, 'river_damage': 1}",4000,Personal improvements;Modest house renovations;Structual house changes,Personal improvements;Modest house renovations;Structual house changes;Flood insurance;Sandbags;Waterproofing walls & floors;Green garden;Rain barrel;Personal improvements;Modest house renovations;Structual house changes
4,a629,-11,1000.0,"{'rain_damage': 1, 'river_damage': 1}",0,Personal improvements;Modest house renovations;Structual house changes,Personal improvements;Modest house renovations;Structual house changes;Flood insurance;Sandbags;Waterproofing walls & floors;Green garden;Water pump;Self-activating wall;Flood insurance;Personal improvements;Modest house renovations;Structual house changes
4,a630,-44,-76000.0,"{'rain_damage': 1, 'river_damage': 1}",20000,,Personal improvements;Modest house renovations;Structual house changes;Flood insurance
4,a631,-45,-106000.0,"{'rain_damage': 1, 'river_damage': 1}",20000,,Personal improvements;Modest house renovations;Flood insurance
4,a632,-9,1000.0,"{'rain_damage': 1, 'river_damage': 1}",0,Personal improvements;Modest house renovations,Personal improvements;Modest house renovations;Structual house changes;Flood insurance;Sandbags;Waterproofing walls & floors;Green garden;Rain barrel;Water pump;Self-activating wall;Personal improvements;Modest house renovations
4,a633,-17,3000.0,"{'rain_damage': 1, 'river_damage': 1}",4000,Personal improvements;Modest house renovations;Structual house changes;Flood insurance;Water pump,Personal improvements;Modest house renovations;Structual house changes;Flood insurance;Sandbags;Waterproofing walls & floors;Green garden;Flood insurance;Personal improvements;Modest house renovations;Structual house changes;Personal improvements;Modest house renovations;Structual house changes;Flood insurance;Water pump
4,a634,-24,-3000.0,"{'rain_damage': 1, 'river_damage': 1}",4000,Personal improvements;Modest house renovations,Personal improvements;Modest house renovations;Structual house changes;Flood insurance;Sandbags;Waterproofing walls & floors;Green garden;Personal improvements;Modest house renovations
4,a635,-40,-25000.0,"{'rain_damage': 1, 'river_damage': 1}",16000,,Personal improvements;Modest house renovations;Structual house changes;Flood insurance;Sandbags
4,a636,-6,29000.0,"{'rain_damage': 1, 'river_damage': 1}",0,Personal improvements;Modest house renovations;Structual house changes;Flood insurance,Personal improvements;Modest house renovations;Structual house changes;Flood insurance;Sandbags;Waterproofing walls & floors;Green garden;Rain barrel;Water pump;Flood insurance;Personal improvements;Modest house renovations;Structual house changes;Flood insurance;Self-activating wall;Personal improvements;Modest house renovations;Structual house changes;Flood insurance
4,a637,-19,-11000.0,"{'rain_damage': 1, 'river_damage': 1}",4000,,Personal improvements;Modest house renovations;Structual house changes;Flood insurance;Sandbags;Waterproofing walls & floors;Green garden;Rain barrel;Water pump
4,a638,-6,29000.0,"{'rain_damage': 1, 'river_damage': 1}",0,Personal improvements;Modest house renovations;Structual house changes;Flood insurance,Personal improvements;Modest house renovations;Structual house changes;Flood insurance;Sandbags;Waterproofing walls & floors;Green garden;Rain barrel;Water pump;Flood insurance;Personal improvements;Modest house renovations;Structual house changes;Flood insurance;Self-activating wall;Personal improvements;Modest house renovations;Structual house changes;Flood insurance
4,a639,-41,-88000.0,"{'rain_damage': 1, 'river_damage': 1}",16000,,Personal improvements;Modest house renovations;Flood insurance;Sandbags
4,a640,-17,6000.0,"{'rain_damage': 1, 'river_damage': 1}",4000,Personal improvements;Modest house renovations;Structual house changes;Flood insurance;Water pump,Personal improvements;Modest house renovations;Structual house changes;Flood insurance;Sandbags;Waterproofing walls & floors;Green garden;Flood insurance;Personal improvements;Modest house renovations;Structual house changes;Personal improvements;Modest house renovations;Structual house changes;Flood insurance;Water pump
4,a641,-31,-23000.0,"{'rain_damage': 1, 'river_damage': 1}",8000,,Personal improvements;Modest house renovations;Structual house changes;Flood insurance;Waterproofing walls & floors;Sandbags
4,a642,-36,-13000.0,"{'rain_damage': 1, 'river_damage': 1}",12000,,Personal improvements;Modest house renovations;Structual house changes;Flood insurance;Sandbags;Water pump
4,a643,-45,-104000.0,"{'rain_damage': 1, 'river_damage': 1}",20000,,Personal improvements;Modest house renovations;Flood insurance
4,a644,-40,-70000.0,"{'rain_damage': 1, 'river_damage': 1}",16000,,Personal improvements;Modest house renovations;Structual house changes;Flood insurance;Sandbags
4,a645,-40,-40000.0,"{'rain_damage': 1, 'river_damage': 1}",16000,,Personal improvements;Modest house renovations;Structual house changes;Flood insurance;Sandbags
4,a646,-40,-40000.0,"{'rain_damage': 1, 'river_damage': 1}",16000,,Personal improvements;Modest house renovations;Structual house changes;Flood insurance;Sandbags
4,a647,-13,-4000.0,"{'rain_damage': 1, 'river_damage': 1}",4000,Personal improvements;Modest house renovations;Structual house changes;Flood insurance;Rain barrel,Personal improvements;Modest house renovations;Structual house changes;Flood insurance;Sandbags;Waterproofing walls & floors;Green garden;Water pump;Flood insurance;Personal improvements;Personal improvements;Modest house renovations;Structual house changes;Personal improvements;Modest house renovations;Structual house changes;Flood insurance;Rain barrel
4,a648,-13,-4000.0,"{'rain_damage': 1, 'river_damage': 1}",4000,Personal improvements;Modest house renovations;Structual house changes;Flood insurance;Rain barrel,Personal improvements;Modest house renovations;Structual house changes;Flood insurance;Sandbags;Waterproofing walls & floors;Green garden;Water pump;Flood insurance;Personal improvements;Personal improvements;Modest house renovations;Structual house changes;Personal improvements;Modest house renovations;Structual house changes;Flood insurance;Rain barrel
4,a649,-41,-59000.0,"{'rain_damage': 1, 'river_damage': 1}",16000,,Personal improvements;Modest house renovations;Structual house changes;Sandbags
4,a650,-40,-60000.0,"{'rain_damage': 1, 'river_damage': 1}",16000,,Personal improvements;Modest house renovations;Structual house changes;Flood insurance;Sandbags
4,a651,-41,-59000.0,"{'rain_damage': 1, 'river_damage': 1}",16000,,Personal improvements;Modest house renovations;Structual house changes;Sandbags
4,a652,-41,-73000.0,"{'rain_damage': 1, 'river_damage': 1}",16000,,Personal improvements;Modest house renovations;Flood insurance;Sandbags
4,a653,-39,-59000.0,"{'rain_damage': 1, 'river_damage': 1}",16000,,Personal improvements;Modest house renovations;Structual house changes;Flood insurance;Green garden
4,a654,-17,3000.0,"{'rain_damage': 1, 'river_damage': 1}",4000,Personal improvements;Modest house renovations;Structual house changes;Flood insurance;Water pump,Personal improvements;Modest house renovations;Structual house changes;Flood insurance;Sandbags;Waterproofing walls & floors;Green garden;Flood insurance;Personal improvements;Modest house renovations;Structual house changes;Personal improvements;Modest house renovations;Structual house changes;Flood insurance;Water pump
4,a655,-35,-26000.0,"{'rain_damage': 1, 'river_damage': 1}",12000,,Personal improvements;Modest house renovations;Structual house changes;Flood insurance;Green garden;Sandbags
4,a656,-13,-4000.0,"{'rain_damage': 1, 'river_damage': 1}",4000,Personal improvements;Modest house renovations;Structual house changes;Flood insurance;Rain barrel,Personal improvements;Modest house renovations;Structual house changes;Flood insurance;Sandbags;Waterproofing walls & floors;Green garden;Water pump;Flood insurance;Personal improvements;Personal improvements;Modest house renovations;Structual house changes;Personal improvements;Modest house renovations;Structual house changes;Flood insurance;Rain barrel
4,a657,1,41000.0,"{'rain_damage': 1, 'river_damage': 1}",0,Personal improvements;Modest house renovations;Structual house changes;Flood insurance,Personal improvements;Modest house renovations;Structual house changes;Flood insurance;Water pump;Sandbags;Waterproofing walls & floors;Green garden;Rain barrel;Self-activating wall;Personal improvements;Modest house renovations;Flood insurance;Personal improvements;Modest house renovations;Structual house changes;Flood insurance;Personal improvements;Modest house renovations;Structual house changes;Flood insurance
4,a658,-30,-4000.0,"{'rain_damage': 1, 'river_damage': 1}",8000,Flood insurance,Personal improvements;Modest house renovations;Structual house changes;Flood insurance;Waterproofing walls & floors;Sandbags;Flood insurance
4,a659,-40,-45000.0,"{'rain_damage': 1, 'river_damage': 1}",16000,,Personal improvements;Modest house renovations;Structual house changes;Flood insurance;Sandbags
4,a660,-40,-25000.0,"{'rain_damage': 1, 'river_damage': 1}",16000,,Personal improvements;Modest house renovations;Structual house changes;Flood insurance;Sandbags
4,a661,-21,1000.0,"{'rain_damage': 1, 'river_damage': 1}",4000,Flood insurance,Personal improvements;Modest house renovations;Structual house changes;Flood insurance;Sandbags;Waterproofing walls & floors;Green garden;Water pump;Flood insurance
4,a662,-19,-3000.0,"{'rain_damage': 1, 'river_damage': 1}",4000,Personal improvements;Modest house renovations;Structual house changes,Personal improvements;Modest house renovations;Structual house changes;Flood insurance;Sandbags;Waterproofing walls & floors;Green garden;Rain barrel;Personal improvements;Modest house renovations;Structual house changes
4,a663,-31,-23000.0,"{'rain_damage': 1, 'river_damage': 1}",8000,,Personal improvements;Modest house renovations;Structual house changes;Flood insurance;Waterproofing walls & floors;Sandbags
4,a664,-40,-70000.0,"{'rain_damage': 1, 'river_damage': 1}",16000,,Personal improvements;Modest house renovations;Structual house changes;Flood insurance;Sandbags
4,a665,-41,-73000.0,"{'rain_damage': 1, 'river_damage': 1}",16000,,Personal improvements;Modest house renovations;Flood insurance;Sandbags
4,a666,-7,3000.0,"{'rain_damage': 1, 'river_damage': 1}",0,Personal improvements;Modest house renovations;Structual house changes,Personal improvements;Modest house renovations;Structual house changes;Flood insurance;Water pump;Sandbags;Waterproofing walls & floors;Green garden;Rain barrel;Self-activating wall;Flood insurance;Personal improvements;Modest house renovations;Structual house changes
4,a667,-40,-60000.0,"{'rain_damage': 1, 'river_damage': 1}",16000,,Personal improvements;Modest house renovations;Structual house changes;Flood insurance;Sandbags
4,a668,-40,-45000.0,"{'rain_damage': 1, 'river_damage': 1}",16000,,Personal improvements;Modest house renovations;Structual house changes;Flood insurance;Sandbags
4,a669,-11,1000.0,"{'rain_damage': 1, 'river_damage': 1}",0,Personal improvements;Modest house renovations;Structual house changes,Personal improvements;Modest house renovations;Structual house changes;Flood insurance;Sandbags;Waterproofing walls & floors;Green garden;Water pump;Self-activating wall;Flood insurance;Personal improvements;Modest house renovations;Structual house changes
4,a670,-35,-26000.0,"{'rain_damage': 1, 'river_damage': 1}",12000,,Personal improvements;Modest house renovations;Structual house changes;Flood insurance;Green garden;Sandbags
4,a671,-39,-59000.0,"{'rain_damage': 1, 'river_damage': 1}",16000,,Personal improvements;Modest house renovations;Structual house changes;Flood insurance;Green garden
4,a672,-40,-40000.0,"{'rain_damage': 1, 'river_damage': 1}",16000,,Personal improvements;Modest house renovations;Structual house changes;Flood insurance;Sandbags
4,a673,-39,-59000.0,"{'rain_damage': 1, 'river_damage': 1}",16000,,Personal improvements;Modest house renovations;Structual house changes;Flood insurance;Green garden
4,a674,-40,-70000.0,"{'rain_damage': 1, 'river_damage': 1}",16000,,Personal improvements;Modest house renovations;Structual house changes;Flood insurance;Sandbags
4,a675,-36,-13000.0,"{'rain_damage': 1, 'river_damage': 1}",12000,,Personal improvements;Modest house renovations;Structual house changes;Flood insurance;Sandbags;Water pump
4,a676,-19,-3000.0,"{'rain_damage': 1, 'river_damage': 1}",4000,Personal improvements;Modest house renovations;Structual house changes,Personal improvements;Modest house renovations;Structual house changes;Flood insurance;Sandbags;Waterproofing walls & floors;Green garden;Rain barrel;Personal improvements;Modest house renovations;Structual house changes
4,a677,-17,6000.0,"{'rain_damage': 1, 'river_damage': 1}",4000,Personal improvements;Modest house renovations;Structual house changes;Flood insurance;Water pump,Personal improvements;Modest house renovations;Structual house changes;Flood insurance;Sandbags;Waterproofing walls & floors;Green garden;Flood insurance;Personal improvements;Modest house renovations;Structual house changes;Personal improvements;Modest house renovations;Structual house changes;Flood insurance;Water pump
4,a678,-44,-76000.0,"{'rain_damage': 1, 'river_damage': 1}",20000,,Personal improvements;Modest house renovations;Structual house changes;Flood insurance
4,a679,-25,1000.0,"{'rain_damage': 1, 'river_damage': 1}",4000,Flood insurance,Personal improvements;Modest house renovations;Structual house changes;Flood insurance;Sandbags;Waterproofing walls & floors;Water pump;Flood insurance
4,a680,-39,-29000.0,"{'rain_damage': 1, 'river_damage': 1}",16000,,Personal improvements;Modest house renovations;Structual house changes;Flood insurance;Green garden
4,a681,-26,-39000.0,"{'rain_damage': 1, 'river_damage': 1}",4000,,Personal improvements;Modest house renovations;Structual house changes;Flood insurance;Sandbags;Waterproofing walls & floors;Green garden
4,a682,-7,3000.0,"{'rain_damage': 1, 'river_damage': 1}",0,Personal improvements;Modest house renovations;Structual house changes,Personal improvements;Modest house renovations;Structual house changes;Flood insurance;Water pump;Sandbags;Waterproofing walls & floors;Green garden;Rain barrel;Self-activating wall;Flood insurance;Personal improvements;Modest house renovations;Structual house changes
4,a683,-13,-4000.0,"{'rain_damage': 1, 'river_damage': 1}",4000,Personal improvements;Modest house renovations;Structual house changes;Flood insurance;Rain barrel,Personal improvements;Modest house renovations;Structual house changes;Flood insurance;Sandbags;Waterproofing walls & floors;Green garden;Water pump;Flood insurance;Personal improvements;Personal improvements;Modest house renovations;Structual house changes;Personal improvements;Modest house renovations;Structual house changes;Flood insurance;Rain barrel
4,a684,-9,1000.0,"{'rain_damage': 1, 'river_damage': 1}",0,Personal improvements;Modest house renovations,Personal improvements;Modest house renovations;Structual house changes;Flood insurance;Sandbags;Waterproofing walls & floors;Green garden;Rain barrel;Water pump;Self-activating wall;Personal improvements;Modest house renovations
4,a685,-25,1000.0,"{'rain_damage': 1, 'river_damage': 1}",4000,Flood insurance,Personal improvements;Modest house renovations;Structual house changes;Flood insurance;Sandbags;Waterproofing walls & floors;Water pump;Flood insurance
4,a686,-45,-106000.0,"{'rain_damage': 1, 'river_damage': 1}",20000,,Personal improvements;Modest house renovations;Flood insurance
4,a687,-40,-40000.0,"{'rain_damage': 1, 'river_damage': 1}",16000,,Personal improvements;Modest house renovations;Structual house changes;Flood insurance;Sandbags
4,a688,-39,-29000.0,"{'rain_damage': 1, 'river_damage': 1}",16000,,Personal improvements;Modest house renovations;Structual house changes;Flood insurance;Green garden
4,a689,1,41000.0,"{'rain_damage': 1, 'river_damage': 1}",0,Personal improvements;Modest house renovations;Structual house changes;Flood insurance,Personal improvements;Modest house renovations;Structual house changes;Flood insurance;Water pump;Sandbags;Waterproofing walls & floors;Green garden;Rain barrel;Self-activating wall;Personal improvements;Modest house renovations;Flood insurance;Personal improvements;Modest house renovations;Structual house changes;Flood insurance;Personal improvements;Modest house renovations;Structual house changes;Flood insurance
4,a690,-17,6000.0,"{'rain_damage': 1, 'river_damage': 1}",4000,Personal improvements;Modest house renovations;Structual house changes;Flood insurance;Water pump,Personal improvements;Modest house renovations;Structual house changes;Flood insurance;Sandbags;Waterproofing walls & floors;Green garden;Flood insurance;Personal improvements;Modest house renovations;Structual house changes;Personal improvements;Modest house renovations;Structual house changes;Flood insurance;Water pump
4,a691,-6,29000.0,"{'rain_damage': 1, 'river_damage': 1}",0,Personal improvements;Modest house renovations;Structual house changes;Flood insurance,Personal improvements;Modest house renovations;Structual house changes;Flood insurance;Sandbags;Waterproofing walls & floors;Green garden;Rain barrel;Water pump;Flood insurance;Personal improvements;Modest house renovations;Structual house changes;Flood insurance;Self-activating wall;Personal improvements;Modest house renovations;Structual house changes;Flood insurance
4,a692,-40,-45000.0,"{'rain_damage': 1, 'river_damage': 1}",16000,,Personal improvements;Modest house renovations;Structual house changes;Flood insurance;Sandbags
4,a693,-40,-90000.0,"{'rain_damage': 1, 'river_damage': 1}",16000,,Personal improvements;Modest house renovations;Structual house changes;Flood insurance;Sandbags
4,a694,-11,1000.0,"{'rain_damage': 1, 'river_damage': 1}",0,Personal improvements;Modest house renovations;Structual house changes,Personal improvements;Modest house renovations;Structual house changes;Flood insurance;Sandbags;Waterproofing walls & floors;Green garden;Water pump;Self-activating wall;Flood insurance;Personal improvements;Modest house renovations;Structual house changes
4,a695,-40,-70000.0,"{'rain_damage': 1, 'river_damage': 1}",16000,,Personal improvements;Modest house renovations;Structual house changes;Flood insurance;Sandbags
4,a696,-40,-25000.0,"{'rain_damage': 1, 'river_damage': 1}",16000,,Personal improvements;Modest house renovations;Structual house changes;Flood insurance;Sandbags
4,a697,-36,-13000.0,"{'rain_damage': 1, 'river_damage': 1}",12000,,Personal improvements;Modest house renovations;Structual house changes;Flood insurance;Sandbags;Water pump
4,a698,-41,-73000.0,"{'rain_damage': 1, 'river_damage': 1}",16000,,Personal improvements;Modest house renovations;Flood insurance;Sandbags
4,a699,-45,-104000.0,"{'rain_damage': 1, 'river_damage': 1}",20000,,Personal improvements;Modest house renovations;Flood insurance
4,a700,-40,-45000.0,"{'rain_damage': 1, 'river_damage': 1}",16000,,Personal improvements;Modest house renovations;Structual house changes;Flood insurance;Sandbags
4,a701,1,41000.0,"{'rain_damage': 1, 'river_damage': 1}",0,Personal improvements;Modest house renovations;Structual house changes;Flood insurance,Personal improvements;Modest house renovations;Structual house changes;Flood insurance;Water pump;Sandbags;Waterproofing walls & floors;Green garden;Rain barrel;Self-activating wall;Personal improvements;Modest house renovations;Flood insurance;Personal improvements;Modest house renovations;Structual house changes;Flood insurance;Personal improvements;Modest house renovations;Structual house changes;Flood insurance
4,a702,-39,-59000.0,"{'rain_damage': 1, 'river_damage': 1}",16000,,Personal improvements;Modest house renovations;Structual house changes;Flood insurance;Green garden
4,a703,-6,29000.0,"{'rain_damage': 1, 'river_damage': 1}",0,Personal improvements;Modest house renovations;Structual house changes;Flood insurance,Personal improvements;Modest house renovations;Structual house changes;Flood insurance;Sandbags;Waterproofing walls & floors;Green garden;Rain barrel;Water pump;Flood insurance;Personal improvements;Modest house renovations;Structual house changes;Flood insurance;Self-activating wall;Personal improvements;Modest house renovations;Structual house changes;Flood insurance
4,a704,-40,-25000.0,"{'rain_damage': 1, 'river_damage': 1}",16000,,Personal improvements;Modest house renovations;Structual house changes;Flood insurance;Sandbags
4,a705,-40,-70000.0,"{'rain_damage': 1, 'river_damage': 1}",16000,,Personal improvements;Modest house renovations;Structual house changes;Flood insurance;Sandbags
4,a706,-6,5000.0,"{'rain_damage': 1, 'river_damage': 1}",0,Personal improvements;Modest house renovations;Structual house changes,Personal improvements;Modest house renovations;Structual house changes;Flood insurance;Water pump;Sandbags;Waterproofing walls & floors;Green garden;Rain barrel;Self-activating wall;Personal improvements;Modest house renovations;Personal improvements;Modest house renovations;Structual house changes
4,a707,-45,-106000.0,"{'rain_damage': 1, 'river_damage': 1}",20000,,Personal improvements;Modest house renovations;Flood insurance
4,a708,-39,-29000.0,"{'rain_damage': 1, 'river_damage': 1}",16000,,Personal improvements;Modest house renovations;Structual house changes;Flood insurance;Green garden
4,a709,-40,-90000.0,"{'rain_damage': 1, 'river_damage': 1}",16000,,Personal improvements;Modest house renovations;Structual house changes;Flood insurance;Sandbags
4,a710,2,59000.0,"{'rain_damage': 1, 'river_damage': 1}",0,Personal improvements;Modest house renovations;Structual house changes;Flood insurance,Personal improvements;Modest house renovations;Structual house changes;Flood insurance;Water pump;Self-activating wall;Sandbags;Waterproofing walls & floors;Green garden;Rain barrel;Personal improvements;Modest house renovations;Structual house changes;Flood insurance;Personal improvements;Modest house renovations;Structual house changes;Flood insurance;Personal improvements;Modest house renovations;Structual house changes;Flood insurance
4,a711,-26,-39000.0,"{'rain_damage': 1, 'river_damage': 1}",4000,,Personal improvements;Modest house renovations;Structual house changes;Flood insurance;Sandbags;Waterproofing walls & floors;Green garden
4,a712,-40,-70000.0,"{'rain_damage': 1, 'river_damage': 1}",16000,,Personal improvements;Modest house renovations;Structual house changes;Flood insurance;Sandbags
4,a713,-3,7000.0,"{'rain_damage': 1, 'river_damage': 1}",0,Personal improvements;Modest house renovations;Structual house changes;Flood insurance,Personal improvements;Modest house renovations;Structual house changes;Flood insurance;Water pump;Sandbags;Waterproofing walls & floors;Green garden;Rain barrel;Self-activating wall;Flood insurance;Personal improvements;Modest house renovations;Flood insurance;Personal improvements;Modest house renovations;Structual house changes;Flood insurance
4,a714,-40,-25000.0,"{'rain_damage': 1, 'river_damage': 1}",16000,,Personal improvements;Modest house renovations;Structual house changes;Flood insurance;Sandbags
4,a715,-44,-76000.0,"{'rain_damage': 1, 'river_damage': 1}",20000,,Personal improvements;Modest house renovations;Structual house changes;Flood insurance
4,a716,-40,-45000.0,"{'rain_damage': 1, 'river_damage': 1}",16000,,Personal improvements;Modest house renovations;Structual house changes;Flood insurance;Sandbags
4,a717,2,59000.0,"{'rain_damage': 1, 'river_damage': 1}",0,Personal improvements;Modest house renovations;Structual house changes;Flood insurance,Personal improvements;Modest house renovations;Structual house changes;Flood insurance;Water pump;Self-activating wall;Sandbags;Waterproofing walls & floors;Green garden;Rain barrel;Personal improvements;Modest house renovations;Structual house changes;Flood insurance;Personal improvements;Modest house renovations;Structual house changes;Flood insurance;Personal improvements;Modest house renovations;Structual house changes;Flood insurance
4,a718,-6,5000.0,"{'rain_damage': 1, 'river_damage': 1}",0,Personal improvements;Modest house renovations;Structual house changes,Personal improvements;Modest house renovations;Structual house changes;Flood insurance;Water pump;Sandbags;Waterproofing walls & floors;Green garden;Rain barrel;Self-activating wall;Personal improvements;Modest house renovations;Personal improvements;Modest house renovations;Structual house changes
4,a719,-35,-26000.0,"{'rain_damage': 1, 'river_damage': 1}",12000,,Personal improvements;Modest house renovations;Structual house changes;Flood insurance;Green garden;Sandbags
4,a720,-35,-71000.0,"{'rain_damage': 1, 'river_damage': 1}",12000,,Personal improvements;Modest house renovations;Structual house changes;Flood insurance;Green garden;Sandbags
4,a721,-13,-4000.0,"{'rain_damage': 1, 'river_damage': 1}",4000,Personal improvements;Modest house renovations;Structual house changes;Flood insurance;Rain barrel,Personal improvements;Modest house renovations;Structual house changes;Flood insurance;Sandbags;Waterproofing walls & floors;Green garden;Water pump;Flood insurance;Personal improvements;Personal improvements;Modest house renovations;Structual house changes;Personal improvements;Modest house renovations;Structual house changes;Flood insurance;Rain barrel
4,a722,-41,-73000.0,"{'rain_damage': 1, 'river_damage': 1}",16000,,Personal improvements;Modest house renovations;Flood insurance;Sandbags
4,a723,-41,-88000.0,"{'rain_damage': 1, 'river_damage': 1}",16000,,Personal improvements;Modest house renovations;Flood insurance;Sandbags
4,a724,-40,-45000.0,"{'rain_damage': 1, 'river_damage': 1}",16000,,Personal improvements;Modest house renovations;Structual house changes;Flood insurance;Sandbags
4,a725,-31,-43000.0,"{'rain_damage': 1, 'river_damage': 1}",8000,,Personal improvements;Modest house renovations;Structual house changes;Flood insurance;Waterproofing walls & floors;Sandbags
4,a726,-40,-90000.0,"{'rain_damage': 1, 'river_damage': 1}",16000,,Personal improvements;Modest house renovations;Structual house changes;Flood insurance;Sandbags
4,a727,-40,-25000.0,"{'rain_damage': 1, 'river_damage': 1}",16000,,Personal improvements;Modest house renovations;Structual house changes;Flood insurance;Sandbags
4,a728,-7,3000.0,"{'rain_damage': 1, 'river_damage': 1}",0,Personal improvements;Modest house renovations;Structual house changes,Personal improvements;Modest house renovations;Structual house changes;Flood insurance;Water pump;Sandbags;Waterproofing walls & floors;Green garden;Rain barrel;Self-activating wall;Flood insurance;Personal improvements;Modest house renovations;Structual house changes
4,a729,-24,-3000.0,"{'rain_damage': 1, 'river_damage': 1}",4000,Personal improvements;Modest house renovations,Personal improvements;Modest house renovations;Structual house changes;Flood insurance;Sandbags;Waterproofing walls & floors;Green garden;Personal improvements;Modest house renovations
4,a730,-13,-4000.0,"{'rain_damage': 1, 'river_damage': 1}",4000,Personal improvements;Modest house renovations;Structual house changes;Flood insurance;Rain barrel,Personal improvements;Modest house renovations;Structual house changes;Flood insurance;Sandbags;Waterproofing walls & floors;Green garden;Water pump;Flood insurance;Personal improvements;Personal improvements;Modest house renovations;Structual house changes;Personal improvements;Modest house renovations;Structual house changes;Flood insurance;Rain barrel
4,a731,-40,-40000.0,"{'rain_damage': 1, 'river_damage': 1}",16000,,Personal improvements;Modest house renovations;Structual house changes;Flood insurance;Sandbags
4,a732,-31,-23000.0,"{'rain_damage': 1, 'river_damage': 1}",8000,,Personal improvements;Modest house renovations;Structual house changes;Flood insurance;Waterproofing walls & floors;Sandbags
4,a733,-45,-106000.0,"{'rain_damage': 1, 'river_damage': 1}",20000,,Personal improvements;Modest house renovations;Flood insurance
4,a734,-40,-25000.0,"{'rain_damage': 1, 'river_damage': 1}",16000,,Personal improvements;Modest house renovations;Structual house changes;Flood insurance;Sandbags
4,a735,-39,-29000.0,"{'rain_damage': 1, 'river_damage': 1}",16000,,Personal improvements;Modest house renovations;Structual house changes;Flood insurance;Green garden
4,a736,-30,-4000.0,"{'rain_damage': 1, 'river_damage': 1}",8000,Flood insurance,Personal improvements;Modest house renovations;Structual house changes;Flood insurance;Waterproofing walls & floors;Sandbags;Flood insurance
4,a737,-3,7000.0,"{'rain_damage': 1, 'river_damage': 1}",0,Personal improvements;Modest house renovations;Structual house changes;Flood insurance,Personal improvements;Modest house renovations;Structual house changes;Flood insurance;Water pump;Sandbags;Waterproofing walls & floors;Green garden;Rain barrel;Self-activating wall;Flood insurance;Personal improvements;Modest house renovations;Flood insurance;Personal improvements;Modest house renovations;Structual house changes;Flood insurance
4,a738,-40,-43000.0,"{'rain_damage': 1, 'river_damage': 1}",16000,,Personal improvements;Modest house renovations;Structual house changes;Flood insurance;Sandbags
4,a739,2,59000.0,"{'rain_damage': 1, 'river_damage': 1}",0,Personal improvements;Modest house renovations;Structual house changes;Flood insurance,Personal improvements;Modest house renovations;Structual house changes;Flood insurance;Water pump;Self-activating wall;Sandbags;Waterproofing walls & floors;Green garden;Rain barrel;Personal improvements;Modest house renovations;Structual house changes;Flood insurance;Personal improvements;Modest house renovations;Structual house changes;Flood insurance;Personal improvements;Modest house renovations;Structual house changes;Flood insurance
4,a740,-17,3000.0,"{'rain_damage': 1, 'river_damage': 1}",4000,Personal improvements;Modest house renovations;Structual house changes;Flood insurance;Water pump,Personal improvements;Modest house renovations;Structual house changes;Flood insurance;Sandbags;Waterproofing walls & floors;Green garden;Flood insurance;Personal improvements;Modest house renovations;Structual house changes;Personal improvements;Modest house renovations;Structual house changes;Flood insurance;Water pump
4,a741,-25,1000.0,"{'rain_damage': 1, 'river_damage': 1}",4000,Flood insurance,Personal improvements;Modest house renovations;Structual house changes;Flood insurance;Sandbags;Waterproofing walls & floors;Water pump;Flood insurance
4,a742,-31,-43000.0,"{'rain_damage': 1, 'river_damage': 1}",8000,,Personal improvements;Modest house renovations;Structual house changes;Flood insurance;Waterproofing walls & floors;Sandbags
4,a743,-36,-13000.0,"{'rain_damage': 1, 'river_damage': 1}",12000,,Personal improvements;Modest house renovations;Structual house changes;Flood insurance;Sandbags;Water pump
4,a744,-36,-13000.0,"{'rain_damage': 1, 'river_damage': 1}",12000,,Personal improvements;Modest house renovations;Structual house changes;Flood insurance;Sandbags;Water pump
4,a745,-39,-59000.0,"{'rain_damage': 1, 'river_damage': 1}",16000,,Personal improvements;Modest house renovations;Structual house changes;Flood insurance;Green garden
4,a746,-13,-4000.0,"{'rain_damage': 1, 'river_damage': 1}",4000,Personal improvements;Modest house renovations;Structual house changes;Flood insurance;Rain barrel,Personal improvements;Modest house renovations;Structual house changes;Flood insurance;Sandbags;Waterproofing walls & floors;Green garden;Water pump;Flood insurance;Personal improvements;Personal improvements;Modest house renovations;Structual house changes;Personal improvements;Modest house renovations;Structual house changes;Flood insurance;Rain barrel
4,a747,-40,-90000.0,"{'rain_damage': 1, 'river_damage': 1}",16000,,Personal improvements;Modest house renovations;Structual house changes;Flood insurance;Sandbags
4,a748,-19,-11000.0,"{'rain_damage': 1, 'river_damage': 1}",4000,,Personal improvements;Modest house renovations;Structual house changes;Flood insurance;Sandbags;Waterproofing walls & floors;Green garden;Rain barrel;Water pump
4,a749,-35,-26000.0,"{'rain_damage': 1, 'river_damage': 1}",12000,,Personal improvements;Modest house renovations;Structual house changes;Flood insurance;Green garden;Sandbags
4,a750,-35,-26000.0,"{'rain_damage': 1, 'river_damage': 1}",12000,,Personal improvements;Modest house renovations;Structual house changes;Flood insurance;Green garden;Sandbags
4,a751,-40,-70000.0,"{'rain_damage': 1, 'river_damage': 1}",16000,,Personal improvements;Modest house renovations;Structual house changes;Flood insurance;Sandbags
4,a752,-40,-60000.0,"{'rain_damage': 1, 'river_damage': 1}",16000,,Personal improvements;Modest house renovations;Structual house changes;Flood insurance;Sandbags
4,a753,-24,-3000.0,"{'rain_damage': 1, 'river_damage': 1}",4000,Personal improvements;Modest house renovations,Personal improvements;Modest house renovations;Structual house changes;Flood insurance;Sandbags;Waterproofing walls & floors;Green garden;Personal improvements;Modest house renovations
4,a754,-41,-73000.0,"{'rain_damage': 1, 'river_damage': 1}",16000,,Personal improvements;Modest house renovations;Flood insurance;Sandbags
4,a755,-45,-104000.0,"{'rain_damage': 1, 'river_damage': 1}",20000,,Personal improvements;Modest house renovations;Flood insurance
4,a756,-6,29000.0,"{'rain_damage': 1, 'river_damage': 1}",0,Personal improvements;Modest house renovations;Structual house changes;Flood insurance,Personal improvements;Modest house renovations;Structual house changes;Flood insurance;Sandbags;Waterproofing walls & floors;Green garden;Rain barrel;Water pump;Flood insurance;Personal improvements;Modest house renovations;Structual house changes;Flood insurance;Self-activating wall;Personal improvements;Modest house renovations;Structual house changes;Flood insurance
4,a757,-40,-45000.0,"{'rain_damage': 1, 'river_damage': 1}",16000,,Personal improvements;Modest house renovations;Structual house changes;Flood insurance;Sandbags
4,a758,-17,1000.0,"{'rain_damage': 1, 'river_damage': 1}",4000,Personal improvements;Modest house renovations;Structual house changes;Flood insurance;Green garden,Personal improvements;Modest house renovations;Structual house changes;Flood insurance;Sandbags;Waterproofing walls & floors;Water pump;Flood insurance;Personal improvements;Modest house renovations;Structual house changes;Personal improvements;Modest house renovations;Structual house changes;Flood insurance;Green garden
4,a759,-45,-90000.0,"{'rain_damage': 1, 'river_damage': 1}",20000,,Personal improvements;Modest house renovations;Structual house changes
4,a760,-31,-43000.0,"{'rain_damage': 1, 'river_damage': 1}",8000,,Personal improvements;Modest house renovations;Structual house changes;Flood insurance;Waterproofing walls & floors;Sandbags
4,a761,-3,7000.0,"{'rain_damage': 1, 'river_damage': 1}",0,Personal improvements;Modest house renovations;Structual house changes;Flood insurance,Personal improvements;Modest house renovations;Structual house changes;Flood insurance;Water pump;Sandbags;Waterproofing walls & floors;Green garden;Rain barrel;Self-activating wall;Flood insurance;Personal improvements;Modest house renovations;Flood insurance;Personal improvements;Modest house renovations;Structual house changes;Flood insurance
4,a762,-17,6000.0,"{'rain_damage': 1, 'river_damage': 1}",4000,Personal improvements;Modest house renovations;Structual house changes;Flood insurance;Water pump,Personal improvements;Modest house renovations;Structual house changes;Flood insurance;Sandbags;Waterproofing walls & floors;Green garden;Flood insurance;Personal improvements;Modest house renovations;Structual house changes;Personal improvements;Modest house renovations;Structual house changes;Flood insurance;Water pump
4,a763,-35,-71000.0,"{'rain_damage': 1, 'river_damage': 1}",12000,,Personal improvements;Modest house renovations;Structual house changes;Flood insurance;Green garden;Sandbags
4,a764,-17,1000.0,"{'rain_damage': 1, 'river_damage': 1}",4000,Personal improvements;Modest house renovations;Structual house changes;Flood insurance;Green garden,Personal improvements;Modest house renovations;Structual house changes;Flood insurance;Sandbags;Waterproofing walls & floors;Water pump;Flood insurance;Personal improvements;Modest house renovations;Structual house changes;Personal improvements;Modest house renovations;Structual house changes;Flood insurance;Green garden
4,a765,-23,-13000.0,"{'rain_damage': 1, 'river_damage': 1}",4000,,Personal improvements;Modest house renovations;Structual house changes;Flood insurance;Sandbags;Waterproofing walls & floors;Green garden;Water pump
4,a766,-21,1000.0,"{'rain_damage': 1, 'river_damage': 1}",4000,Flood insurance,Personal improvements;Modest house renovations;Structual house changes;Flood insurance;Sandbags;Waterproofing walls & floors;Green garden;Water pump;Flood insurance
4,a767,-9,1000.0,"{'rain_damage': 1, 'river_damage': 1}",0,Personal improvements;Modest house renovations,Personal improvements;Modest house renovations;Structual house changes;Flood insurance;Sandbags;Waterproofing walls & floors;Green garden;Rain barrel;Water pump;Self-activating wall;Personal improvements;Modest house renovations
4,a768,-6,29000.0,"{'rain_damage': 1, 'river_damage': 1}",0,Personal improvements;Modest house renovations;Structual house changes;Flood insurance,Personal improvements;Modest house renovations;Structual house changes;Flood insurance;Sandbags;Waterproofing walls & floors;Green garden;Rain barrel;Water pump;Flood insurance;Personal improvements;Modest house renovations;Structual house changes;Flood insurance;Self-activating wall;Personal improvements;Modest house renovations;Structual house changes;Flood insurance
4,a769,-11,1000.0,"{'rain_damage': 1, 'river_damage': 1}",0,Personal improvements;Modest house renovations;Structual house changes,Personal improvements;Modest house renovations;Structual house changes;Flood insurance;Sandbags;Waterproofing walls & floors;Green garden;Water pump;Self-activating wall;Flood insurance;Personal improvements;Modest house renovations;Structual house changes
4,a770,-3,7000.0,"{'rain_damage': 1, 'river_damage': 1}",0,Personal improvements;Modest house renovations;Structual house changes;Flood insurance,Personal improvements;Modest house renovations;Structual house changes;Flood insurance;Water pump;Sandbags;Waterproofing walls & floors;Green garden;Rain barrel;Self-activating wall;Flood insurance;Personal improvements;Modest house renovations;Flood insurance;Personal improvements;Modest house renovations;Structual house changes;Flood insurance
4,a771,-39,-59000.0,"{'rain_damage': 1, 'river_damage': 1}",16000,,Personal improvements;Modest house renovations;Structual house changes;Flood insurance;Green garden
4,a772,-39,-59000.0,"{'rain_damage': 1, 'river_damage': 1}",16000,,Personal improvements;Modest house renovations;Structual house changes;Flood insurance;Green garden
4,a773,-31,-23000.0,"{'rain_damage': 1, 'river_damage': 1}",8000,,Personal improvements;Modest house renovations;Structual house changes;Flood insurance;Waterproofing walls & floors;Sandbags
4,a774,-35,-71000.0,"{'rain_damage': 1, 'river_damage': 1}",12000,,Personal improvements;Modest house renovations;Structual house changes;Flood insurance;Green garden;Sandbags
4,a775,-44,-76000.0,"{'rain_damage': 1, 'river_damage': 1}",20000,,Personal improvements;Modest house renovations;Structual house changes;Flood insurance
4,a776,-25,1000.0,"{'rain_damage': 1, 'river_damage': 1}",4000,Flood insurance,Personal improvements;Modest house renovations;Structual house changes;Flood insurance;Sandbags;Waterproofing walls & floors;Water pump;Flood insurance
4,a777,-41,-59000.0,"{'rain_damage': 1, 'river_damage': 1}",16000,,Personal improvements;Modest house renovations;Structual house changes;Sandbags
4,a778,-39,-29000.0,"{'rain_damage': 1, 'river_damage': 1}",16000,,Personal improvements;Modest house renovations;Structual house changes;Flood insurance;Green garden
4,a779,1,41000.0,"{'rain_damage': 1, 'river_damage': 1}",0,Personal improvements;Modest house renovations;Structual house changes;Flood insurance,Personal improvements;Modest house renovations;Structual house changes;Flood insurance;Water pump;Sandbags;Waterproofing walls & floors;Green garden;Rain barrel;Self-activating wall;Personal improvements;Modest house renovations;Flood insurance;Personal improvements;Modest house renovations;Structual house changes;Flood insurance;Personal improvements;Modest house renovations;Structual house changes;Flood insurance
4,a780,-31,-23000.0,"{'rain_damage': 1, 'river_damage': 1}",8000,,Personal improvements;Modest house renovations;Structual house changes;Flood insurance;Waterproofing walls & floors;Sandbags
4,a781,-41,-59000.0,"{'rain_damage': 1, 'river_damage': 1}",16000,,Personal improvements;Modest house renovations;Structual house changes;Sandbags
4,a782,-45,-106000.0,"{'rain_damage': 1, 'river_damage': 1}",20000,,Personal improvements;Modest house renovations;Flood insurance
4,a783,-35,-71000.0,"{'rain_damage': 1, 'river_damage': 1}",12000,,Personal improvements;Modest house renovations;Structual house changes;Flood insurance;Green garden;Sandbags
4,a784,-9,1000.0,"{'rain_damage': 1, 'river_damage': 1}",0,Personal improvements;Modest house renovations,Personal improvements;Modest house renovations;Structual house changes;Flood insurance;Sandbags;Waterproofing walls & floors;Green garden;Rain barrel;Water pump;Self-activating wall;Personal improvements;Modest house renovations
4,a785,-11,1000.0,"{'rain_damage': 1, 'river_damage': 1}",0,Personal improvements;Modest house renovations;Structual house changes,Personal improvements;Modest house renovations;Structual house changes;Flood insurance;Sandbags;Waterproofing walls & floors;Green garden;Water pump;Self-activating wall;Flood insurance;Personal improvements;Modest house renovations;Structual house changes
4,a786,-44,-76000.0,"{'rain_damage': 1, 'river_damage': 1}",20000,,Personal improvements;Modest house renovations;Structual house changes;Flood insurance
4,a787,-24,-3000.0,"{'rain_damage': 1, 'river_damage': 1}",4000,Personal improvements;Modest house renovations,Personal improvements;Modest house renovations;Structual house changes;Flood insurance;Sandbags;Waterproofing walls & floors;Green garden;Personal improvements;Modest house renovations
4,a788,-45,-104000.0,"{'rain_damage': 1, 'river_damage': 1}",20000,,Personal improvements;Modest house renovations;Flood insurance
4,a789,2,59000.0,"{'rain_damage': 1, 'river_damage': 1}",0,Personal improvements;Modest house renovations;Structual house changes;Flood insurance,Personal improvements;Modest house renovations;Structual house changes;Flood insurance;Water pump;Self-activating wall;Sandbags;Waterproofing walls & floors;Green garden;Rain barrel;Personal improvements;Modest house renovations;Structual house changes;Flood insurance;Personal improvements;Modest house renovations;Structual house changes;Flood insurance;Personal improvements;Modest house renovations;Structual house changes;Flood insurance
4,a790,-13,-4000.0,"{'rain_damage': 1, 'river_damage': 1}",4000,Personal improvements;Modest house renovations;Structual house changes;Flood insurance;Rain barrel,Personal improvements;Modest house renovations;Structual house changes;Flood insurance;Sandbags;Waterproofing walls & floors;Green garden;Water pump;Flood insurance;Personal improvements;Personal improvements;Modest house renovations;Structual house changes;Personal improvements;Modest house renovations;Structual house changes;Flood insurance;Rain barrel
4,a791,2,59000.0,"{'rain_damage': 1, 'river_damage': 1}",0,Personal improvements;Modest house renovations;Structual house changes;Flood insurance,Personal improvements;Modest house renovations;Structual house changes;Flood insurance;Water pump;Self-activating wall;Sandbags;Waterproofing walls & floors;Green garden;Rain barrel;Personal improvements;Modest house renovations;Structual house changes;Flood insurance;Personal improvements;Modest house renovations;Structual house changes;Flood insurance;Personal improvements;Modest house renovations;Structual house changes;Flood insurance
4,a792,-39,-29000.0,"{'rain_damage': 1, 'river_damage': 1}",16000,,Personal improvements;Modest house renovations;Structual house changes;Flood insurance;Green garden
4,a793,-26,-39000.0,"{'rain_damage': 1, 'river_damage': 1}",4000,,Personal improvements;Modest house renovations;Structual house changes;Flood insurance;Sandbags;Waterproofing walls & floors;Green garden
4,a794,-24,-3000.0,"{'rain_damage': 1, 'river_damage': 1}",4000,Personal improvements;Modest house renovations,Personal improvements;Modest house renovations;Structual house changes;Flood insurance;Sandbags;Waterproofing walls & floors;Green garden;Personal improvements;Modest house renovations
4,a795,-41,-74000.0,"{'rain_damage': 1, 'river_damage': 1}",16000,,Personal improvements;Modest house renovations;Structual house changes;Sandbags
4,a796,-40,-25000.0,"{'rain_damage': 1, 'river_damage': 1}",16000,,Personal improvements;Modest house renovations;Structual house changes;Flood insurance;Sandbags
4,a797,-23,-13000.0,"{'rain_damage': 1, 'river_damage': 1}",4000,,Personal improvements;Modest house renovations;Structual house changes;Flood insurance;Sandbags;Waterproofing walls & floors;Green garden;Water pump
4,a798,-25,1000.0,"{'rain_damage': 1, 'river_damage': 1}",4000,Flood insurance,Personal improvements;Modest house renovations;Structual house changes;Flood insurance;Sandbags;Waterproofing walls & floors;Water pump;Flood insurance
4,a799,-24,-3000.0,"{'rain_damage': 1, 'river_damage': 1}",4000,Personal improvements;Modest house renovations,Personal improvements;Modest house renovations;Structual house changes;Flood insurance;Sandbags;Waterproofing walls & floors;Green garden;Personal improvements;Modest house renovations
4,a800,-40,-45000.0,"{'rain_damage': 1, 'river_damage': 1}",16000,,Personal improvements;Modest house renovations;Structual house changes;Flood insurance;Sandbags
4,a801,-25,1000.0,"{'rain_damage': 1, 'river_damage': 1}",4000,Flood insurance,Personal improvements;Modest house renovations;Structual house changes;Flood insurance;Sandbags;Waterproofing walls & floors;Water pump;Flood insurance
4,a802,-40,-40000.0,"{'rain_damage': 1, 'river_damage': 1}",16000,,Personal improvements;Modest house renovations;Structual house changes;Flood insurance;Sandbags
4,a803,-40,-70000.0,"{'rain_damage': 1, 'river_damage': 1}",16000,,Personal improvements;Modest house renovations;Structual house changes;Flood insurance;Sandbags
4,a804,-24,-3000.0,"{'rain_damage': 1, 'river_damage': 1}",4000,Personal improvements;Modest house renovations,Personal improvements;Modest house renovations;Structual house changes;Flood insurance;Sandbags;Waterproofing walls & floors;Green garden;Personal improvements;Modest house renovations
4,a805,-25,1000.0,"{'rain_damage': 1, 'river_damage': 1}",4000,Flood insurance,Personal improvements;Modest house renovations;Structual house changes;Flood insurance;Sandbags;Waterproofing walls & floors;Water pump;Flood insurance
4,a806,-23,-13000.0,"{'rain_damage': 1, 'river_damage': 1}",4000,,Personal improvements;Modest house renovations;Structual house changes;Flood insurance;Sandbags;Waterproofing walls & floors;Green garden;Water pump
4,a807,-41,-74000.0,"{'rain_damage': 1, 'river_damage': 1}",16000,,Personal improvements;Modest house renovations;Structual house changes;Sandbags
4,a808,-41,-59000.0,"{'rain_damage': 1, 'river_damage': 1}",16000,,Personal improvements;Modest house renovations;Structual house changes;Sandbags
4,a809,-40,-60000.0,"{'rain_damage': 1, 'river_damage': 1}",16000,,Personal improvements;Modest house renovations;Structual house changes;Flood insurance;Sandbags
4,a810,-40,-90000.0,"{'rain_damage': 1, 'river_damage': 1}",16000,,Personal improvements;Modest house renovations;Structual house changes;Flood insurance;Sandbags
4,a811,-40,-60000.0,"{'rain_damage': 1, 'river_damage': 1}",16000,,Personal improvements;Modest house renovations;Structual house changes;Flood insurance;Sandbags
4,a812,-45,-90000.0,"{'rain_damage': 1, 'river_damage': 1}",20000,,Personal improvements;Modest house renovations;Structual house changes
4,a813,-40,-45000.0,"{'rain_damage': 1, 'river_damage': 1}",16000,,Personal improvements;Modest house renovations;Structual house changes;Flood insurance;Sandbags
4,a814,-45,-104000.0,"{'rain_damage': 1, 'river_damage': 1}",20000,,Personal improvements;Modest house renovations;Flood insurance
4,a815,-35,-26000.0,"{'rain_damage': 1, 'river_damage': 1}",12000,,Personal improvements;Modest house renovations;Structual house changes;Flood insurance;Green garden;Sandbags
4,a816,-40,-25000.0,"{'rain_damage': 1, 'river_damage': 1}",16000,,Personal improvements;Modest house renovations;Structual house changes;Flood insurance;Sandbags
4,a817,-21,1000.0,"{'rain_damage': 1, 'river_damage': 1}",4000,Flood insurance,Personal improvements;Modest house renovations;Structual house changes;Flood insurance;Sandbags;Waterproofing walls & floors;Green garden;Water pump;Flood insurance
4,a818,-45,-90000.0,"{'rain_damage': 1, 'river_damage': 1}",20000,,Personal improvements;Modest house renovations;Structual house changes
4,a819,-31,-23000.0,"{'rain_damage': 1, 'river_damage': 1}",8000,,Personal improvements;Modest house renovations;Structual house changes;Flood insurance;Waterproofing walls & floors;Sandbags
4,a820,1,41000.0,"{'rain_damage': 1, 'river_damage': 1}",0,Personal improvements;Modest house renovations;Structual house changes;Flood insurance,Personal improvements;Modest house renovations;Structual house changes;Flood insurance;Water pump;Sandbags;Waterproofing walls & floors;Green garden;Rain barrel;Self-activating wall;Personal improvements;Modest house renovations;Flood insurance;Personal improvements;Modest house renovations;Structual house changes;Flood insurance;Personal improvements;Modest house renovations;Structual house changes;Flood insurance
4,a821,-35,-26000.0,"{'rain_damage': 1, 'river_damage': 1}",12000,,Personal improvements;Modest house renovations;Structual house changes;Flood insurance;Green garden;Sandbags
4,a822,-40,-25000.0,"{'rain_damage': 1, 'river_damage': 1}",16000,,Personal improvements;Modest house renovations;Structual house changes;Flood insurance;Sandbags
4,a823,-3,7000.0,"{'rain_damage': 1, 'river_damage': 1}",0,Personal improvements;Modest house renovations;Structual house changes;Flood insurance,Personal improvements;Modest house renovations;Structual house changes;Flood insurance;Water pump;Sandbags;Waterproofing walls & floors;Green garden;Rain barrel;Self-activating wall;Flood insurance;Personal improvements;Modest house renovations;Flood insurance;Personal improvements;Modest house renovations;Structual house changes;Flood insurance
4,a824,-31,-23000.0,"{'rain_damage': 1, 'river_damage': 1}",8000,,Personal improvements;Modest house renovations;Structual house changes;Flood insurance;Waterproofing walls & floors;Sandbags
4,a825,-25,1000.0,"{'rain_damage': 1, 'river_damage': 1}",4000,Flood insurance,Personal improvements;Modest house renovations;Structual house changes;Flood insurance;Sandbags;Waterproofing walls & floors;Water pump;Flood insurance
4,a826,-9,1000.0,"{'rain_damage': 1, 'river_damage': 1}",0,Personal improvements;Modest house renovations,Personal improvements;Modest house renovations;Structual house changes;Flood insurance;Sandbags;Waterproofing walls & floors;Green garden;Rain barrel;Water pump;Self-activating wall;Personal improvements;Modest house renovations
4,a827,-35,-71000.0,"{'rain_damage': 1, 'river_damage': 1}",12000,,Personal improvements;Modest house renovations;Structual house changes;Flood insurance;Green garden;Sandbags
4,a828,-40,-45000.0,"{'rain_damage': 1, 'river_damage': 1}",16000,,Personal improvements;Modest house renovations;Structual house changes;Flood insurance;Sandbags
4,a829,1,41000.0,"{'rain_damage': 1, 'river_damage': 1}",0,Personal improvements;Modest house renovations;Structual house changes;Flood insurance,Personal improvements;Modest house renovations;Structual house changes;Flood insurance;Water pump;Sandbags;Waterproofing walls & floors;Green garden;Rain barrel;Self-activating wall;Personal improvements;Modest house renovations;Flood insurance;Personal improvements;Modest house renovations;Structual house changes;Flood insurance;Personal improvements;Modest house renovations;Structual house changes;Flood insurance
4,a830,-17,3000.0,"{'rain_damage': 1, 'river_damage': 1}",4000,Personal improvements;Modest house renovations;Structual house changes;Flood insurance;Water pump,Personal improvements;Modest house renovations;Structual house changes;Flood insurance;Sandbags;Waterproofing walls & floors;Green garden;Flood insurance;Personal improvements;Modest house renovations;Structual house changes;Personal improvements;Modest house renovations;Structual house changes;Flood insurance;Water pump
4,a831,-40,-70000.0,"{'rain_damage': 1, 'river_damage': 1}",16000,,Personal improvements;Modest house renovations;Structual house changes;Flood insurance;Sandbags
4,a832,-40,-70000.0,"{'rain_damage': 1, 'river_damage': 1}",16000,,Personal improvements;Modest house renovations;Structual house changes;Flood insurance;Sandbags
4,a833,-7,3000.0,"{'rain_damage': 1, 'river_damage': 1}",0,Personal improvements;Modest house renovations;Structual house changes,Personal improvements;Modest house renovations;Structual house changes;Flood insurance;Water pump;Sandbags;Waterproofing walls & floors;Green garden;Rain barrel;Self-activating wall;Flood insurance;Personal improvements;Modest house renovations;Structual house changes
4,a834,-41,-88000.0,"{'rain_damage': 1, 'river_damage': 1}",16000,,Personal improvements;Modest house renovations;Flood insurance;Sandbags
4,a835,-39,-29000.0,"{'rain_damage': 1, 'river_damage': 1}",16000,,Personal improvements;Modest house renovations;Structual house changes;Flood insurance;Green garden
4,a836,-26,-39000.0,"{'rain_damage': 1, 'river_damage': 1}",4000,,Personal improvements;Modest house renovations;Structual house changes;Flood insurance;Sandbags;Waterproofing walls & floors;Green garden
4,a837,-41,-59000.0,"{'rain_damage': 1, 'river_damage': 1}",16000,,Personal improvements;Modest house renovations;Structual house changes;Sandbags
4,a838,-24,-3000.0,"{'rain_damage': 1, 'river_damage': 1}",4000,Personal improvements;Modest house renovations,Personal improvements;Modest house renovations;Structual house changes;Flood insurance;Sandbags;Waterproofing walls & floors;Green garden;Personal improvements;Modest house renovations
4,a839,-40,-25000.0,"{'rain_damage': 1, 'river_damage': 1}",16000,,Personal improvements;Modest house renovations;Structual house changes;Flood insurance;Sandbags
4,a840,-40,-90000.0,"{'rain_damage': 1, 'river_damage': 1}",16000,,Personal improvements;Modest house renovations;Structual house changes;Flood insurance;Sandbags
4,a841,-7,3000.0,"{'rain_damage': 1, 'river_damage': 1}",0,Personal improvements;Modest house renovations;Structual house changes,Personal improvements;Modest house renovations;Structual house changes;Flood insurance;Water pump;Sandbags;Waterproofing walls & floors;Green garden;Rain barrel;Self-activating wall;Flood insurance;Personal improvements;Modest house renovations;Structual house changes
4,a842,-45,-106000.0,"{'rain_damage': 1, 'river_damage': 1}",20000,,Personal improvements;Modest house renovations;Flood insurance
4,a843,-17,1000.0,"{'rain_damage': 1, 'river_damage': 1}",4000,Personal improvements;Modest house renovations;Structual house changes;Flood insurance;Green garden,Personal improvements;Modest house renovations;Structual house changes;Flood insurance;Sandbags;Waterproofing walls & floors;Water pump;Flood insurance;Personal improvements;Modest house renovations;Structual house changes;Personal improvements;Modest house renovations;Structual house changes;Flood insurance;Green garden
4,a844,-21,1000.0,"{'rain_damage': 1, 'river_damage': 1}",4000,Flood insurance,Personal improvements;Modest house renovations;Structual house changes;Flood insurance;Sandbags;Waterproofing walls & floors;Green garden;Water pump;Flood insurance
4,a845,-40,-25000.0,"{'rain_damage': 1, 'river_damage': 1}",16000,,Personal improvements;Modest house renovations;Structual house changes;Flood insurance;Sandbags
4,a846,-23,-13000.0,"{'rain_damage': 1, 'river_damage': 1}",4000,,Personal improvements;Modest house renovations;Structual house changes;Flood insurance;Sandbags;Waterproofing walls & floors;Green garden;Water pump
4,a847,-41,-74000.0,"{'rain_damage': 1, 'river_damage': 1}",16000,,Personal improvements;Modest house renovations;Structual house changes;Sandbags
4,a848,-35,-26000.0,"{'rain_damage': 1, 'river_damage': 1}",12000,,Personal improvements;Modest house renovations;Structual house changes;Flood insurance;Green garden;Sandbags
4,a849,-45,-90000.0,"{'rain_damage': 1, 'river_damage': 1}",20000,,Personal improvements;Modest house renovations;Structual house changes
4,a850,-36,-13000.0,"{'rain_damage': 1, 'river_damage': 1}",12000,,Personal improvements;Modest house renovations;Structual house changes;Flood insurance;Sandbags;Water pump
4,a851,-13,-4000.0,"{'rain_damage': 1, 'river_damage': 1}",4000,Personal improvements;Modest house renovations;Structual house changes;Flood insurance;Rain barrel,Personal improvements;Modest house renovations;Structual house changes;Flood insurance;Sandbags;Waterproofing walls & floors;Green garden;Water pump;Flood insurance;Personal improvements;Personal improvements;Modest house renovations;Structual house changes;Personal improvements;Modest house renovations;Structual house changes;Flood insurance;Rain barrel
4,a852,-6,29000.0,"{'rain_damage': 1, 'river_damage': 1}",0,Personal improvements;Modest house renovations;Structual house changes;Flood insurance,Personal improvements;Modest house renovations;Structual house changes;Flood insurance;Sandbags;Waterproofing walls & floors;Green garden;Rain barrel;Water pump;Flood insurance;Personal improvements;Modest house renovations;Structual house changes;Flood insurance;Self-activating wall;Personal improvements;Modest house renovations;Structual house changes;Flood insurance
4,a853,-39,-29000.0,"{'rain_damage': 1, 'river_damage': 1}",16000,,Personal improvements;Modest house renovations;Structual house changes;Flood insurance;Green garden
4,a854,-36,-13000.0,"{'rain_damage': 1, 'river_damage': 1}",12000,,Personal improvements;Modest house renovations;Structual house changes;Flood insurance;Sandbags;Water pump
4,a855,-26,-39000.0,"{'rain_damage': 1, 'river_damage': 1}",4000,,Personal improvements;Modest house renovations;Structual house changes;Flood insurance;Sandbags;Waterproofing walls & floors;Green garden
4,a856,-44,-76000.0,"{'rain_damage': 1, 'river_damage': 1}",20000,,Personal improvements;Modest house renovations;Structual house changes;Flood insurance
4,a857,-35,-26000.0,"{'rain_damage': 1, 'river_damage': 1}",12000,,Personal improvements;Modest house renovations;Structual house changes;Flood insurance;Green garden;Sandbags
4,a858,-17,1000.0,"{'rain_damage': 1, 'river_damage': 1}",4000,Personal improvements;Modest house renovations;Structual house changes;Flood insurance;Green garden,Personal improvements;Modest house renovations;Structual house changes;Flood insurance;Sandbags;Waterproofing walls & floors;Water pump;Flood insurance;Personal improvements;Modest house renovations;Structual house changes;Personal improvements;Modest house renovations;Structual house changes;Flood insurance;Green garden
4,a859,-35,-71000.0,"{'rain_damage': 1, 'river_damage': 1}",12000,,Personal improvements;Modest house renovations;Structual house changes;Flood insurance;Green garden;Sandbags
4,a860,-23,-13000.0,"{'rain_damage': 1, 'river_damage': 1}",4000,,Personal improvements;Modest house renovations;Structual house changes;Flood insurance;Sandbags;Waterproofing walls & floors;Green garden;Water pump
4,a861,-40,-45000.0,"{'rain_damage': 1, 'river_damage': 1}",16000,,Personal improvements;Modest house renovations;Structual house changes;Flood insurance;Sandbags
4,a862,-45,-90000.0,"{'rain_damage': 1, 'river_damage': 1}",20000,,Personal improvements;Modest house renovations;Structual house changes
4,a863,-40,-40000.0,"{'rain_damage': 1, 'river_damage': 1}",16000,,Personal improvements;Modest house renovations;Structual house changes;Flood insurance;Sandbags
4,a864,-13,-4000.0,"{'rain_damage': 1, 'river_damage': 1}",4000,Personal improvements;Modest house renovations;Structual house changes;Flood insurance;Rain barrel,Personal improvements;Modest house renovations;Structual house changes;Flood insurance;Sandbags;Waterproofing walls & floors;Green garden;Water pump;Flood insurance;Personal improvements;Personal improvements;Modest house renovations;Structual house changes;Personal improvements;Modest house renovations;Structual house changes;Flood insurance;Rain barrel
4,a865,-24,-3000.0,"{'rain_damage': 1, 'river_damage': 1}",4000,Personal improvements;Modest house renovations,Personal improvements;Modest house renovations;Structual house changes;Flood insurance;Sandbags;Waterproofing walls & floors;Green garden;Personal improvements;Modest house renovations
4,a866,-40,-70000.0,"{'rain_damage': 1, 'river_damage': 1}",16000,,Personal improvements;Modest house renovations;Structual house changes;Flood insurance;Sandbags
4,a867,-11,1000.0,"{'rain_damage': 1, 'river_damage': 1}",0,Personal improvements;Modest house renovations;Structual house changes,Personal improvements;Modest house renovations;Structual house changes;Flood insurance;Sandbags;Waterproofing walls & floors;Green garden;Water pump;Self-activating wall;Flood insurance;Personal improvements;Modest house renovations;Structual house changes
4,a868,-7,3000.0,"{'rain_damage': 1, 'river_damage': 1}",0,Personal improvements;Modest house renovations;Structual house changes,Personal improvements;Modest house renovations;Structual house changes;Flood insurance;Water pump;Sandbags;Waterproofing walls & floors;Green garden;Rain barrel;Self-activating wall;Flood insurance;Personal improvements;Modest house renovations;Structual house changes
4,a869,-40,-90000.0,"{'rain_damage': 1, 'river_damage': 1}",16000,,Personal improvements;Modest house renovations;Structual house changes;Flood insurance;Sandbags
4,a870,-25,1000.0,"{'rain_damage': 1, 'river_damage': 1}",4000,Flood insurance,Personal improvements;Modest house renovations;Structual house changes;Flood insurance;Sandbags;Waterproofing walls & floors;Water pump;Flood insurance
4,a871,-41,-88000.0,"{'rain_damage': 1, 'river_damage': 1}",16000,,Personal improvements;Modest house renovations;Flood insurance;Sandbags
4,a872,-40,-40000.0,"{'rain_damage': 1, 'river_damage': 1}",16000,,Personal improvements;Modest house renovations;Structual house changes;Flood insurance;Sandbags
4,a873,-41,-59000.0,"{'rain_damage': 1, 'river_damage': 1}",16000,,Personal improvements;Modest house renovations;Structual house changes;Sandbags
4,a874,-40,-70000.0,"{'rain_damage': 1, 'river_damage': 1}",16000,,Personal improvements;Modest house renovations;Structual house changes;Flood insurance;Sandbags
4,a875,-31,-23000.0,"{'rain_damage': 1, 'river_damage': 1}",8000,,Personal improvements;Modest house renovations;Structual house changes;Flood insurance;Waterproofing walls & floors;Sandbags
4,a876,-44,-76000.0,"{'rain_damage': 1, 'river_damage': 1}",20000,,Personal improvements;Modest house renovations;Structual house changes;Flood insurance
4,a877,-21,1000.0,"{'rain_damage': 1, 'river_damage': 1}",4000,Flood insurance,Personal improvements;Modest house renovations;Structual house changes;Flood insurance;Sandbags;Waterproofing walls & floors;Green garden;Water pump;Flood insurance
4,a878,-31,-23000.0,"{'rain_damage': 1, 'river_damage': 1}",8000,,Personal improvements;Modest house renovations;Structual house changes;Flood insurance;Waterproofing walls & floors;Sandbags
4,a879,-44,-76000.0,"{'rain_damage': 1, 'river_damage': 1}",20000,,Personal improvements;Modest house renovations;Structual house changes;Flood insurance
4,a880,-24,-3000.0,"{'rain_damage': 1, 'river_damage': 1}",4000,Personal improvements;Modest house renovations,Personal improvements;Modest house renovations;Structual house changes;Flood insurance;Sandbags;Waterproofing walls & floors;Green garden;Personal improvements;Modest house renovations
4,a881,-6,5000.0,"{'rain_damage': 1, 'river_damage': 1}",0,Personal improvements;Modest house renovations;Structual house changes,Personal improvements;Modest house renovations;Structual house changes;Flood insurance;Water pump;Sandbags;Waterproofing walls & floors;Green garden;Rain barrel;Self-activating wall;Personal improvements;Modest house renovations;Personal improvements;Modest house renovations;Structual house changes
4,a882,-17,6000.0,"{'rain_damage': 1, 'river_damage': 1}",4000,Personal improvements;Modest house renovations;Structual house changes;Flood insurance;Water pump,Personal improvements;Modest house renovations;Structual house changes;Flood insurance;Sandbags;Waterproofing walls & floors;Green garden;Flood insurance;Personal improvements;Modest house renovations;Structual house changes;Personal improvements;Modest house renovations;Structual house changes;Flood insurance;Water pump
4,a883,-23,-13000.0,"{'rain_damage': 1, 'river_damage': 1}",4000,,Personal improvements;Modest house renovations;Structual house changes;Flood insurance;Sandbags;Waterproofing walls & floors;Green garden;Water pump
4,a884,-41,-73000.0,"{'rain_damage': 1, 'river_damage': 1}",16000,,Personal improvements;Modest house renovations;Flood insurance;Sandbags
4,a885,-17,6000.0,"{'rain_damage': 1, 'river_damage': 1}",4000,Personal improvements;Modest house renovations;Structual house changes;Flood insurance;Water pump,Personal improvements;Modest house renovations;Structual house changes;Flood insurance;Sandbags;Waterproofing walls & floors;Green garden;Flood insurance;Personal improvements;Modest house renovations;Structual house changes;Personal improvements;Modest house renovations;Structual house changes;Flood insurance;Water pump
4,a886,-9,1000.0,"{'rain_damage': 1, 'river_damage': 1}",0,Personal improvements;Modest house renovations,Personal improvements;Modest house renovations;Structual house changes;Flood insurance;Sandbags;Waterproofing walls & floors;Green garden;Rain barrel;Water pump;Self-activating wall;Personal improvements;Modest house renovations
4,a887,-6,5000.0,"{'rain_damage': 1, 'river_damage': 1}",0,Personal improvements;Modest house renovations;Structual house changes,Personal improvements;Modest house renovations;Structual house changes;Flood insurance;Water pump;Sandbags;Waterproofing walls & floors;Green garden;Rain barrel;Self-activating wall;Personal improvements;Modest house renovations;Personal improvements;Modest house renovations;Structual house changes
4,a888,-40,-70000.0,"{'rain_damage': 1, 'river_damage': 1}",16000,,Personal improvements;Modest house renovations;Structual house changes;Flood insurance;Sandbags
4,a889,-19,-11000.0,"{'rain_damage': 1, 'river_damage': 1}",4000,,Personal improvements;Modest house renovations;Structual house changes;Flood insurance;Sandbags;Waterproofing walls & floors;Green garden;Rain barrel;Water pump
4,a890,-17,1000.0,"{'rain_damage': 1, 'river_damage': 1}",4000,Personal improvements;Modest house renovations;Structual house changes;Flood insurance;Green garden,Personal improvements;Modest house renovations;Structual house changes;Flood insurance;Sandbags;Waterproofing walls & floors;Water pump;Flood insurance;Personal improvements;Modest house renovations;Structual house changes;Personal improvements;Modest house renovations;Structual house changes;Flood insurance;Green garden
4,a891,-35,-26000.0,"{'rain_damage': 1, 'river_damage': 1}",12000,,Personal improvements;Modest house renovations;Structual house changes;Flood insurance;Green garden;Sandbags
4,a892,-40,-43000.0,"{'rain_damage': 1, 'river_damage': 1}",16000,,Personal improvements;Modest house renovations;Structual house changes;Flood insurance;Sandbags
4,a893,-19,-11000.0,"{'rain_damage': 1, 'river_damage': 1}",4000,,Personal improvements;Modest house renovations;Structual house changes;Flood insurance;Sandbags;Waterproofing walls & floors;Green garden;Rain barrel;Water pump
4,a894,-36,-13000.0,"{'rain_damage': 1, 'river_damage': 1}",12000,,Personal improvements;Modest house renovations;Structual house changes;Flood insurance;Sandbags;Water pump
4,a895,-6,29000.0,"{'rain_damage': 1, 'river_damage': 1}",0,Personal improvements;Modest house renovations;Structual house changes;Flood insurance,Personal improvements;Modest house renovations;Structual house changes;Flood insurance;Sandbags;Waterproofing walls & floors;Green garden;Rain barrel;Water pump;Flood insurance;Personal improvements;Modest house renovations;Structual house changes;Flood insurance;Self-activating wall;Personal improvements;Modest house renovations;Structual house changes;Flood insurance
4,a896,-9,1000.0,"{'rain_damage': 1, 'river_damage': 1}",0,Personal improvements;Modest house renovations,Personal improvements;Modest house renovations;Structual house changes;Flood insurance;Sandbags;Waterproofing walls & floors;Green garden;Rain barrel;Water pump;Self-activating wall;Personal improvements;Modest house renovations
4,a897,-6,29000.0,"{'rain_damage': 1, 'river_damage': 1}",0,Personal improvements;Modest house renovations;Structual house changes;Flood insurance,Personal improvements;Modest house renovations;Structual house changes;Flood insurance;Sandbags;Waterproofing walls & floors;Green garden;Rain barrel;Water pump;Flood insurance;Personal improvements;Modest house renovations;Structual house changes;Flood insurance;Self-activating wall;Personal improvements;Modest house renovations;Structual house changes;Flood insurance
4,a898,-44,-76000.0,"{'rain_damage': 1, 'river_damage': 1}",20000,,Personal improvements;Modest house renovations;Structual house changes;Flood insurance
4,a899,-39,-59000.0,"{'rain_damage': 1, 'river_damage': 1}",16000,,Personal improvements;Modest house renovations;Structual house changes;Flood insurance;Green garden
4,a900,-41,-59000.0,"{'rain_damage': 1, 'river_damage': 1}",16000,,Personal improvements;Modest house renovations;Structual house changes;Sandbags
4,a901,-41,-88000.0,"{'rain_damage': 1, 'river_damage': 1}",16000,,Personal improvements;Modest house renovations;Flood insurance;Sandbags
4,a902,-31,-23000.0,"{'rain_damage': 1, 'river_damage': 1}",8000,,Personal improvements;Modest house renovations;Structual house changes;Flood insurance;Waterproofing walls & floors;Sandbags
4,a903,-35,-71000.0,"{'rain_damage': 1, 'river_damage': 1}",12000,,Personal improvements;Modest house renovations;Structual house changes;Flood insurance;Green garden;Sandbags
4,a904,2,59000.0,"{'rain_damage': 1, 'river_damage': 1}",0,Personal improvements;Modest house renovations;Structual house changes;Flood insurance,Personal improvements;Modest house renovations;Structual house changes;Flood insurance;Water pump;Self-activating wall;Sandbags;Waterproofing walls & floors;Green garden;Rain barrel;Personal improvements;Modest house renovations;Structual house changes;Flood insurance;Personal improvements;Modest house renovations;Structual house changes;Flood insurance;Personal improvements;Modest house renovations;Structual house changes;Flood insurance
4,a905,-45,-104000.0,"{'rain_damage': 1, 'river_damage': 1}",20000,,Personal improvements;Modest house renovations;Flood insurance
4,a906,-36,-13000.0,"{'rain_damage': 1, 'river_damage': 1}",12000,,Personal improvements;Modest house renovations;Structual house changes;Flood insurance;Sandbags;Water pump
4,a907,-39,-29000.0,"{'rain_damage': 1, 'river_damage': 1}",16000,,Personal improvements;Modest house renovations;Structual house changes;Flood insurance;Green garden
4,a908,-9,1000.0,"{'rain_damage': 1, 'river_damage': 1}",0,Personal improvements;Modest house renovations,Personal improvements;Modest house renovations;Structual house changes;Flood insurance;Sandbags;Waterproofing walls & floors;Green garden;Rain barrel;Water pump;Self-activating wall;Personal improvements;Modest house renovations
4,a909,2,59000.0,"{'rain_damage': 1, 'river_damage': 1}",0,Personal improvements;Modest house renovations;Structual house changes;Flood insurance,Personal improvements;Modest house renovations;Structual house changes;Flood insurance;Water pump;Self-activating wall;Sandbags;Waterproofing walls & floors;Green garden;Rain barrel;Personal improvements;Modest house renovations;Structual house changes;Flood insurance;Personal improvements;Modest house renovations;Structual house changes;Flood insurance;Personal improvements;Modest house renovations;Structual house changes;Flood insurance
4,a910,-7,3000.0,"{'rain_damage': 1, 'river_damage': 1}",0,Personal improvements;Modest house renovations;Structual house changes,Personal improvements;Modest house renovations;Structual house changes;Flood insurance;Water pump;Sandbags;Waterproofing walls & floors;Green garden;Rain barrel;Self-activating wall;Flood insurance;Personal improvements;Modest house renovations;Structual house changes
4,a911,-40,-45000.0,"{'rain_damage': 1, 'river_damage': 1}",16000,,Personal improvements;Modest house renovations;Structual house changes;Flood insurance;Sandbags
4,a912,-39,-29000.0,"{'rain_damage': 1, 'river_damage': 1}",16000,,Personal improvements;Modest house renovations;Structual house changes;Flood insurance;Green garden
4,a913,1,41000.0,"{'rain_damage': 1, 'river_damage': 1}",0,Personal improvements;Modest house renovations;Structual house changes;Flood insurance,Personal improvements;Modest house renovations;Structual house changes;Flood insurance;Water pump;Sandbags;Waterproofing walls & floors;Green garden;Rain barrel;Self-activating wall;Personal improvements;Modest house renovations;Flood insurance;Personal improvements;Modest house renovations;Structual house changes;Flood insurance;Personal improvements;Modest house renovations;Structual house changes;Flood insurance
4,a914,-25,1000.0,"{'rain_damage': 1, 'river_damage': 1}",4000,Flood insurance,Personal improvements;Modest house renovations;Structual house changes;Flood insurance;Sandbags;Waterproofing walls & floors;Water pump;Flood insurance
4,a915,-45,-104000.0,"{'rain_damage': 1, 'river_damage': 1}",20000,,Personal improvements;Modest house renovations;Flood insurance
4,a916,-41,-74000.0,"{'rain_damage': 1, 'river_damage': 1}",16000,,Personal improvements;Modest house renovations;Structual house changes;Sandbags
4,a917,-3,7000.0,"{'rain_damage': 1, 'river_damage': 1}",0,Personal improvements;Modest house renovations;Structual house changes;Flood insurance,Personal improvements;Modest house renovations;Structual house changes;Flood insurance;Water pump;Sandbags;Waterproofing walls & floors;Green garden;Rain barrel;Self-activating wall;Flood insurance;Personal improvements;Modest house renovations;Flood insurance;Personal improvements;Modest house renovations;Structual house changes;Flood insurance
4,a918,-45,-106000.0,"{'rain_damage': 1, 'river_damage': 1}",20000,,Personal improvements;Modest house renovations;Flood insurance
4,a919,-25,1000.0,"{'rain_damage': 1, 'river_damage': 1}",4000,Flood insurance,Personal improvements;Modest house renovations;Structual house changes;Flood insurance;Sandbags;Waterproofing walls & floors;Water pump;Flood insurance
4,a920,-13,-4000.0,"{'rain_damage': 1, 'river_damage': 1}",4000,Personal improvements;Modest house renovations;Structual house changes;Flood insurance;Rain barrel,Personal improvements;Modest house renovations;Structual house changes;Flood insurance;Sandbags;Waterproofing walls & floors;Green garden;Water pump;Flood insurance;Personal improvements;Personal improvements;Modest house renovations;Structual house changes;Personal improvements;Modest house renovations;Structual house changes;Flood insurance;Rain barrel
4,a921,-19,-11000.0,"{'rain_damage': 1, 'river_damage': 1}",4000,,Personal improvements;Modest house renovations;Structual house changes;Flood insurance;Sandbags;Waterproofing walls & floors;Green garden;Rain barrel;Water pump
4,a922,-6,5000.0,"{'rain_damage': 1, 'river_damage': 1}",0,Personal improvements;Modest house renovations;Structual house changes,Personal improvements;Modest house renovations;Structual house changes;Flood insurance;Water pump;Sandbags;Waterproofing walls & floors;Green garden;Rain barrel;Self-activating wall;Personal improvements;Modest house renovations;Personal improvements;Modest house renovations;Structual house changes
4,a923,-40,-40000.0,"{'rain_damage': 1, 'river_damage': 1}",16000,,Personal improvements;Modest house renovations;Structual house changes;Flood insurance;Sandbags
4,a924,-41,-74000.0,"{'rain_damage': 1, 'river_damage': 1}",16000,,Personal improvements;Modest house renovations;Structual house changes;Sandbags
4,a925,-7,3000.0,"{'rain_damage': 1, 'river_damage': 1}",0,Personal improvements;Modest house renovations;Structual house changes,Personal improvements;Modest house renovations;Structual house changes;Flood insurance;Water pump;Sandbags;Waterproofing walls & floors;Green garden;Rain barrel;Self-activating wall;Flood insurance;Personal improvements;Modest house renovations;Structual house changes
4,a926,-35,-71000.0,"{'rain_damage': 1, 'river_damage': 1}",12000,,Personal improvements;Modest house renovations;Structual house changes;Flood insurance;Green garden;Sandbags
4,a927,-31,-23000.0,"{'rain_damage': 1, 'river_damage': 1}",8000,,Personal improvements;Modest house renovations;Structual house changes;Flood insurance;Waterproofing walls & floors;Sandbags
4,a928,-45,-104000.0,"{'rain_damage': 1, 'river_damage': 1}",20000,,Personal improvements;Modest house renovations;Flood insurance
4,a929,-9,1000.0,"{'rain_damage': 1, 'river_damage': 1}",0,Personal improvements;Modest house renovations,Personal improvements;Modest house renovations;Structual house changes;Flood insurance;Sandbags;Waterproofing walls & floors;Green garden;Rain barrel;Water pump;Self-activating wall;Personal improvements;Modest house renovations
4,a930,-11,1000.0,"{'rain_damage': 1, 'river_damage': 1}",0,Personal improvements;Modest house renovations;Structual house changes,Personal improvements;Modest house renovations;Structual house changes;Flood insurance;Sandbags;Waterproofing walls & floors;Green garden;Water pump;Self-activating wall;Flood insurance;Personal improvements;Modest house renovations;Structual house changes
4,a931,-40,-45000.0,"{'rain_damage': 1, 'river_damage': 1}",16000,,Personal improvements;Modest house renovations;Structual house changes;Flood insurance;Sandbags
4,a932,-17,1000.0,"{'rain_damage': 1, 'river_damage': 1}",4000,Personal improvements;Modest house renovations;Structual house changes;Flood insurance;Green garden,Personal improvements;Modest house renovations;Structual house changes;Flood insurance;Sandbags;Waterproofing walls & floors;Water pump;Flood insurance;Personal improvements;Modest house renovations;Structual house changes;Personal improvements;Modest house renovations;Structual house changes;Flood insurance;Green garden
4,a933,-45,-104000.0,"{'rain_damage': 1, 'river_damage': 1}",20000,,Personal improvements;Modest house renovations;Flood insurance
4,a934,-23,-13000.0,"{'rain_damage': 1, 'river_damage': 1}",4000,,Personal improvements;Modest house renovations;Structual house changes;Flood insurance;Sandbags;Waterproofing walls & floors;Green garden;Water pump
4,a935,-30,-4000.0,"{'rain_damage': 1, 'river_damage': 1}",8000,Flood insurance,Personal improvements;Modest house renovations;Structual house changes;Flood insurance;Waterproofing walls & floors;Sandbags;Flood insurance
4,a936,-40,-70000.0,"{'rain_damage': 1, 'river_damage': 1}",16000,,Personal improvements;Modest house renovations;Structual house changes;Flood insurance;Sandbags
4,a937,-21,1000.0,"{'rain_damage': 1, 'river_damage': 1}",4000,Flood insurance,Personal improvements;Modest house renovations;Structual house changes;Flood insurance;Sandbags;Waterproofing walls & floors;Green garden;Water pump;Flood insurance
4,a938,1,41000.0,"{'rain_damage': 1, 'river_damage': 1}",0,Personal improvements;Modest house renovations;Structual house changes;Flood insurance,Personal improvements;Modest house renovations;Structual house changes;Flood insurance;Water pump;Sandbags;Waterproofing walls & floors;Green garden;Rain barrel;Self-activating wall;Personal improvements;Modest house renovations;Flood insurance;Personal improvements;Modest house renovations;Structual house changes;Flood insurance;Personal improvements;Modest house renovations;Structual house changes;Flood insurance
4,a939,-36,-13000.0,"{'rain_damage': 1, 'river_damage': 1}",12000,,Personal improvements;Modest house renovations;Structual house changes;Flood insurance;Sandbags;Water pump
4,a940,-19,-11000.0,"{'rain_damage': 1, 'river_damage': 1}",4000,,Personal improvements;Modest house renovations;Structual house changes;Flood insurance;Sandbags;Waterproofing walls & floors;Green garden;Rain barrel;Water pump
4,a941,-19,-3000.0,"{'rain_damage': 1, 'river_damage': 1}",4000,Personal improvements;Modest house renovations;Structual house changes,Personal improvements;Modest house renovations;Structual house changes;Flood insurance;Sandbags;Waterproofing walls & floors;Green garden;Rain barrel;Personal improvements;Modest house renovations;Structual house changes
4,a942,-31,-23000.0,"{'rain_damage': 1, 'river_damage': 1}",8000,,Personal improvements;Modest house renovations;Structual house changes;Flood insurance;Waterproofing walls & floors;Sandbags
4,a943,-41,-59000.0,"{'rain_damage': 1, 'river_damage': 1}",16000,,Personal improvements;Modest house renovations;Structual house changes;Sandbags
4,a944,-3,7000.0,"{'rain_damage': 1, 'river_damage': 1}",0,Personal improvements;Modest house renovations;Structual house changes;Flood insurance,Personal improvements;Modest house renovations;Structual house changes;Flood insurance;Water pump;Sandbags;Waterproofing walls & floors;Green garden;Rain barrel;Self-activating wall;Flood insurance;Personal improvements;Modest house renovations;Flood insurance;Personal improvements;Modest house renovations;Structual house changes;Flood insurance
4,a945,-41,-88000.0,"{'rain_damage': 1, 'river_damage': 1}",16000,,Personal improvements;Modest house renovations;Flood insurance;Sandbags
4,a946,-45,-104000.0,"{'rain_damage': 1, 'river_damage': 1}",20000,,Personal improvements;Modest house renovations;Flood insurance
4,a947,-17,6000.0,"{'rain_damage': 1, 'river_damage': 1}",4000,Personal improvements;Modest house renovations;Structual house changes;Flood insurance;Water pump,Personal improvements;Modest house renovations;Structual house changes;Flood insurance;Sandbags;Waterproofing walls & floors;Green garden;Flood insurance;Personal improvements;Modest house renovations;Structual house changes;Personal improvements;Modest house renovations;Structual house changes;Flood insurance;Water pump
4,a948,-40,-60000.0,"{'rain_damage': 1, 'river_damage': 1}",16000,,Personal improvements;Modest house renovations;Structual house changes;Flood insurance;Sandbags
4,a949,-31,-43000.0,"{'rain_damage': 1, 'river_damage': 1}",8000,,Personal improvements;Modest house renovations;Structual house changes;Flood insurance;Waterproofing walls & floors;Sandbags
4,a950,-9,1000.0,"{'rain_damage': 1, 'river_damage': 1}",0,Personal improvements;Modest house renovations,Personal improvements;Modest house renovations;Structual house changes;Flood insurance;Sandbags;Waterproofing walls & floors;Green garden;Rain barrel;Water pump;Self-activating wall;Personal improvements;Modest house renovations
4,a951,-40,-60000.0,"{'rain_damage': 1, 'river_damage': 1}",16000,,Personal improvements;Modest house renovations;Structual house changes;Flood insurance;Sandbags
4,a952,-40,-25000.0,"{'rain_damage': 1, 'river_damage': 1}",16000,,Personal improvements;Modest house renovations;Structual house changes;Flood insurance;Sandbags
4,a953,-6,29000.0,"{'rain_damage': 1, 'river_damage': 1}",0,Personal improvements;Modest house renovations;Structual house changes;Flood insurance,Personal improvements;Modest house renovations;Structual house changes;Flood insurance;Sandbags;Waterproofing walls & floors;Green garden;Rain barrel;Water pump;Flood insurance;Personal improvements;Modest house renovations;Structual house changes;Flood insurance;Self-activating wall;Personal improvements;Modest house renovations;Structual house changes;Flood insurance
4,a954,-41,-88000.0,"{'rain_damage': 1, 'river_damage': 1}",16000,,Personal improvements;Modest house renovations;Flood insurance;Sandbags
4,a955,-40,-40000.0,"{'rain_damage': 1, 'river_damage': 1}",16000,,Personal improvements;Modest house renovations;Structual house changes;Flood insurance;Sandbags
4,a956,-41,-74000.0,"{'rain_damage': 1, 'river_damage': 1}",16000,,Personal improvements;Modest house renovations;Structual house changes;Sandbags
4,a957,-41,-59000.0,"{'rain_damage': 1, 'river_damage': 1}",16000,,Personal improvements;Modest house renovations;Structual house changes;Sandbags
4,a958,-45,-106000.0,"{'rain_damage': 1, 'river_damage': 1}",20000,,Personal improvements;Modest house renovations;Flood insurance
4,a959,-19,-3000.0,"{'rain_damage': 1, 'river_damage': 1}",4000,Personal improvements;Modest house renovations;Structual house changes,Personal improvements;Modest house renovations;Structual house changes;Flood insurance;Sandbags;Waterproofing walls & floors;Green garden;Rain barrel;Personal improvements;Modest house renovations;Structual house changes
4,a960,-23,-13000.0,"{'rain_damage': 1, 'river_damage': 1}",4000,,Personal improvements;Modest house renovations;Structual house changes;Flood insurance;Sandbags;Waterproofing walls & floors;Green garden;Water pump
4,a961,-25,1000.0,"{'rain_damage': 1, 'river_damage': 1}",4000,Flood insurance,Personal improvements;Modest house renovations;Structual house changes;Flood insurance;Sandbags;Waterproofing walls & floors;Water pump;Flood insurance
4,a962,-41,-73000.0,"{'rain_damage': 1, 'river_damage': 1}",16000,,Personal improvements;Modest house renovations;Flood insurance;Sandbags
4,a963,-23,-13000.0,"{'rain_damage': 1, 'river_damage': 1}",4000,,Personal improvements;Modest house renovations;Structual house changes;Flood insurance;Sandbags;Waterproofing walls & floors;Green garden;Water pump
4,a964,-45,-104000.0,"{'rain_damage': 1, 'river_damage': 1}",20000,,Personal improvements;Modest house renovations;Flood insurance
4,a965,-6,5000.0,"{'rain_damage': 1, 'river_damage': 1}",0,Personal improvements;Modest house renovations;Structual house changes,Personal improvements;Modest house renovations;Structual house changes;Flood insurance;Water pump;Sandbags;Waterproofing walls & floors;Green garden;Rain barrel;Self-activating wall;Personal improvements;Modest house renovations;Personal improvements;Modest house renovations;Structual house changes
4,a966,-17,1000.0,"{'rain_damage': 1, 'river_damage': 1}",4000,Personal improvements;Modest house renovations;Structual house changes;Flood insurance;Green garden,Personal improvements;Modest house renovations;Structual house changes;Flood insurance;Sandbags;Waterproofing walls & floors;Water pump;Flood insurance;Personal improvements;Modest house renovations;Structual house changes;Personal improvements;Modest house renovations;Structual house changes;Flood insurance;Green garden
4,a967,-11,1000.0,"{'rain_damage': 1, 'river_damage': 1}",0,Personal improvements;Modest house renovations;Structual house changes,Personal improvements;Modest house renovations;Structual house changes;Flood insurance;Sandbags;Waterproofing walls & floors;Green garden;Water pump;Self-activating wall;Flood insurance;Personal improvements;Modest house renovations;Structual house changes
4,a968,-3,7000.0,"{'rain_damage': 1, 'river_damage': 1}",0,Personal improvements;Modest house renovations;Structual house changes;Flood insurance,Personal improvements;Modest house renovations;Structual house changes;Flood insurance;Water pump;Sandbags;Waterproofing walls & floors;Green garden;Rain barrel;Self-activating wall;Flood insurance;Personal improvements;Modest house renovations;Flood insurance;Personal improvements;Modest house renovations;Structual house changes;Flood insurance
4,a969,-25,1000.0,"{'rain_damage': 1, 'river_damage': 1}",4000,Flood insurance,Personal improvements;Modest house renovations;Structual house changes;Flood insurance;Sandbags;Waterproofing walls & floors;Water pump;Flood insurance
4,a970,-31,-23000.0,"{'rain_damage': 1, 'river_damage': 1}",8000,,Personal improvements;Modest house renovations;Structual house changes;Flood insurance;Waterproofing walls & floors;Sandbags
4,a971,-39,-59000.0,"{'rain_damage': 1, 'river_damage': 1}",16000,,Personal improvements;Modest house renovations;Structual house changes;Flood insurance;Green garden
4,a972,-17,6000.0,"{'rain_damage': 1, 'river_damage': 1}",4000,Personal improvements;Modest house renovations;Structual house changes;Flood insurance;Water pump,Personal improvements;Modest house renovations;Structual house changes;Flood insurance;Sandbags;Waterproofing walls & floors;Green garden;Flood insurance;Personal improvements;Modest house renovations;Structual house changes;Personal improvements;Modest house renovations;Structual house changes;Flood insurance;Water pump
4,a973,-6,5000.0,"{'rain_damage': 1, 'river_damage': 1}",0,Personal improvements;Modest house renovations;Structual house changes,Personal improvements;Modest house renovations;Structual house changes;Flood insurance;Water pump;Sandbags;Waterproofing walls & floors;Green garden;Rain barrel;Self-activating wall;Personal improvements;Modest house renovations;Personal improvements;Modest house renovations;Structual house changes
4,a974,-45,-106000.0,"{'rain_damage': 1, 'river_damage': 1}",20000,,Personal improvements;Modest house renovations;Flood insurance
4,a975,-45,-106000.0,"{'rain_damage': 1, 'river_damage': 1}",20000,,Personal improvements;Modest house renovations;Flood insurance
4,a976,-6,29000.0,"{'rain_damage': 1, 'river_damage': 1}",0,Personal improvements;Modest house renovations;Structual house changes;Flood insurance,Personal improvements;Modest house renovations;Structual house changes;Flood insurance;Sandbags;Waterproofing walls & floors;Green garden;Rain barrel;Water pump;Flood insurance;Personal improvements;Modest house renovations;Structual house changes;Flood insurance;Self-activating wall;Personal improvements;Modest house renovations;Structual house changes;Flood insurance
4,a977,-40,-25000.0,"{'rain_damage': 1, 'river_damage': 1}",16000,,Personal improvements;Modest house renovations;Structual house changes;Flood insurance;Sandbags
4,a978,-45,-90000.0,"{'rain_damage': 1, 'river_damage': 1}",20000,,Personal improvements;Modest house renovations;Structual house changes
4,a979,-40,-40000.0,"{'rain_damage': 1, 'river_damage': 1}",16000,,Personal improvements;Modest house renovations;Structual house changes;Flood insurance;Sandbags
4,a980,-40,-60000.0,"{'rain_damage': 1, 'river_damage': 1}",16000,,Personal improvements;Modest house renovations;Structual house changes;Flood insurance;Sandbags
4,a981,-40,-40000.0,"{'rain_damage': 1, 'river_damage': 1}",16000,,Personal improvements;Modest house renovations;Structual house changes;Flood insurance;Sandbags
4,a982,-11,1000.0,"{'rain_damage': 1, 'river_damage': 1}",0,Personal improvements;Modest house renovations;Structual house changes,Personal improvements;Modest house renovations;Structual house changes;Flood insurance;Sandbags;Waterproofing walls & floors;Green garden;Water pump;Self-activating wall;Flood insurance;Personal improvements;Modest house renovations;Structual house changes
4,a983,-40,-60000.0,"{'rain_damage': 1, 'river_damage': 1}",16000,,Personal improvements;Modest house renovations;Structual house changes;Flood insurance;Sandbags
4,a984,-39,-59000.0,"{'rain_damage': 1, 'river_damage': 1}",16000,,Personal improvements;Modest house renovations;Structual house changes;Flood insurance;Green garden
4,a985,-40,-60000.0,"{'rain_damage': 1, 'river_damage': 1}",16000,,Personal improvements;Modest house renovations;Structual house changes;Flood insurance;Sandbags
4,a986,-35,-71000.0,"{'rain_damage': 1, 'river_damage': 1}",12000,,Personal improvements;Modest house renovations;Structual house changes;Flood insurance;Green garden;Sandbags
4,a987,-41,-73000.0,"{'rain_damage': 1, 'river_damage': 1}",16000,,Personal improvements;Modest house renovations;Flood insurance;Sandbags
4,a988,-23,-13000.0,"{'rain_damage': 1, 'river_damage': 1}",4000,,Personal improvements;Modest house renovations;Structual house changes;Flood insurance;Sandbags;Waterproofing walls & floors;Green garden;Water pump
4,a989,-13,-4000.0,"{'rain_damage': 1, 'river_damage': 1}",4000,Personal improvements;Modest house renovations;Structual house changes;Flood insurance;Rain barrel,Personal improvements;Modest house renovations;Structual house changes;Flood insurance;Sandbags;Waterproofing walls & floors;Green garden;Water pump;Flood insurance;Personal improvements;Personal improvements;Modest house renovations;Structual house changes;Personal improvements;Modest house renovations;Structual house changes;Flood insurance;Rain barrel
4,a990,-19,-3000.0,"{'rain_damage': 1, 'river_damage': 1}",4000,Personal improvements;Modest house renovations;Structual house changes,Personal improvements;Modest house renovations;Structual house changes;Flood insurance;Sandbags;Waterproofing walls & floors;Green garden;Rain barrel;Personal improvements;Modest house renovations;Structual house changes
4,a991,-45,-106000.0,"{'rain_damage': 1, 'river_damage': 1}",20000,,Personal improvements;Modest house renovations;Flood insurance
4,a992,-40,-25000.0,"{'rain_damage': 1, 'river_damage': 1}",16000,,Personal improvements;Modest house renovations;Structual house changes;Flood insurance;Sandbags
4,a993,-6,29000.0,"{'rain_damage': 1, 'river_damage': 1}",0,Personal improvements;Modest house renovations;Structual house changes;Flood insurance,Personal improvements;Modest house renovations;Structual house changes;Flood insurance;Sandbags;Waterproofing walls & floors;Green garden;Rain barrel;Water pump;Flood insurance;Personal improvements;Modest house renovations;Structual house changes;Flood insurance;Self-activating wall;Personal improvements;Modest house renovations;Structual house changes;Flood insurance
4,a994,-26,-39000.0,"{'rain_damage': 1, 'river_damage': 1}",4000,,Personal improvements;Modest house renovations;Structual house changes;Flood insurance;Sandbags;Waterproofing walls & floors;Green garden
4,a995,-30,-4000.0,"{'rain_damage': 1, 'river_damage': 1}",8000,Flood insurance,Personal improvements;Modest house renovations;Structual house changes;Flood insurance;Waterproofing walls & floors;Sandbags;Flood insurance
4,a996,-40,-43000.0,"{'rain_damage': 1, 'river_damage': 1}",16000,,Personal improvements;Modest house renovations;Structual house changes;Flood insurance;Sandbags
4,a997,-40,-25000.0,"{'rain_damage': 1, 'river_damage': 1}",16000,,Personal improvements;Modest house renovations;Structual house changes;Flood insurance;Sandbags
4,a998,-6,29000.0,"{'rain_damage': 1, 'river_damage': 1}",0,Personal improvements;Modest house renovations;Structual house changes;Flood insurance,Personal improvements;Modest house renovations;Structual house changes;Flood insurance;Sandbags;Waterproofing walls & floors;Green garden;Rain barrel;Water pump;Flood insurance;Personal improvements;Modest house renovations;Structual house changes;Flood insurance;Self-activating wall;Personal improvements;Modest house renovations;Structual house changes;Flood insurance
4,a999,-39,-29000.0,"{'rain_damage': 1, 'river_damage': 1}",16000,,Personal improvements;Modest house renovations;Structual house changes;Flood insurance;Green garden
4,a1000,-41,-74000.0,"{'rain_damage': 1, 'river_damage': 1}",16000,,Personal improvements;Modest house renovations;Structual house changes;Sandbags
